date,state,state_abbrev,confirmed,confirmed_cum,deaths,deaths_cum,tests,tests_cum,positives,positives_cum,recovered,recovered_cum
2020-11-24,łódzkie,LD,561,561,39,39,3067,3067,658,658,0,0
2020-11-25,łódzkie,LD,1007,1568,60,99,3813,6880,1089,1747,0,0
2020-11-26,łódzkie,LD,1106,2674,37,136,4195,11075,1208,2955,0,0
2020-11-27,łódzkie,LD,1002,3676,43,179,4490,15565,1120,4075,0,0
2020-11-28,łódzkie,LD,655,4331,60,239,3670,19235,765,4840,0,0
2020-11-29,łódzkie,LD,839,5170,37,276,2768,22003,895,5735,0,0
2020-11-30,łódzkie,LD,376,5546,10,286,1873,23876,416,6151,0,0
2020-12-01,łódzkie,LD,613,6159,21,307,3770,27646,767,6918,0,0
2020-12-02,łódzkie,LD,1011,7170,31,338,4266,31912,1109,8027,0,0
2020-12-03,łódzkie,LD,892,8062,41,379,3646,35558,987,9014,0,0
2020-12-04,łódzkie,LD,918,8980,48,427,3906,39464,1018,10032,0,0
2020-12-05,łódzkie,LD,895,9875,44,471,4115,43579,999,11031,0,0
2020-12-06,łódzkie,LD,558,10433,7,478,2616,46195,630,11661,0,0
2020-12-07,łódzkie,LD,238,10671,8,486,1152,47347,258,11919,0,0
2020-12-08,łódzkie,LD,565,11236,35,521,3606,50953,744,12663,0,0
2020-12-09,łódzkie,LD,822,12058,64,585,3835,54788,912,13575,0,0
2020-12-10,łódzkie,LD,867,12925,67,652,3922,58710,959,14534,0,0
2020-12-11,łódzkie,LD,846,13771,41,693,3533,62243,927,15461,0,0
2020-12-12,łódzkie,LD,695,14466,35,728,3358,65601,777,16238,0,0
2020-12-13,łódzkie,LD,576,15042,1,729,2422,68023,625,16863,0,0
2020-12-14,łódzkie,LD,195,15237,0,729,1485,69508,245,17108,0,0
2020-12-15,łódzkie,LD,451,15688,26,755,3195,72703,564,17672,0,0
2020-12-16,łódzkie,LD,945,16633,68,823,4051,76754,1028,18700,0,0
2020-12-17,łódzkie,LD,776,17409,27,850,3625,80379,853,19553,0,0
2020-12-18,łódzkie,LD,659,18068,34,884,3379,83758,729,20282,0,0
2020-12-19,łódzkie,LD,767,18835,32,916,3528,87286,846,21128,0,0
2020-12-20,łódzkie,LD,449,19284,9,925,1970,89256,481,21609,0,0
2020-12-21,łódzkie,LD,271,19555,2,927,1139,90395,304,21913,0,0
2020-12-22,łódzkie,LD,459,20014,22,949,2687,93082,546,22459,0,0
2020-12-23,łódzkie,LD,864,20878,25,974,3519,96601,929,23388,0,0
2020-12-24,łódzkie,LD,950,21828,51,1025,3741,100342,1059,24447,617,617
2020-12-25,łódzkie,LD,739,22567,10,1035,2570,102912,775,25222,819,1436
2020-12-26,łódzkie,LD,280,22847,0,1035,1148,104060,309,25531,710,2146
2020-12-27,łódzkie,LD,199,23046,2,1037,1196,105256,243,25774,609,2755
2020-12-28,łódzkie,LD,199,23245,0,1037,1126,106382,238,26012,752,3507
2020-12-29,łódzkie,LD,671,23916,15,1052,3456,109838,772,26784,539,4046
2020-12-30,łódzkie,LD,801,24717,36,1088,3462,113300,887,27671,340,4386
2020-12-31,łódzkie,LD,703,25420,23,1111,3162,116462,761,28432,584,4970
2021-01-01,łódzkie,LD,704,26124,25,1136,2841,119303,770,29202,968,5938
2021-01-02,łódzkie,LD,604,26728,4,1140,2293,121596,633,29835,774,6712
2021-01-03,łódzkie,LD,291,27019,0,1140,1810,123406,341,30176,587,7299
2021-01-04,łódzkie,LD,287,27306,0,1140,1628,125034,337,30513,324,7623
2021-01-05,łódzkie,LD,487,27793,21,1161,3318,128352,573,31086,322,7945
2021-01-06,łódzkie,LD,1058,28851,125,1286,4661,133013,1136,32222,287,8232
2021-01-08,łódzkie,LD,546,29397,50,1336,3356,136369,657,32879,838,9070
2021-01-09,łódzkie,LD,702,30099,29,1365,4094,140463,788,33667,754,9824
2021-01-10,łódzkie,LD,573,30672,7,1372,2735,143198,607,34274,599,10423
2021-01-11,łódzkie,LD,218,30890,2,1374,1587,144785,266,34540,558,10981
2021-01-12,łódzkie,LD,285,31175,28,1402,3660,148445,362,34902,392,11373
2021-01-13,łódzkie,LD,567,31742,43,1445,5172,153617,628,35530,326,11699
2021-01-14,łódzkie,LD,554,32296,35,1480,5532,159149,601,36131,752,12451
2021-01-15,łódzkie,LD,495,32791,37,1517,4855,164004,535,36666,814,13265
2021-01-16,łódzkie,LD,415,33206,34,1551,4385,168389,451,37117,627,13892
2021-01-17,łódzkie,LD,351,33557,5,1556,2750,171139,376,37493,551,14443
2021-01-18,łódzkie,LD,97,33654,2,1558,1092,172231,121,37614,720,15163
2021-01-19,łódzkie,LD,275,33929,28,1586,2920,175151,324,37938,599,15762
2021-01-20,łódzkie,LD,393,34322,41,1627,3219,178370,435,38373,229,15991
2021-01-21,łódzkie,LD,410,34732,44,1671,3502,181872,474,38847,452,16443
2021-01-22,łódzkie,LD,351,35083,23,1694,2666,184538,404,39251,537,16980
2021-01-23,łódzkie,LD,348,35431,26,1720,2952,187490,384,39635,650,17630
2021-01-24,łódzkie,LD,283,35714,4,1724,1981,189471,304,39939,437,18067
2021-01-25,łódzkie,LD,118,35832,0,1724,1097,190568,135,40074,456,18523
2021-01-26,łódzkie,LD,256,36088,13,1737,2830,193398,302,40376,347,18870
2021-01-27,łódzkie,LD,392,36480,32,1769,3367,196765,435,40811,133,19003
2021-01-28,łódzkie,LD,391,36871,31,1800,3086,199851,451,41262,288,19291
2021-01-29,łódzkie,LD,309,37180,33,1833,2516,202367,342,41604,376,19667
2021-01-30,łódzkie,LD,335,37515,14,1847,2839,205206,382,41986,459,20126
2021-01-31,łódzkie,LD,203,37718,4,1851,1867,207073,225,42211,315,20441
2021-02-01,łódzkie,LD,113,37831,0,1851,1275,208348,147,42358,364,20805
2021-02-02,łódzkie,LD,238,38069,18,1869,3222,211570,305,42663,299,21104
2021-02-03,łódzkie,LD,393,38462,53,1922,3182,214752,446,43109,137,21241
2021-02-04,łódzkie,LD,283,38745,28,1950,2879,217631,332,43441,273,21514
2021-02-05,łódzkie,LD,353,39098,19,1969,2972,220603,395,43836,430,21944
2021-02-06,łódzkie,LD,319,39417,14,1983,2993,223596,364,44200,391,22335
2021-02-07,łódzkie,LD,200,39617,3,1986,1902,225498,224,44424,297,22632
2021-02-08,łódzkie,LD,84,39701,0,1986,1073,226571,98,44522,325,22957
2021-02-09,łódzkie,LD,179,39880,16,2002,2991,229562,239,44761,214,23171
2021-02-10,łódzkie,LD,374,40254,29,2031,3406,232968,415,45176,147,23318
2021-02-11,łódzkie,LD,416,40670,28,2059,3156,236124,460,45636,285,23603
2021-02-12,łódzkie,LD,248,40918,18,2077,2569,238693,297,45933,375,23978
2021-02-13,łódzkie,LD,311,41229,13,2090,3122,241815,342,46275,313,24291
2021-02-14,łódzkie,LD,231,41460,3,2093,1980,243795,250,46525,343,24634
2021-02-15,łódzkie,LD,74,41534,0,2093,1205,245000,85,46610,310,24944
2021-02-16,łódzkie,LD,355,41889,16,2109,3260,248260,399,47009,230,25174
2021-02-17,łódzkie,LD,478,42367,14,2123,3440,251700,523,47532,105,25279
2021-02-18,łódzkie,LD,311,42678,14,2137,2953,254653,348,47880,224,25503
2021-02-19,łódzkie,LD,495,43173,22,2159,3220,257873,535,48415,384,25887
2021-02-20,łódzkie,LD,446,43619,11,2170,3172,261045,479,48894,434,26321
2021-02-21,łódzkie,LD,264,43883,10,2180,2012,263057,294,49188,258,26579
2021-02-22,łódzkie,LD,138,44021,0,2180,1342,264399,160,49348,325,26904
2021-02-23,łódzkie,LD,401,44422,9,2189,2974,267373,447,49795,243,27147
2021-02-24,łódzkie,LD,639,45061,13,2202,4035,271408,685,50480,93,27240
2021-02-25,łódzkie,LD,511,45572,31,2233,3477,274885,570,51050,350,27590
2021-02-26,łódzkie,LD,511,46083,10,2243,3116,278001,548,51598,443,28033
2021-02-27,łódzkie,LD,710,46793,15,2258,3643,281644,751,52349,377,28410
2021-02-28,łódzkie,LD,368,47161,2,2260,2015,283659,392,52741,454,28864
2021-03-01,łódzkie,LD,186,47347,0,2260,1452,285111,212,52953,466,29330
2021-03-02,łódzkie,LD,443,47790,11,2271,3446,288557,501,53454,281,29611
2021-03-03,łódzkie,LD,960,48750,24,2295,4287,292844,1010,54464,175,29786
2021-03-04,łódzkie,LD,792,49542,8,2303,3993,296837,831,55295,435,30221
2021-03-05,łódzkie,LD,700,50242,16,2319,3418,300255,747,56042,551,30772
2021-03-06,łódzkie,LD,736,50978,16,2335,3925,304180,788,56830,576,31348
2021-03-07,łódzkie,LD,576,51554,3,2338,2999,307179,619,57449,519,31867
2021-03-08,łódzkie,LD,235,51789,0,2338,1540,308719,277,57726,633,32500
2021-03-09,łódzkie,LD,621,52410,10,2348,4068,312787,695,58421,413,32913
2021-03-10,łódzkie,LD,1021,53431,19,2367,4564,317351,1069,59490,224,33137
2021-03-11,łódzkie,LD,1067,54498,19,2386,4725,322076,1125,60615,544,33681
2021-03-12,łódzkie,LD,867,55365,22,2408,3744,325820,918,61533,834,34515
2021-03-13,łódzkie,LD,1185,56550,20,2428,4642,330462,1244,62777,797,35312
2021-03-14,łódzkie,LD,782,57332,6,2434,2944,333406,820,63597,620,35932
2021-03-15,łódzkie,LD,456,57788,0,2434,2160,335566,512,64109,743,36675
2021-03-16,łódzkie,LD,1063,58851,14,2448,4849,340415,1140,65249,612,37287
2021-03-17,łódzkie,LD,1466,60317,29,2477,5378,345793,1547,66796,293,37580
2021-03-18,łódzkie,LD,1348,61665,25,2502,4784,350577,1418,68214,735,38315
2021-03-19,łódzkie,LD,1359,63024,26,2528,5140,355717,1432,69646,976,39291
2021-03-20,łódzkie,LD,1419,64443,15,2543,5325,361042,1488,71134,1073,40364
2021-03-21,łódzkie,LD,1109,65552,8,2551,3799,364841,1172,72306,882,41246
2021-03-22,łódzkie,LD,861,66413,2,2553,3282,368123,989,73295,1038,42284
2021-03-23,łódzkie,LD,1111,67524,24,2577,5161,373284,1282,74577,897,43181
2021-03-24,łódzkie,LD,1934,69458,22,2599,6411,379695,2044,76621,539,43720
2021-03-25,łódzkie,LD,2107,71565,33,2632,6851,386546,2213,78834,1097,44817
2021-03-26,łódzkie,LD,1871,73436,31,2663,6991,393537,1981,80815,1401,46218
2021-03-27,łódzkie,LD,1694,75130,23,2686,6316,399853,1789,82604,1438,47656
2021-03-28,łódzkie,LD,1580,76710,10,2696,5071,404924,1663,84267,1194,48850
2021-03-29,łódzkie,LD,928,77638,0,2696,3041,407965,981,85248,1400,50250
2021-03-30,łódzkie,LD,1290,78928,25,2721,5962,413927,1381,86629,1477,51727
2021-03-31,łódzkie,LD,1832,80760,46,2767,6904,420831,1931,88560,600,52327
2021-04-01,łódzkie,LD,2120,82880,43,2810,7236,428067,2219,90779,1544,53871
2021-04-02,łódzkie,LD,1878,84758,30,2840,6353,434420,2008,92787,1884,55755
2021-04-03,łódzkie,LD,1548,86306,68,2908,5553,439973,1631,94418,1960,57715
2021-04-04,łódzkie,LD,1378,87684,5,2913,4323,444296,1436,95854,1843,59558
2021-04-05,łódzkie,LD,836,88520,0,2913,2908,447204,890,96744,1708,61266
2021-04-06,łódzkie,LD,495,89015,2,2915,2277,449481,529,97273,1618,62884
2021-04-07,łódzkie,LD,1093,90108,20,2935,6138,455619,1214,98487,1122,64006
2021-04-08,łódzkie,LD,1908,92016,63,2998,7325,462944,2009,100496,1493,65499
2021-04-09,łódzkie,LD,2138,94154,52,3050,7479,470423,2224,102720,1876,67375
2021-04-10,łódzkie,LD,1671,95825,61,3111,6978,477401,1805,104525,2337,69712
2021-04-11,łódzkie,LD,1676,97501,16,3127,6246,483647,1802,106327,1487,71199
2021-04-12,łódzkie,LD,722,98223,10,3137,3164,486811,791,107118,1568,72767
2021-04-13,łódzkie,LD,1073,99296,38,3175,5935,492746,1200,108318,1449,74216
2021-04-14,łódzkie,LD,1635,100931,40,3215,7273,500019,1728,110046,842,75058
2021-04-15,łódzkie,LD,1298,102229,63,3278,5921,505940,1424,111470,659,75717
2021-04-16,łódzkie,LD,1386,103615,41,3319,6767,512707,1515,112985,1444,77161
2021-04-17,łódzkie,LD,1095,104710,32,3351,6326,519033,1192,114177,2035,79196
2021-04-18,łódzkie,LD,861,105571,5,3356,3754,522787,958,115135,1916,81112
2021-04-19,łódzkie,LD,412,105983,1,3357,2456,525243,479,115614,1563,82675
2021-04-20,łódzkie,LD,713,106696,38,3395,5354,530597,814,116428,1619,84294
2021-04-21,łódzkie,LD,1051,107747,61,3456,5747,536344,1177,117605,697,84991
2021-04-22,łódzkie,LD,899,108646,67,3523,5019,541363,990,118595,1289,86280
2021-04-23,łódzkie,LD,745,109391,41,3564,4073,545436,832,119427,1579,87859
2021-04-24,łódzkie,LD,691,110082,31,3595,5335,550771,774,120201,1518,89377
2021-04-25,łódzkie,LD,496,110578,19,3614,3177,553948,560,120761,1200,90577
2021-04-26,łódzkie,LD,247,110825,1,3615,2060,556008,278,121039,1086,91663
2021-04-27,łódzkie,LD,592,111417,29,3644,4856,560864,650,121689,940,92603
2021-04-28,łódzkie,LD,670,112087,45,3689,5578,566442,792,122481,519,93122
2021-04-29,łódzkie,LD,561,112648,58,3747,4556,570998,616,123097,844,93966
2021-04-30,łódzkie,LD,522,113170,32,3779,4108,575106,575,123672,961,94927
2021-05-01,łódzkie,LD,459,113629,37,3816,4561,579667,584,124256,1060,95987
2021-05-02,łódzkie,LD,235,113864,8,3824,2242,581909,273,124529,758,96745
2021-05-03,łódzkie,LD,239,114103,2,3826,1983,583892,276,124805,678,97423
2021-05-04,łódzkie,LD,184,114287,1,3827,2164,586056,216,125021,490,97913
2021-05-05,łódzkie,LD,371,114658,17,3844,4327,590383,425,125446,339,98252
2021-05-06,łódzkie,LD,458,115116,39,3883,4635,595018,515,125961,648,98900
2021-05-07,łódzkie,LD,528,115644,48,3931,4992,600010,572,126533,697,99597
2021-05-08,łódzkie,LD,326,115970,24,3955,4319,604329,377,126910,607,100204
2021-05-09,łódzkie,LD,297,116267,4,3959,3785,608114,318,127228,493,100697
2021-05-10,łódzkie,LD,162,116429,1,3960,2304,610418,174,127402,479,101176
2021-05-11,łódzkie,LD,296,116725,32,3992,4911,615329,348,127750,268,101444
2021-05-12,łódzkie,LD,328,117053,27,4019,4695,620024,375,128125,281,101725
2021-05-13,łódzkie,LD,307,117360,25,4044,4256,624280,336,128461,222,101947
2021-05-14,łódzkie,LD,240,117600,21,4065,4483,628763,286,128747,418,102365
2021-05-15,łódzkie,LD,242,117842,20,4085,3788,632551,274,129021,529,102894
2021-05-16,łódzkie,LD,161,118003,4,4089,3093,635644,177,129198,476,103370
2021-05-17,łódzkie,LD,66,118069,0,4089,1784,637428,82,129280,368,103738
2021-05-18,łódzkie,LD,159,118228,18,4107,4691,642119,194,129474,287,104025
2021-05-19,łódzkie,LD,196,118424,14,4121,4485,646604,234,129708,168,104193
2021-05-20,łódzkie,LD,146,118570,21,4142,4066,650670,170,129878,329,104522
2021-05-21,łódzkie,LD,135,118705,12,4154,3921,654591,165,130043,339,104861
2021-05-22,łódzkie,LD,122,118827,9,4163,4423,659014,155,130198,341,105202
2021-05-23,łódzkie,LD,95,118922,1,4164,2791,661805,117,130315,249,105451
2021-05-24,łódzkie,LD,48,118970,0,4164,2134,663939,67,130382,247,105698
2021-05-25,łódzkie,LD,83,119053,12,4176,4610,668549,125,130507,179,105877
2021-05-26,łódzkie,LD,92,119145,20,4196,4545,673094,122,130629,95,105972
2021-05-27,łódzkie,LD,106,119251,9,4205,4638,677732,145,130774,180,106152
2021-05-28,łódzkie,LD,71,119322,6,4211,3951,681683,101,130875,219,106371
2021-05-29,łódzkie,LD,52,119374,9,4220,4382,686065,117,130992,172,106543
2021-05-30,łódzkie,LD,47,119421,0,4220,3034,689099,60,131052,134,106677
2021-05-31,łódzkie,LD,24,119445,0,4220,2074,691173,42,131094,130,106807
2021-06-01,łódzkie,LD,59,119504,12,4232,4463,695636,119,131213,105,106912
2021-06-02,łódzkie,LD,61,119565,14,4246,4026,699662,111,131324,50,106962
2021-06-03,łódzkie,LD,42,119607,12,4258,3887,703549,90,131414,104,107066
2021-06-04,łódzkie,LD,24,119631,2,4260,2131,705680,35,131449,108,107174
2021-06-05,łódzkie,LD,44,119675,2,4262,3623,709303,54,131503,97,107271
2021-06-06,łódzkie,LD,23,119698,0,4262,2855,712158,29,131532,79,107350
2021-06-07,łódzkie,LD,5,119703,0,4262,1972,714130,7,131539,72,107422
2021-06-08,łódzkie,LD,37,119740,6,4268,4880,719010,76,131615,61,107483
2021-06-09,łódzkie,LD,36,119776,13,4281,4281,723291,50,131665,22,107505
2021-06-10,łódzkie,LD,34,119810,10,4291,3807,727098,66,131731,66,107571
2021-06-11,łódzkie,LD,29,119839,3,4294,3773,730871,47,131778,70,107641
2021-06-12,łódzkie,LD,22,119861,1,4295,4098,734969,30,131808,42,107683
2021-06-13,łódzkie,LD,12,119873,2,4297,3043,738012,17,131825,28,107711
2021-06-14,łódzkie,LD,16,119889,0,4297,2013,740025,21,131846,45,107756
2021-06-15,łódzkie,LD,27,119916,3,4300,4186,744211,42,131888,25,107781
2021-06-16,łódzkie,LD,23,119939,3,4303,3804,748015,30,131918,12,107793
2021-06-17,łódzkie,LD,13,119952,3,4306,3753,751768,20,131938,49,107842
2021-06-18,łódzkie,LD,11,119963,2,4308,3272,755040,15,131953,38,107880
2021-06-19,łódzkie,LD,8,119971,1,4309,3581,758621,30,131983,44,107924
2021-06-20,łódzkie,LD,13,119984,0,4309,2386,761007,15,131998,32,107956
2021-06-21,łódzkie,LD,4,119988,0,4309,1611,762618,5,132003,21,107977
2021-06-22,łódzkie,LD,19,120007,0,4309,4875,767493,28,132031,15,107992
2021-06-23,łódzkie,LD,9,120016,3,4312,4208,771701,24,132055,17,108009
2021-06-24,łódzkie,LD,12,120028,0,4312,3396,775097,20,132075,31,108040
2021-06-25,łódzkie,LD,10,120038,3,4315,2885,777982,18,132093,27,108067
2021-06-26,łódzkie,LD,10,120048,2,4317,2933,780915,23,132116,22,108089
2021-06-27,łódzkie,LD,9,120057,0,4317,1928,782843,16,132132,12,108101
2021-06-28,łódzkie,LD,2,120059,0,4317,1207,784050,5,132137,13,108114
2021-06-29,łódzkie,LD,13,120072,2,4319,4115,788165,26,132163,14,108128
2021-06-30,łódzkie,LD,14,120086,2,4321,3622,791787,19,132182,7,108135
2021-07-01,łódzkie,LD,6,120092,2,4323,2778,794565,14,132196,17,108152
2021-07-02,łódzkie,LD,1,120093,0,4323,2870,797435,6,132202,17,108169
2021-07-03,łódzkie,LD,6,120099,1,4324,3086,800521,9,132211,13,108182
2021-07-04,łódzkie,LD,5,120104,0,4324,2032,802553,10,132221,14,108196
2021-07-05,łódzkie,LD,1,120105,0,4324,1475,804028,1,132222,10,108206
2021-07-06,łódzkie,LD,10,120115,1,4325,3788,807816,13,132235,17,108223
2021-07-07,łódzkie,LD,7,120122,2,4327,3020,810836,8,132243,5,108228
2021-07-08,łódzkie,LD,7,120129,3,4330,2747,813583,10,132253,16,108244
2021-07-09,łódzkie,LD,7,120136,1,4331,2917,816500,25,132278,7,108251
2021-07-10,łódzkie,LD,5,120141,1,4332,3146,819646,6,132284,7,108258
2021-07-11,łódzkie,LD,3,120144,0,4332,2210,821856,4,132288,6,108264
2021-07-12,łódzkie,LD,2,120146,0,4332,1403,823259,5,132293,6,108270
2021-07-13,łódzkie,LD,10,120156,1,4333,3645,826904,28,132321,8,108278
2021-07-14,łódzkie,LD,10,120166,0,4333,3191,830095,20,132341,18,108296
2021-07-15,łódzkie,LD,4,120170,0,4333,2734,832829,9,132350,8,108304
2021-07-16,łódzkie,LD,3,120173,0,4333,2514,835343,7,132357,28,108332
2021-07-17,łódzkie,LD,9,120182,0,4333,3129,838472,10,132367,182,108514
2021-07-18,łódzkie,LD,6,120188,1,4334,2100,840572,8,132375,6,108520
2021-07-19,łódzkie,LD,4,120192,0,4334,1374,841946,7,132382,4,108524
2021-07-20,łódzkie,LD,8,120200,0,4334,3560,845506,9,132391,10,108534
2021-07-21,łódzkie,LD,8,120208,0,4334,2968,848474,10,132401,11,108545
2021-07-22,łódzkie,LD,5,120213,2,4336,2496,850970,6,132407,17,108562
2021-07-23,łódzkie,LD,3,120216,0,4336,2556,853526,7,132414,9,108571
2021-07-24,łódzkie,LD,8,120224,0,4336,2768,856294,14,132428,7,108578
2021-07-25,łódzkie,LD,4,120228,0,4336,2085,858379,7,132435,5,108583
2021-07-26,łódzkie,LD,1,120229,0,4336,1412,859791,1,132436,5,108588
2021-07-27,łódzkie,LD,6,120235,1,4337,3186,862977,8,132444,9,108597
2021-07-28,łódzkie,LD,3,120238,1,4338,2689,865666,5,132449,5,108602
2021-07-29,łódzkie,LD,3,120241,0,4338,2609,868275,4,132453,11,108613
2021-07-30,łódzkie,LD,4,120245,1,4339,2531,870806,6,132459,9,108622
2021-07-31,łódzkie,LD,13,120258,0,4339,2815,873621,13,132472,6,108628
2021-08-01,łódzkie,LD,3,120261,0,4339,2118,875739,5,132477,10,108638
2021-08-02,łódzkie,LD,5,120266,0,4339,1351,877090,5,132482,13,108651
2021-08-03,łódzkie,LD,12,120278,0,4339,3446,880536,12,132494,5,108656
2021-08-04,łódzkie,LD,9,120287,0,4339,2855,883391,13,132507,1,108657
2021-08-05,łódzkie,LD,7,120294,0,4339,2581,885972,7,132514,10,108667
2021-08-06,łódzkie,LD,12,120306,0,4339,2492,888464,14,132528,9,108676
2021-08-07,łódzkie,LD,6,120312,0,4339,2808,891272,8,132536,9,108685
2021-08-08,łódzkie,LD,4,120316,0,4339,2143,893415,4,132540,8,108693
2021-08-09,łódzkie,LD,1,120317,0,4339,1328,894743,1,132541,10,108703
2021-08-10,łódzkie,LD,3,120320,0,4339,3437,898180,5,132546,5,108708
2021-08-11,łódzkie,LD,12,120332,0,4339,3178,901358,14,132560,7,108715
2021-08-12,łódzkie,LD,11,120343,0,4339,2644,904002,12,132572,11,108726
2021-08-13,łódzkie,LD,11,120354,0,4339,2577,906579,14,132586,10,108736
2021-08-14,łódzkie,LD,5,120359,0,4339,2846,909425,9,132595,6,108742
2021-08-15,łódzkie,LD,7,120366,0,4339,2047,911472,8,132603,10,108752
2021-08-16,łódzkie,LD,7,120373,0,4339,1384,912856,9,132612,6,108758
2021-08-17,łódzkie,LD,12,120385,0,4339,3799,916655,17,132629,4,108762
2021-08-18,łódzkie,LD,15,120400,0,4339,3118,919773,22,132651,1,108763
2021-08-19,łódzkie,LD,13,120413,0,4339,2579,922352,15,132666,5,108768
2021-08-20,łódzkie,LD,14,120427,0,4339,2673,925025,15,132681,13,108781
2021-08-21,łódzkie,LD,19,120446,0,4339,2946,927971,22,132703,17,108798
2021-08-22,łódzkie,LD,4,120450,0,4339,2010,929981,7,132710,7,108805
2021-08-23,łódzkie,LD,5,120455,0,4339,1226,931207,6,132716,8,108813
2021-08-24,łódzkie,LD,13,120468,0,4339,3271,934478,15,132731,12,108825
2021-08-25,łódzkie,LD,11,120479,0,4339,2936,937414,22,132753,10,108835
2021-08-26,łódzkie,LD,18,120497,2,4341,2527,939941,26,132779,11,108846
2021-08-27,łódzkie,LD,16,120513,0,4341,2661,942602,18,132797,18,108864
2021-08-28,łódzkie,LD,18,120531,0,4341,2723,945325,22,132819,14,108878
2021-08-29,łódzkie,LD,10,120541,0,4341,2109,947434,14,132833,20,108898
2021-08-30,łódzkie,LD,6,120547,0,4341,1386,948820,7,132840,13,108911
2021-08-31,łódzkie,LD,28,120575,1,4342,3375,952195,30,132870,6,108917
2021-09-01,łódzkie,LD,21,120596,1,4343,2882,955077,22,132892,9,108926
2021-09-02,łódzkie,LD,35,120631,2,4345,2751,957828,42,132934,15,108941
2021-09-03,łódzkie,LD,26,120657,0,4345,2627,960455,36,132970,14,108955
2021-09-04,łódzkie,LD,15,120672,0,4345,2791,963246,18,132988,23,108978
2021-09-05,łódzkie,LD,16,120688,0,4345,1904,965150,19,133007,18,108996
2021-09-06,łódzkie,LD,10,120698,0,4345,1217,966367,14,133021,15,109011
2021-09-07,łódzkie,LD,29,120727,1,4346,3469,969836,36,133057,16,109027
2021-09-08,łódzkie,LD,39,120766,3,4349,2834,972670,39,133096,8,109035
2021-09-09,łódzkie,LD,36,120802,0,4349,2673,975343,38,133134,26,109061
2021-09-10,łódzkie,LD,43,120845,2,4351,2770,978113,50,133184,14,109075
2021-09-11,łódzkie,LD,30,120875,2,4353,3077,981190,38,133222,36,109111
2021-09-12,łódzkie,LD,45,120920,0,4353,2041,983231,55,133277,29,109140
2021-09-13,łódzkie,LD,21,120941,0,4353,1359,984590,26,133303,12,109152
2021-09-14,łódzkie,LD,43,120984,2,4355,3466,988056,53,133356,22,109174
2021-09-15,łódzkie,LD,54,121038,0,4355,3335,991391,59,133415,13,109187
2021-09-16,łódzkie,LD,38,121076,1,4356,2796,994187,41,133456,36,109223
2021-09-17,łódzkie,LD,43,121119,2,4358,2408,996595,49,133505,35,109258
2021-09-18,łódzkie,LD,55,121174,2,4360,2828,999423,60,133565,41,109299
2021-09-19,łódzkie,LD,26,121200,0,4360,2099,1001522,35,133600,38,109337
2021-09-20,łódzkie,LD,28,121228,0,4360,1476,1002998,34,133634,22,109359
2021-09-21,łódzkie,LD,74,121302,3,4363,3508,1006506,81,133715,50,109409
2021-09-22,łódzkie,LD,77,121379,0,4363,3325,1009831,88,133803,20,109429
2021-09-23,łódzkie,LD,43,121422,2,4365,2764,1012595,50,133853,45,109474
2021-09-24,łódzkie,LD,47,121469,0,4365,2967,1015562,53,133906,59,109533
2021-09-25,łódzkie,LD,46,121515,1,4366,3054,1018616,56,133962,35,109568
2021-09-26,łódzkie,LD,26,121541,0,4366,1953,1020569,32,133994,48,109616
2021-09-27,łódzkie,LD,20,121561,0,4366,1318,1021887,22,134016,55,109671
2021-09-28,łódzkie,LD,65,121626,0,4366,3710,1025597,72,134088,34,109705
2021-09-29,łódzkie,LD,77,121703,1,4367,3193,1028790,92,134180,23,109728
2021-09-30,łódzkie,LD,56,121759,2,4369,2571,1031361,64,134244,82,109810
2021-10-01,łódzkie,LD,65,121824,2,4371,2928,1034289,78,134322,73,109883
2021-10-02,łódzkie,LD,59,121883,2,4373,2780,1037069,65,134387,48,109931
2021-10-03,łódzkie,LD,58,121941,0,4373,2044,1039113,67,134454,48,109979
2021-10-04,łódzkie,LD,23,121964,0,4373,1301,1040414,26,134480,39,110018
2021-10-05,łódzkie,LD,83,122047,2,4375,3595,1044009,90,134570,29,110047
2021-10-06,łódzkie,LD,111,122158,0,4375,3453,1047462,126,134696,24,110071
2021-10-07,łódzkie,LD,112,122270,0,4375,2873,1050335,118,134814,61,110132
2021-10-08,łódzkie,LD,92,122362,1,4376,2514,1052849,104,134918,75,110207
2021-10-09,łódzkie,LD,98,122460,6,4382,2588,1055437,108,135026,69,110276
2021-10-10,łódzkie,LD,63,122523,0,4382,1776,1057213,71,135097,65,110341
2021-10-11,łódzkie,LD,38,122561,0,4382,1374,1058587,49,135146,56,110397
2021-10-12,łódzkie,LD,107,122668,2,4384,3291,1061878,118,135264,61,110458
2021-10-13,łódzkie,LD,129,122797,3,4387,3149,1065027,147,135411,29,110487
2021-10-14,łódzkie,LD,167,122964,5,4392,3201,1068228,185,135596,85,110572
2021-10-15,łódzkie,LD,170,123134,5,4397,2621,1070849,187,135783,116,110688
2021-10-16,łódzkie,LD,151,123285,5,4402,2784,1073633,176,135959,106,110794
2021-10-17,łódzkie,LD,119,123404,0,4402,2002,1075635,135,136094,95,110889
2021-10-18,łódzkie,LD,70,123474,0,4402,1258,1076893,75,136169,84,110973
2021-10-19,łódzkie,LD,217,123691,8,4410,3596,1080489,256,136425,74,111047
2021-10-20,łódzkie,LD,292,123983,4,4414,3712,1084201,314,136739,53,111100
2021-10-21,łódzkie,LD,214,124197,2,4416,3042,1087243,244,136983,102,111202
2021-10-22,łódzkie,LD,312,124509,6,4422,3453,1090696,346,137329,124,111326
2021-10-23,łódzkie,LD,235,124744,1,4423,3158,1093854,279,137608,165,111491
2021-10-24,łódzkie,LD,238,124982,0,4423,2368,1096222,262,137870,162,111653
2021-10-25,łódzkie,LD,103,125085,0,4423,1382,1097604,112,137982,154,111807
2021-10-26,łódzkie,LD,351,125436,12,4435,4203,1101807,392,138374,123,111930
2021-10-27,łódzkie,LD,352,125788,14,4449,3811,1105618,385,138759,82,112012
2021-10-28,łódzkie,LD,592,126380,8,4457,4444,1110062,641,139400,232,112244
2021-10-29,łódzkie,LD,560,126940,5,4462,4083,1114145,612,140012,262,112506
2021-10-30,łódzkie,LD,618,127558,6,4468,4518,1118663,676,140688,229,112735
2021-10-31,łódzkie,LD,412,127970,1,4469,2378,1121041,444,141132,292,113027
2021-11-01,łódzkie,LD,285,128255,1,4470,1894,1122935,311,141443,285,113312
2021-11-02,łódzkie,LD,320,128575,0,4470,1955,1124890,354,141797,181,113493
2021-11-03,łódzkie,LD,637,129212,4,4474,5090,1129980,691,142488,136,113629
2021-11-04,łódzkie,LD,1031,130243,22,4496,5892,1135872,1113,143601,364,113993
2021-11-05,łódzkie,LD,1029,131272,10,4506,6106,1141978,1145,144746,435,114428
2021-11-06,łódzkie,LD,893,132165,19,4525,5809,1147787,995,145741,520,114948
2021-11-07,łódzkie,LD,902,133067,1,4526,3965,1151752,967,146708,498,115446
2021-11-08,łódzkie,LD,519,133586,0,4526,2446,1154198,607,147315,540,115986
2021-11-09,łódzkie,LD,794,134380,14,4540,5422,1159620,870,148185,433,116419
2021-11-10,łódzkie,LD,1290,135670,19,4559,6201,1165821,1383,149568,309,116728
2021-11-11,łódzkie,LD,1262,136932,23,4582,7072,1172893,1397,150965,383,117111
2021-11-12,łódzkie,LD,656,137588,1,4583,2965,1175858,731,151696,671,117782
2021-11-13,łódzkie,LD,982,138570,23,4606,5064,1180922,1083,152779,961,118743
2021-11-14,łódzkie,LD,742,139312,0,4606,3466,1184388,817,153596,1025,119768
2021-11-15,łódzkie,LD,586,139898,0,4606,2923,1187311,666,154262,946,120714
2021-11-16,łódzkie,LD,1001,140899,26,4632,6193,1193504,1124,155386,835,121549
2021-11-17,łódzkie,LD,1543,142442,25,4657,6842,1200346,1685,157071,555,122104
2021-11-18,łódzkie,LD,1381,143823,26,4683,7059,1207405,1513,158584,813,122917
2021-11-19,łódzkie,LD,1398,145221,4,4687,6406,1213811,1555,160139,1263,124180
2021-11-20,łódzkie,LD,1285,146506,24,4711,6318,1220129,1432,161571,1261,125441
2021-11-21,łódzkie,LD,961,147467,0,4711,4224,1224353,1073,162644,701,126142
2021-11-22,łódzkie,LD,709,148176,0,4711,3141,1227494,790,163434,960,127102
2021-11-23,łódzkie,LD,1151,149327,27,4738,5942,1233436,1294,164728,854,127956
2021-11-24,łódzkie,LD,1885,151212,31,4769,7825,1241261,2017,166745,634,128590
2021-11-25,łódzkie,LD,1601,152813,34,4803,7671,1248932,1766,168511,1131,129721
2021-11-26,łódzkie,LD,1338,154151,33,4836,6471,1255403,1447,169958,1550,131271
2021-11-27,łódzkie,LD,1600,155751,33,4869,7386,1262789,1754,171712,1476,132747
2021-11-28,łódzkie,LD,1207,156958,0,4869,4660,1267449,1360,173072,1415,134162
2021-11-29,łódzkie,LD,690,157648,0,4869,3206,1270655,757,173829,1183,135345
2021-11-30,łódzkie,LD,1099,158747,31,4900,6337,1276992,1238,175067,1087,136432
2021-12-01,łódzkie,LD,1681,160428,46,4946,7229,1284221,1855,176922,764,137196
2021-12-02,łódzkie,LD,1666,162094,39,4985,7458,1291679,1883,178805,1191,138387
2021-12-03,łódzkie,LD,1458,163552,25,5010,7330,1299009,1611,180416,1815,140202
2021-12-04,łódzkie,LD,1416,164968,23,5033,7157,1306166,1573,181989,1634,141836
2021-12-05,łódzkie,LD,1236,166204,0,5033,4963,1311129,1329,183318,1338,143174
2021-12-06,łódzkie,LD,721,166925,0,5033,3068,1314197,814,184132,1672,144846
2021-12-07,łódzkie,LD,1371,168296,25,5058,7112,1321309,1513,185645,1213,146059
2021-12-08,łódzkie,LD,1679,169975,62,5120,8004,1329313,1840,187485,693,146752
2021-12-09,łódzkie,LD,1628,171603,33,5153,7473,1336786,1905,189390,1224,147976
2021-12-10,łódzkie,LD,1347,172950,29,5182,6579,1343365,1476,190866,1669,149645
2021-12-11,łódzkie,LD,1309,174259,26,5208,7255,1350620,1460,192326,1719,151364
2021-12-12,łódzkie,LD,1110,175369,0,5208,4889,1355509,1271,193597,1454,152818
2021-12-13,łódzkie,LD,700,176069,0,5208,3129,1358638,777,194374,1557,154375
2021-12-14,łódzkie,LD,1231,177300,36,5244,6949,1365587,1401,195775,1118,155493
2021-12-15,łódzkie,LD,1406,178706,32,5276,7178,1372765,1606,197381,859,156352
2021-12-16,łódzkie,LD,1497,180203,42,5318,7352,1380117,1683,199064,1525,157877
2021-12-17,łódzkie,LD,1070,181273,41,5359,6304,1386421,1217,200281,1590,159467
2021-12-18,łódzkie,LD,1138,182411,42,5401,6955,1393376,1294,201575,1800,161267
2021-12-19,łódzkie,LD,858,183269,1,5402,4622,1397998,971,202546,1305,162572
2021-12-20,łódzkie,LD,573,183842,1,5403,3317,1401315,675,203221,1331,163903
2021-12-21,łódzkie,LD,912,184754,44,5447,6296,1407611,1040,204261,1143,165046
2021-12-22,łódzkie,LD,1061,185815,48,5495,7032,1414643,1220,205481,774,165820
2021-12-23,łódzkie,LD,1111,186926,61,5556,6795,1421438,1265,206746,1319,167139
2021-12-24,łódzkie,LD,964,187890,40,5596,5972,1427410,1101,207847,1445,168584
2021-12-25,łódzkie,LD,672,188562,0,5596,3705,1431115,761,208608,1521,170105
2021-12-26,łódzkie,LD,277,188839,0,5596,2166,1433281,320,208928,1127,171232
2021-12-27,łódzkie,LD,293,189132,1,5597,2611,1435892,379,209307,1134,172366
2021-12-28,łódzkie,LD,782,189914,65,5662,6639,1442531,876,210183,846,173212
2021-12-29,łódzkie,LD,999,190913,72,5734,6765,1449296,1145,211328,660,173872
2021-12-30,łódzkie,LD,851,191764,36,5770,6448,1455744,979,212307,1056,174928
2021-12-31,łódzkie,LD,872,192636,52,5822,6427,1462171,1011,213318,1113,176041
2022-01-01,łódzkie,LD,746,193382,41,5863,5376,1467547,836,214154,1094,177135
2022-01-02,łódzkie,LD,360,193742,2,5865,3142,1470689,422,214576,974,178109
2022-01-03,łódzkie,LD,271,194013,0,5865,2958,1473647,324,214900,688,178797
2022-01-04,łódzkie,LD,835,194848,30,5895,7693,1481340,982,215882,342,179139
2022-01-05,łódzkie,LD,1062,195910,40,5935,7458,1488798,1230,217112,348,179487
2022-01-06,łódzkie,LD,799,196709,44,5979,6132,1494930,912,218024,844,180331
2022-01-07,łódzkie,LD,483,197192,2,5981,3569,1498499,607,218631,957,181288
2022-01-08,łódzkie,LD,666,197858,18,5999,5336,1503835,789,219420,898,182186
2022-01-09,łódzkie,LD,590,198448,0,5999,4375,1508210,689,220109,894,183080
2022-01-10,łódzkie,LD,421,198869,0,5999,3028,1511238,493,220602,757,183837
2022-01-11,łódzkie,LD,785,199654,24,6023,6888,1518126,904,221506,433,184270
2022-01-12,łódzkie,LD,758,200412,66,6089,6638,1524764,931,222437,384,184654
2022-01-13,łódzkie,LD,744,201156,23,6112,6050,1530814,887,223324,899,185553
2022-01-14,łódzkie,LD,809,201965,33,6145,7253,1538067,972,224296,1033,186586
2022-01-15,łódzkie,LD,682,202647,25,6170,5544,1543611,846,225142,919,187505
2022-01-16,łódzkie,LD,710,203357,3,6173,4189,1547800,863,226005,571,188076
2022-01-17,łódzkie,LD,529,203886,1,6174,3195,1550995,690,226695,670,188746
2022-01-18,łódzkie,LD,1191,205077,36,6210,6816,1557811,1464,228159,675,189421
2022-01-19,łódzkie,LD,1360,206437,41,6251,7735,1565546,1635,229794,452,189873
2022-01-20,łódzkie,LD,1773,208210,36,6287,8375,1573921,2117,231911,858,190731
2022-01-21,łódzkie,LD,1765,209975,22,6309,8170,1582091,2084,233995,785,191516
2022-01-22,łódzkie,LD,2387,212362,19,6328,9893,1591984,2833,236828,854,192370
2022-01-23,łódzkie,LD,1888,214250,1,6329,6888,1598872,2310,239138,897,193267
2022-01-24,łódzkie,LD,1453,215703,0,6329,5262,1604134,1735,240873,897,194164
2022-01-25,łódzkie,LD,2473,218176,27,6356,9938,1614072,2882,243755,699,194863
2022-01-26,łódzkie,LD,3498,221674,20,6376,11845,1625917,4146,247901,688,195551
2022-01-27,łódzkie,LD,3098,224772,11,6387,10800,1636717,3752,251653,1352,196903
2022-01-28,łódzkie,LD,3876,228648,26,6413,12578,1649295,4714,256367,1551,198454
2022-01-29,łódzkie,LD,3443,232091,16,6429,11556,1660851,4122,260489,2005,200459
2022-01-30,łódzkie,LD,3042,235133,4,6433,9308,1670159,3625,264114,2020,202479
2022-01-31,łódzkie,LD,2141,237274,10,6443,6471,1676630,2783,266897,2616,205095
2022-02-01,łódzkie,LD,2710,239984,20,6463,9724,1686354,3205,270102,2191,207286
2022-02-02,łódzkie,LD,3663,243647,20,6483,12401,1698755,4406,274508,1627,208913
2022-02-03,łódzkie,LD,3901,247548,18,6501,12766,1711521,4742,279250,2737,211650
2022-02-04,łódzkie,LD,3343,250891,18,6519,12109,1723630,4148,283398,4035,215685
2022-02-05,łódzkie,LD,3337,254228,38,6557,11871,1735501,4021,287419,3878,219563
2022-02-06,łódzkie,LD,2516,256744,0,6557,8641,1744142,3067,290486,4092,223655
2022-02-07,łódzkie,LD,1537,258281,2,6559,5335,1749477,1863,292349,3937,227592
2022-02-08,łódzkie,LD,2595,260876,13,6572,10068,1759545,2788,295137,3305,230897
2022-02-09,łódzkie,LD,3380,264256,23,6595,11249,1770794,3627,298764,2570,233467
2022-02-10,łódzkie,LD,2748,267004,11,6606,9660,1780454,2978,301742,3727,237194
2022-02-11,łódzkie,LD,2069,269073,25,6631,8618,1789072,2268,304010,4191,241385
2022-02-12,łódzkie,LD,2083,271156,24,6655,8755,1797827,2273,306283,4362,245747
2022-02-13,łódzkie,LD,1380,272536,0,6655,5785,1803612,1552,307835,3668,249415
2022-02-14,łódzkie,LD,788,273324,1,6656,3657,1807269,909,308744,3944,253359
2022-02-15,łódzkie,LD,1394,274718,28,6684,7311,1814580,1525,310269,2608,255967
2022-02-16,łódzkie,LD,1517,276235,35,6719,7066,1821646,1697,311966,1838,257805
2022-02-17,łódzkie,LD,1789,278024,20,6739,8375,1830021,2043,314009,2782,260587
2022-02-18,łódzkie,LD,1228,279252,22,6761,6382,1836403,1383,315392,3361,263948
2022-02-19,łódzkie,LD,1248,280500,28,6789,6999,1843402,1435,316827,2716,266664
2022-02-20,łódzkie,LD,750,281250,0,6789,3951,1847353,854,317681,2070,268734
2022-02-21,łódzkie,LD,544,281794,8,6797,3228,1850581,645,318326,2453,271187
2022-02-22,łódzkie,LD,1242,283036,29,6826,7094,1857675,1369,319695,2962,274149
2022-02-23,łódzkie,LD,1109,284145,29,6855,5924,1863599,1271,320966,2347,276496
2022-02-24,łódzkie,LD,1097,285242,24,6879,5981,1869580,1209,322175,2030,278526
2022-02-25,łódzkie,LD,830,286072,5,6884,5033,1874613,947,323122,1260,279786
2022-02-26,łódzkie,LD,727,286799,15,6899,4959,1879572,827,323949,902,280688
2022-02-27,łódzkie,LD,377,287176,1,6900,3107,1882679,464,324413,560,281248
2022-02-28,łódzkie,LD,391,287567,0,6900,3043,1885722,453,324866,1287,282535
2022-03-01,łódzkie,LD,762,288329,15,6915,5898,1891620,894,325760,1169,283704
2022-03-02,łódzkie,LD,816,289145,30,6945,5609,1897229,938,326698,1155,284859
2022-03-03,łódzkie,LD,711,289856,24,6969,5149,1902378,799,327497,873,285732
2022-03-04,łódzkie,LD,627,290483,15,6984,4888,1907266,726,328223,779,286511
2022-03-05,łódzkie,LD,605,291088,24,7008,4526,1911792,687,328910,496,287007
2022-03-06,łódzkie,LD,391,291479,1,7009,2802,1914594,442,329352,378,287385
2022-03-07,łódzkie,LD,279,291758,0,7009,2485,1917079,326,329678,757,288142
2022-03-08,łódzkie,LD,752,292510,19,7028,5596,1922675,836,330514,865,289007
2022-03-09,łódzkie,LD,739,293249,22,7050,5372,1928047,806,331320,771,289778
2022-03-10,łódzkie,LD,729,293978,21,7071,5101,1933148,784,332104,644,290422
2022-03-11,łódzkie,LD,619,294597,11,7082,4312,1937460,696,332800,639,291061
2022-03-12,łódzkie,LD,568,295165,12,7094,4144,1941604,634,333434,460,291521
2022-03-13,łódzkie,LD,365,295530,1,7095,2977,1944581,405,333839,294,291815
2022-03-14,łódzkie,LD,326,295856,0,7095,2315,1946896,367,334206,761,292576
2022-03-15,łódzkie,LD,768,296624,13,7108,5579,1952475,845,335051,793,293369
2022-03-16,łódzkie,LD,793,297417,23,7131,5319,1957794,847,335898,750,294119
2022-03-17,łódzkie,LD,720,298137,12,7143,5293,1963087,799,336697,634,294753
2022-03-18,łódzkie,LD,587,298724,10,7153,4222,1967309,649,337346,611,295364
2022-03-19,łódzkie,LD,579,299303,4,7157,4175,1971484,642,337988,407,295771
2022-03-20,łódzkie,LD,273,299576,0,7157,2366,1973850,303,338291,347,296118
2022-03-21,łódzkie,LD,270,299846,0,7157,2233,1976083,297,338588,794,296912
2022-03-22,łódzkie,LD,667,300513,10,7167,5193,1981276,741,339329,824,297736
2022-03-23,łódzkie,LD,587,301100,12,7179,4624,1985900,648,339977,722,298458
2022-03-24,łódzkie,LD,552,301652,15,7194,4439,1990339,602,340579,600,299058
2022-03-25,łódzkie,LD,431,302083,15,7209,3962,1994301,472,341051,587,299645
2022-03-26,łódzkie,LD,420,302503,3,7212,3917,1998218,477,341528,366,300011
2022-03-27,łódzkie,LD,155,302658,0,7212,2125,2000343,177,341705,263,300274
2022-03-28,łódzkie,LD,164,302822,0,7212,1832,2002175,182,341887,663,300937
2022-03-29,łódzkie,LD,445,303267,6,7218,4381,2006556,514,342401,646,301583
2022-03-30,łódzkie,LD,370,303637,13,7231,4112,2010668,426,342827,606,302189
2022-03-31,łódzkie,LD,326,303963,8,7239,3948,2014616,395,343222,437,302626
2022-04-01,łódzkie,LD,254,304217,5,7244,3568,2018184,306,343528,425,303051
2022-04-02,łódzkie,LD,112,304329,12,7256,1703,2019887,153,343681,175,303226
2022-04-03,łódzkie,LD,34,304363,0,7256,516,2020403,49,343730,68,303294
2022-04-04,łódzkie,LD,38,304401,0,7256,653,2021056,43,343773,4,303298
2022-04-05,łódzkie,LD,116,304517,1,7257,1489,2022545,140,343913,26,303324
2022-04-06,łódzkie,LD,92,304609,3,7260,1397,2023942,111,344024,7,303331
2022-04-07,łódzkie,LD,87,304696,6,7266,1643,2025585,104,344128,19,303350
2022-04-08,łódzkie,LD,82,304778,3,7269,1587,2027172,123,344251,11,303361
2022-04-09,łódzkie,LD,81,304859,4,7273,1585,2028757,98,344349,14,303375
2022-04-10,łódzkie,LD,32,304891,0,7273,630,2029387,35,344384,2,303377
2022-04-11,łódzkie,LD,24,304915,0,7273,447,2029834,33,344417,2,303379
2022-04-12,łódzkie,LD,96,305011,4,7277,1171,2031005,103,344520,9,303388
2022-04-13,łódzkie,LD,98,305109,5,7282,1202,2032207,133,344653,7,303395
2022-04-14,łódzkie,LD,69,305178,2,7284,808,2033015,76,344729,10,303405
2022-04-15,łódzkie,LD,61,305239,3,7287,794,2033809,68,344797,8,303413
2022-04-16,łódzkie,LD,79,305318,4,7291,737,2034546,91,344888,6,303419
2022-04-17,łódzkie,LD,31,305349,0,7291,349,2034895,36,344924,2,303421
2022-04-18,łódzkie,LD,17,305366,0,7291,332,2035227,21,344945,5,303426
2022-04-19,łódzkie,LD,19,305385,0,7291,363,2035590,25,344970,7,303433
2022-04-20,łódzkie,LD,90,305475,0,7291,938,2036528,105,345075,14,303447
2022-04-21,łódzkie,LD,74,305549,3,7294,1003,2037531,86,345161,9,303456
2022-04-22,łódzkie,LD,66,305615,3,7297,743,2038274,72,345233,9,303465
2022-04-23,łódzkie,LD,72,305687,4,7301,738,2039012,82,345315,5,303470
2022-04-24,łódzkie,LD,20,305707,0,7301,405,2039417,29,345344,3,303473
2022-04-25,łódzkie,LD,20,305727,0,7301,389,2039806,25,345369,4,303477
2022-04-26,łódzkie,LD,75,305802,0,7301,872,2040678,90,345459,10,303487
2022-04-27,łódzkie,LD,60,305862,0,7301,731,2041409,67,345526,4,303491
2022-04-28,łódzkie,LD,60,305922,2,7303,801,2042210,65,345591,9,303500
2022-04-29,łódzkie,LD,58,305980,1,7304,775,2042985,71,345662,5,303505
2022-04-30,łódzkie,LD,40,306020,2,7306,816,2043801,51,345713,10,303515
2022-05-01,łódzkie,LD,14,306034,0,7306,443,2044244,16,345729,0,303515
2022-05-02,łódzkie,LD,18,306052,0,7306,346,2044590,21,345750,3,303518
2022-05-03,łódzkie,LD,44,306096,0,7306,626,2045216,49,345799,3,303521
2022-05-04,łódzkie,LD,7,306103,0,7306,257,2045473,7,345806,0,303521
2022-05-05,łódzkie,LD,42,306145,3,7309,618,2046091,61,345867,2,303523
2022-05-06,łódzkie,LD,24,306169,1,7310,557,2046648,28,345895,1,303524
2022-05-07,łódzkie,LD,36,306205,1,7311,658,2047306,39,345934,2,303526
2022-05-08,łódzkie,LD,8,306213,0,7311,304,2047610,10,345944,0,303526
2022-05-09,łódzkie,LD,8,306221,0,7311,246,2047856,14,345958,1,303527
2022-05-10,łódzkie,LD,39,306260,1,7312,555,2048411,44,346002,7,303534
2022-05-11,łódzkie,LD,31,306291,0,7312,529,2048940,38,346040,2,303536
2022-05-12,łódzkie,LD,33,306324,1,7313,497,2049437,35,346075,8,303544
2022-05-13,łódzkie,LD,22,306346,0,7313,510,2049947,29,346104,1,303545
2022-05-14,łódzkie,LD,24,306370,0,7313,461,2050408,26,346130,3,303548
2022-05-15,łódzkie,LD,5,306375,0,7313,297,2050705,8,346138,1,303549
2022-05-16,łódzkie,LD,6,306381,0,7313,220,2050925,6,346144,0,303549
2022-05-17,łódzkie,LD,27,306408,0,7313,578,2051503,32,346176,3,303552
2022-05-18,łódzkie,LD,22,306430,0,7313,478,2051981,24,346200,1,303553
2022-05-19,łódzkie,LD,17,306447,0,7313,439,2052420,25,346225,3,303556
2022-05-20,łódzkie,LD,17,306464,1,7314,551,2052971,20,346245,1,303557
2022-05-21,łódzkie,LD,14,306478,2,7316,339,2053310,16,346261,2,303559
2022-05-22,łódzkie,LD,3,306481,0,7316,219,2053529,4,346265,2,303561
2022-05-23,łódzkie,LD,4,306485,0,7316,175,2053704,7,346272,3,303564
2022-05-24,łódzkie,LD,23,306508,0,7316,384,2054088,28,346300,0,303564
2022-05-25,łódzkie,LD,16,306524,1,7317,344,2054432,19,346319,3,303567
2022-05-26,łódzkie,LD,19,306543,1,7318,340,2054772,27,346346,2,303569
2022-05-27,łódzkie,LD,14,306557,0,7318,395,2055167,17,346363,1,303570
2022-05-28,łódzkie,LD,9,306566,0,7318,410,2055577,16,346379,3,303573
2022-05-29,łódzkie,LD,9,306575,0,7318,244,2055821,10,346389,2,303575
2022-05-30,łódzkie,LD,3,306578,0,7318,151,2055972,4,346393,0,303575
2022-05-31,łódzkie,LD,26,306604,1,7319,482,2056454,31,346424,1,303576
2022-06-01,łódzkie,LD,17,306621,0,7319,395,2056849,21,346445,0,303576
2022-06-02,łódzkie,LD,11,306632,0,7319,268,2057117,11,346456,0,303576
2022-06-03,łódzkie,LD,10,306642,0,7319,244,2057361,10,346466,0,303576
2022-06-04,łódzkie,LD,12,306654,8,7327,216,2057577,12,346478,0,303576
2022-06-05,łódzkie,LD,2,306656,0,7327,137,2057714,3,346481,0,303576
2022-06-06,łódzkie,LD,2,306658,0,7327,89,2057803,2,346483,0,303576
2022-06-07,łódzkie,LD,21,306679,0,7327,235,2058038,22,346505,2,303578
2022-06-08,łódzkie,LD,15,306694,2,7329,207,2058245,16,346521,2,303580
2022-06-09,łódzkie,LD,11,306705,1,7330,296,2058541,13,346534,1,303581
2022-06-10,łódzkie,LD,16,306721,1,7331,257,2058798,16,346550,0,303581
2022-06-11,łódzkie,LD,20,306741,1,7332,234,2059032,21,346571,0,303581
2022-06-12,łódzkie,LD,3,306744,0,7332,148,2059180,3,346574,0,303581
2022-06-13,łódzkie,LD,1,306745,0,7332,95,2059275,1,346575,1,303582
2022-06-14,łódzkie,LD,14,306759,0,7332,182,2059457,16,346591,0,303582
2022-06-15,łódzkie,LD,17,306776,2,7334,199,2059656,21,346612,2,303584
2022-06-16,łódzkie,LD,8,306784,0,7334,240,2059896,9,346621,1,303585
2022-06-17,łódzkie,LD,4,306788,0,7334,70,2059966,4,346625,1,303586
2022-06-18,łódzkie,LD,13,306801,0,7334,175,2060141,15,346640,0,303586
2022-06-19,łódzkie,LD,1,306802,0,7334,80,2060221,1,346641,1,303587
2022-06-20,łódzkie,LD,5,306807,0,7334,72,2060293,5,346646,0,303587
2022-06-21,łódzkie,LD,24,306831,1,7335,235,2060528,25,346671,1,303588
2022-06-22,łódzkie,LD,12,306843,0,7335,188,2060716,12,346683,0,303588
2022-06-23,łódzkie,LD,21,306864,0,7335,171,2060887,22,346705,0,303588
2022-06-24,łódzkie,LD,20,306884,0,7335,172,2061059,21,346726,2,303590
2022-06-25,łódzkie,LD,22,306906,0,7335,159,2061218,24,346750,1,303591
2022-06-26,łódzkie,LD,9,306915,0,7335,140,2061358,9,346759,0,303591
2022-06-27,łódzkie,LD,7,306922,0,7335,95,2061453,7,346766,0,303591
2022-06-28,łódzkie,LD,39,306961,0,7335,222,2061675,43,346809,0,303591
2022-06-29,łódzkie,LD,21,306982,0,7335,170,2061845,23,346832,0,303591
2022-06-30,łódzkie,LD,38,307020,0,7335,201,2062046,44,346876,0,303591
2022-07-01,łódzkie,LD,43,307063,1,7336,216,2062262,46,346922,0,303591
2022-07-02,łódzkie,LD,37,307100,1,7337,223,2062485,44,346966,0,303591
2022-07-03,łódzkie,LD,5,307105,0,7337,97,2062582,6,346972,0,303591
2022-07-04,łódzkie,LD,6,307111,0,7337,72,2062654,6,346978,0,303591
2022-07-05,łódzkie,LD,58,307169,0,7337,236,2062890,60,347038,1,303592
2022-07-06,łódzkie,LD,38,307207,0,7337,229,2063119,43,347081,0,303592
2022-07-07,łódzkie,LD,63,307270,0,7337,249,2063368,67,347148,0,303592
2022-07-08,łódzkie,LD,48,307318,0,7337,227,2063595,51,347199,2,303594
2022-07-09,łódzkie,LD,67,307385,0,7337,240,2063835,72,347271,0,303594
2022-07-10,łódzkie,LD,9,307394,0,7337,85,2063920,9,347280,0,303594
2022-07-11,łódzkie,LD,15,307409,0,7337,82,2064002,17,347297,1,303595
2022-07-12,łódzkie,LD,118,307527,0,7337,375,2064377,123,347420,1,303596
2022-07-13,łódzkie,LD,94,307621,1,7338,341,2064718,101,347521,1,303597
2022-07-14,łódzkie,LD,117,307738,0,7338,341,2065059,120,347641,0,303597
2022-07-15,łódzkie,LD,67,307805,0,7338,232,2065291,69,347710,0,303597
2022-07-16,łódzkie,LD,64,307869,0,7338,231,2065522,67,347777,0,303597
2022-07-17,łódzkie,LD,25,307894,0,7338,105,2065627,33,347810,1,303598
2022-07-18,łódzkie,LD,9,307903,0,7338,67,2065694,9,347819,0,303598
2022-07-19,łódzkie,LD,138,308041,0,7338,404,2066098,141,347960,3,303601
2022-07-20,łódzkie,LD,174,308215,0,7338,461,2066559,182,348142,0,303601
2022-07-21,łódzkie,LD,176,308391,0,7338,486,2067045,185,348327,1,303602
2022-07-22,łódzkie,LD,174,308565,1,7339,493,2067538,186,348513,1,303603
2022-07-23,łódzkie,LD,163,308728,0,7339,455,2067993,170,348683,1,303604
2022-07-24,łódzkie,LD,43,308771,0,7339,176,2068169,47,348730,0,303604
2022-07-25,łódzkie,LD,36,308807,0,7339,126,2068295,38,348768,1,303605
2022-07-26,łódzkie,LD,280,309087,2,7341,711,2069006,293,349061,0,303605
2022-07-27,łódzkie,LD,195,309282,2,7343,517,2069523,211,349272,0,303605
2022-07-28,łódzkie,LD,207,309489,1,7344,546,2070069,224,349496,0,303605
2022-07-29,łódzkie,LD,197,309686,1,7345,481,2070550,206,349702,0,303605
2022-07-30,łódzkie,LD,231,309917,2,7347,585,2071135,247,349949,0,303605
2022-07-31,łódzkie,LD,26,309943,0,7347,146,2071281,27,349976,0,303605
2022-08-01,łódzkie,LD,48,309991,0,7347,180,2071461,51,350027,0,303605
2022-08-02,łódzkie,LD,297,310288,1,7348,679,2072140,310,350337,0,303605
2022-08-03,łódzkie,LD,273,310561,0,7348,640,2072780,291,350628,0,303605
2022-08-04,łódzkie,LD,251,310812,1,7349,593,2073373,262,350890,0,303605
2022-08-05,łódzkie,LD,270,311082,1,7350,644,2074017,290,351180,0,303605
2022-08-06,łódzkie,LD,264,311346,1,7351,621,2074638,277,351457,0,303605
2022-08-07,łódzkie,LD,50,311396,0,7351,202,2074840,52,351509,1,303606
2022-08-08,łódzkie,LD,36,311432,0,7351,140,2074980,38,351547,1,303607
2022-08-09,łódzkie,LD,394,311826,2,7353,814,2075794,415,351962,0,303607
2022-08-10,łódzkie,LD,280,312106,2,7355,701,2076495,296,352258,0,303607
2022-08-11,łódzkie,LD,295,312401,2,7357,688,2077183,308,352566,0,303607
2022-08-12,łódzkie,LD,261,312662,1,7358,709,2077892,269,352835,0,303607
2022-08-13,łódzkie,LD,286,312948,1,7359,694,2078586,302,353137,2,303609
2022-08-14,łódzkie,LD,42,312990,0,7359,185,2078771,45,353182,1,303610
2022-08-15,łódzkie,LD,28,313018,0,7359,170,2078941,34,353216,1,303611
2022-08-16,łódzkie,LD,57,313075,0,7359,186,2079127,58,353274,2,303613
2022-08-17,łódzkie,LD,491,313566,1,7360,943,2080070,504,353778,1,303614
2022-08-18,łódzkie,LD,335,313901,4,7364,760,2080830,354,354132,2,303616
2022-08-19,łódzkie,LD,341,314242,3,7367,771,2081601,361,354493,1,303617
2022-08-20,łódzkie,LD,292,314534,2,7369,665,2082266,310,354803,1,303618
2022-08-21,łódzkie,LD,32,314566,0,7369,171,2082437,35,354838,2,303620
2022-08-22,łódzkie,LD,34,314600,0,7369,201,2082638,36,354874,1,303621
2022-08-23,łódzkie,LD,391,314991,3,7372,850,2083488,412,355286,0,303621
2022-08-24,łódzkie,LD,246,315237,3,7375,654,2084142,267,355553,0,303621
2022-08-25,łódzkie,LD,249,315486,2,7377,638,2084780,263,355816,0,303621
2022-08-26,łódzkie,LD,258,315744,2,7379,662,2085442,270,356086,0,303621
2022-08-27,łódzkie,LD,248,315992,1,7380,592,2086034,267,356353,0,303621
2022-08-28,łódzkie,LD,34,316026,0,7380,152,2086186,37,356390,0,303621
2022-08-29,łódzkie,LD,33,316059,0,7380,165,2086351,34,356424,0,303621
2022-08-30,łódzkie,LD,334,316393,4,7384,820,2087171,350,356774,0,303621
2022-08-31,łódzkie,LD,241,316634,3,7387,658,2087829,271,357045,0,303621
2022-09-01,łódzkie,LD,191,316825,0,7387,492,2088321,206,357251,0,303621
2022-09-02,łódzkie,LD,113,316938,0,7387,471,2088792,127,357378,0,303621
2022-09-03,łódzkie,LD,103,317041,3,7390,343,2089135,116,357494,0,303621
2022-09-04,łódzkie,LD,19,317060,0,7390,142,2089277,20,357514,0,303621
2022-09-05,łódzkie,LD,19,317079,0,7390,116,2089393,19,357533,0,303621
2022-09-06,łódzkie,LD,208,317287,1,7391,547,2089940,217,357750,0,303621
2022-09-07,łódzkie,LD,138,317425,1,7392,431,2090371,146,357896,0,303621
2022-09-08,łódzkie,LD,169,317594,2,7394,521,2090892,183,358079,0,303621
2022-09-09,łódzkie,LD,295,317889,0,7394,726,2091618,303,358382,0,303621
2022-09-10,łódzkie,LD,192,318081,0,7394,501,2092119,200,358582,0,303621
2022-09-11,łódzkie,LD,22,318103,0,7394,141,2092260,24,358606,0,303621
2022-09-12,łódzkie,LD,36,318139,0,7394,153,2092413,40,358646,0,303621
2022-09-13,łódzkie,LD,317,318456,2,7396,790,2093203,332,358978,0,303621
2022-09-14,łódzkie,LD,373,318829,0,7396,940,2094143,383,359361,0,303621
2022-09-15,łódzkie,LD,356,319185,0,7396,869,2095012,370,359731,0,303621
2022-09-16,łódzkie,LD,192,319377,1,7397,532,2095544,200,359931,0,303621
2022-09-17,łódzkie,LD,158,319535,0,7397,524,2096068,168,360099,0,303621
2022-09-18,łódzkie,LD,48,319583,0,7397,192,2096260,50,360149,0,303621
2022-09-19,łódzkie,LD,33,319616,0,7397,143,2096403,34,360183,0,303621
2022-09-20,łódzkie,LD,293,319909,0,7397,839,2097242,313,360496,0,303621
2022-09-21,łódzkie,LD,180,320089,3,7400,551,2097793,192,360688,0,303621
2022-09-22,łódzkie,LD,366,320455,0,7400,1033,2098826,393,361081,0,303621
2022-09-23,łódzkie,LD,328,320783,2,7402,932,2099758,339,361420,0,303621
2022-09-24,łódzkie,LD,209,320992,1,7403,635,2100393,229,361649,0,303621
2022-09-25,łódzkie,LD,33,321025,0,7403,182,2100575,43,361692,0,303621
2022-09-26,łódzkie,LD,29,321054,0,7403,141,2100716,32,361724,0,303621
2022-09-27,łódzkie,LD,299,321353,0,7403,845,2101561,317,362041,0,303621
2022-09-28,łódzkie,LD,187,321540,0,7403,675,2102236,198,362239,0,303621
2022-09-29,łódzkie,LD,237,321777,1,7404,767,2103003,252,362491,0,303621
2022-09-30,łódzkie,LD,233,322010,0,7404,846,2103849,253,362744,0,303621
2022-10-01,łódzkie,LD,222,322232,2,7406,770,2104619,238,362982,0,303621
2022-10-02,łódzkie,LD,15,322247,0,7406,50,2104669,15,362997,0,303621
2022-10-03,łódzkie,LD,4,322251,0,7406,14,2104683,4,363001,0,303621
2022-10-04,łódzkie,LD,300,322551,1,7407,850,2105533,313,363314,0,303621
2022-10-05,łódzkie,LD,197,322748,0,7407,680,2106213,206,363520,0,303621
2022-10-06,łódzkie,LD,232,322980,2,7409,732,2106945,245,363765,0,303621
2022-10-07,łódzkie,LD,166,323146,0,7409,562,2107507,171,363936,0,303621
2022-10-08,łódzkie,LD,254,323400,0,7409,1174,2108681,288,364224,0,303621
2022-10-09,łódzkie,LD,34,323434,0,7409,181,2108862,37,364261,0,303621
2022-10-10,łódzkie,LD,11,323445,0,7409,119,2108981,16,364277,0,303621
2022-10-11,łódzkie,LD,188,323633,5,7414,753,2109734,199,364476,0,303621
2022-10-12,łódzkie,LD,147,323780,1,7415,638,2110372,157,364633,0,303621
2022-10-13,łódzkie,LD,114,323894,3,7418,527,2110899,120,364753,0,303621
2022-10-14,łódzkie,LD,111,324005,1,7419,505,2111404,113,364866,0,303621
2022-10-15,łódzkie,LD,80,324085,2,7421,429,2111833,87,364953,0,303621
2022-10-16,łódzkie,LD,19,324104,0,7421,120,2111953,19,364972,0,303621
2022-10-17,łódzkie,LD,16,324120,0,7421,100,2112053,17,364989,0,303621
2022-10-18,łódzkie,LD,125,324245,2,7423,594,2112647,129,365118,0,303621
2022-10-19,łódzkie,LD,92,324337,1,7424,487,2113134,98,365216,0,303621
2022-10-20,łódzkie,LD,81,324418,0,7424,480,2113614,84,365300,0,303621
2022-10-21,łódzkie,LD,48,324466,0,7424,370,2113984,51,365351,0,303621
2022-10-22,łódzkie,LD,67,324533,1,7425,377,2114361,72,365423,0,303621
2022-10-23,łódzkie,LD,10,324543,0,7425,122,2114483,11,365434,0,303621
2022-10-24,łódzkie,LD,15,324558,0,7425,121,2114604,15,365449,0,303621
2022-10-25,łódzkie,LD,105,324663,0,7425,567,2115171,112,365561,0,303621
2022-10-26,łódzkie,LD,65,324728,0,7425,447,2115618,72,365633,0,303621
2022-10-27,łódzkie,LD,47,324775,1,7426,448,2116066,50,365683,0,303621
2022-10-28,łódzkie,LD,57,324832,1,7427,370,2116436,62,365745,0,303621
2022-10-29,łódzkie,LD,44,324876,1,7428,380,2116816,47,365792,0,303621
2022-10-30,łódzkie,LD,12,324888,0,7428,112,2116928,14,365806,0,303621
2022-10-31,łódzkie,LD,8,324896,0,7428,119,2117047,8,365814,0,303621
2022-11-01,łódzkie,LD,38,324934,0,7428,361,2117408,42,365856,0,303621
2022-11-02,łódzkie,LD,9,324943,0,7428,100,2117508,9,365865,0,303621
2022-11-03,łódzkie,LD,35,324978,1,7429,412,2117920,36,365901,0,303621
2022-11-04,łódzkie,LD,39,325017,0,7429,302,2118222,39,365940,0,303621
2022-11-05,łódzkie,LD,39,325056,0,7429,328,2118550,43,365983,0,303621
2022-11-06,łódzkie,LD,7,325063,0,7429,98,2118648,7,365990,0,303621
2022-11-07,łódzkie,LD,5,325068,0,7429,110,2118758,5,365995,0,303621
2022-11-08,łódzkie,LD,35,325103,0,7429,401,2119159,38,366033,0,303621
2022-11-09,łódzkie,LD,42,325145,2,7431,341,2119500,46,366079,0,303621
2022-11-10,łódzkie,LD,29,325174,0,7431,276,2119776,38,366117,0,303621
2022-11-11,łódzkie,LD,23,325197,0,7431,334,2120110,27,366144,0,303621
2022-11-12,łódzkie,LD,6,325203,0,7431,86,2120196,6,366150,0,303621
2022-11-13,łódzkie,LD,7,325210,0,7431,103,2120299,7,366157,0,303621
2022-11-14,łódzkie,LD,3,325213,0,7431,64,2120363,3,366160,0,303621
2022-11-15,łódzkie,LD,30,325243,0,7431,378,2120741,34,366194,0,303621
2022-11-16,łódzkie,LD,34,325277,0,7431,288,2121029,34,366228,0,303621
2022-11-17,łódzkie,LD,22,325299,1,7432,263,2121292,27,366255,0,303621
2022-11-18,łódzkie,LD,17,325316,0,7432,261,2121553,18,366273,0,303621
2022-11-19,łódzkie,LD,21,325337,0,7432,247,2121800,22,366295,0,303621
2022-11-20,łódzkie,LD,9,325346,0,7432,89,2121889,10,366305,0,303621
2022-11-21,łódzkie,LD,3,325349,0,7432,81,2121970,4,366309,0,303621
2022-11-22,łódzkie,LD,37,325386,1,7433,329,2122299,39,366348,0,303621
2022-11-23,łódzkie,LD,35,325421,1,7434,317,2122616,38,366386,0,303621
2022-11-24,łódzkie,LD,26,325447,0,7434,240,2122856,29,366415,0,303621
2022-11-25,łódzkie,LD,28,325475,0,7434,248,2123104,30,366445,0,303621
2022-11-26,łódzkie,LD,15,325490,1,7435,204,2123308,19,366464,0,303621
2022-11-27,łódzkie,LD,0,325490,0,7435,64,2123372,1,366465,0,303621
2022-11-28,łódzkie,LD,4,325494,0,7435,78,2123450,4,366469,0,303621
2022-11-29,łódzkie,LD,33,325527,1,7436,339,2123789,34,366503,0,303621
2022-11-30,łódzkie,LD,31,325558,0,7436,270,2124059,35,366538,0,303621
2022-12-01,łódzkie,LD,40,325598,0,7436,282,2124341,41,366579,0,303621
2022-12-02,łódzkie,LD,32,325630,1,7437,288,2124629,33,366612,0,303621
2022-12-03,łódzkie,LD,17,325647,1,7438,180,2124809,19,366631,0,303621
2022-12-04,łódzkie,LD,0,325647,0,7438,72,2124881,0,366631,0,303621
2022-12-05,łódzkie,LD,7,325654,0,7438,82,2124963,7,366638,0,303621
2022-12-06,łódzkie,LD,38,325692,1,7439,351,2125314,40,366678,0,303621
2022-12-07,łódzkie,LD,30,325722,0,7439,308,2125622,33,366711,0,303621
2022-12-08,łódzkie,LD,29,325751,1,7440,284,2125906,33,366744,0,303621
2022-12-09,łódzkie,LD,12,325763,1,7441,174,2126080,14,366758,0,303621
2022-12-10,łódzkie,LD,18,325781,0,7441,231,2126311,20,366778,0,303621
2022-12-11,łódzkie,LD,12,325793,0,7441,132,2126443,12,366790,0,303621
2022-12-12,łódzkie,LD,12,325805,0,7441,114,2126557,12,366802,0,303621
2022-12-13,łódzkie,LD,74,325879,0,7441,516,2127073,82,366884,0,303621
2022-12-14,łódzkie,LD,47,325926,1,7442,371,2127444,48,366932,0,303621
2022-12-15,łódzkie,LD,37,325963,1,7443,316,2127760,45,366977,0,303621
2022-12-16,łódzkie,LD,39,326002,0,7443,379,2128139,45,367022,0,303621
2022-12-17,łódzkie,LD,39,326041,0,7443,343,2128482,39,367061,0,303621
2022-12-18,łódzkie,LD,6,326047,0,7443,109,2128591,7,367068,0,303621
2022-12-19,łódzkie,LD,7,326054,0,7443,113,2128704,8,367076,0,303621
2022-12-20,łódzkie,LD,48,326102,1,7444,440,2129144,55,367131,0,303621
2022-12-21,łódzkie,LD,35,326137,0,7444,357,2129501,37,367168,0,303621
2022-12-22,łódzkie,LD,51,326188,0,7444,417,2129918,57,367225,0,303621
2022-12-23,łódzkie,LD,37,326225,0,7444,390,2130308,42,367267,0,303621
2022-12-24,łódzkie,LD,39,326264,1,7445,374,2130682,42,367309,0,303621
2022-12-25,łódzkie,LD,8,326272,0,7445,137,2130819,8,367317,0,303621
2022-12-26,łódzkie,LD,11,326283,0,7445,171,2130990,11,367328,0,303621
2022-12-27,łódzkie,LD,18,326301,0,7445,183,2131173,19,367347,0,303621
2022-12-28,łódzkie,LD,44,326345,0,7445,507,2131680,50,367397,0,303621
2022-12-29,łódzkie,LD,29,326374,1,7446,331,2132011,30,367427,0,303621
2022-12-30,łódzkie,LD,38,326412,1,7447,434,2132445,40,367467,0,303621
2022-12-31,łódzkie,LD,21,326433,0,7447,352,2132797,27,367494,0,303621
2023-01-01,łódzkie,LD,13,326446,0,7447,153,2132950,13,367507,0,303621
2023-01-02,łódzkie,LD,7,326453,0,7447,131,2133081,7,367514,0,303621
2023-01-03,łódzkie,LD,30,326483,2,7449,386,2133467,32,367546,0,303621
2023-01-04,łódzkie,LD,37,326520,0,7449,324,2133791,40,367586,0,303621
2023-01-05,łódzkie,LD,30,326550,0,7449,285,2134076,31,367617,0,303621
2023-01-06,łódzkie,LD,26,326576,0,7449,364,2134440,29,367646,0,303621
2023-01-07,łódzkie,LD,14,326590,0,7449,113,2134553,14,367660,0,303621
2023-01-08,łódzkie,LD,19,326609,0,7449,144,2134697,24,367684,0,303621
2023-01-09,łódzkie,LD,8,326617,0,7449,119,2134816,9,367693,0,303621
2023-01-10,łódzkie,LD,30,326647,1,7450,397,2135213,33,367726,0,303621
2023-01-11,łódzkie,LD,20,326667,1,7451,197,2135410,20,367746,0,303621
2023-01-12,łódzkie,LD,16,326683,1,7452,212,2135622,18,367764,0,303621
2023-01-13,łódzkie,LD,12,326695,0,7452,247,2135869,12,367776,0,303621
2023-01-14,łódzkie,LD,18,326713,0,7452,177,2136046,18,367794,0,303621
2023-01-15,łódzkie,LD,6,326719,0,7452,103,2136149,7,367801,0,303621
2023-01-16,łódzkie,LD,2,326721,0,7452,95,2136244,2,367803,0,303621
2023-01-17,łódzkie,LD,20,326741,0,7452,227,2136471,21,367824,0,303621
2023-01-18,łódzkie,LD,23,326764,0,7452,185,2136656,26,367850,0,303621
2023-01-19,łódzkie,LD,19,326783,0,7452,199,2136855,24,367874,0,303621
2023-01-20,łódzkie,LD,19,326802,0,7452,226,2137081,19,367893,0,303621
2023-01-21,łódzkie,LD,24,326826,0,7452,147,2137228,27,367920,0,303621
2023-01-22,łódzkie,LD,8,326834,0,7452,72,2137300,8,367928,0,303621
2023-01-23,łódzkie,LD,0,326834,0,7452,65,2137365,0,367928,0,303621
2023-01-24,łódzkie,LD,26,326860,1,7453,213,2137578,29,367957,0,303621
2023-01-25,łódzkie,LD,22,326882,0,7453,175,2137753,26,367983,0,303621
2023-01-26,łódzkie,LD,21,326903,1,7454,135,2137888,25,368008,0,303621
2023-01-27,łódzkie,LD,15,326918,0,7454,164,2138052,16,368024,0,303621
2023-01-28,łódzkie,LD,19,326937,0,7454,132,2138184,21,368045,0,303621
2023-01-29,łódzkie,LD,1,326938,0,7454,8,2138192,1,368046,0,303621
2023-01-30,łódzkie,LD,0,326938,0,7454,5,2138197,0,368046,0,303621
2023-01-31,łódzkie,LD,36,326974,0,7454,157,2138354,38,368084,0,303621
2023-02-01,łódzkie,LD,47,327021,0,7454,258,2138612,51,368135,0,303621
2023-02-02,łódzkie,LD,40,327061,0,7454,272,2138884,43,368178,0,303621
2023-02-03,łódzkie,LD,79,327140,0,7454,776,2139660,83,368261,0,303621
2023-02-04,łódzkie,LD,41,327181,0,7454,260,2139920,42,368303,0,303621
2023-02-05,łódzkie,LD,5,327186,0,7454,52,2139972,5,368308,0,303621
2023-02-06,łódzkie,LD,14,327200,0,7454,72,2140044,15,368323,0,303621
2023-02-07,łódzkie,LD,86,327286,0,7454,389,2140433,91,368414,0,303621
2023-02-08,łódzkie,LD,73,327359,0,7454,367,2140800,85,368499,0,303621
2023-02-09,łódzkie,LD,76,327435,2,7456,291,2141091,81,368580,0,303621
2023-02-10,łódzkie,LD,53,327488,1,7457,308,2141399,59,368639,0,303621
2023-02-11,łódzkie,LD,86,327574,1,7458,377,2141776,90,368729,0,303621
2023-02-12,łódzkie,LD,11,327585,0,7458,72,2141848,11,368740,0,303621
2023-02-13,łódzkie,LD,17,327602,0,7458,98,2141946,19,368759,0,303621
2023-02-14,łódzkie,LD,163,327765,0,7458,501,2142447,167,368926,0,303621
2023-02-15,łódzkie,LD,141,327906,0,7458,437,2142884,147,369073,0,303621
2023-02-16,łódzkie,LD,128,328034,0,7458,375,2143259,131,369204,0,303621
2023-02-17,łódzkie,LD,166,328200,0,7458,472,2143731,169,369373,0,303621
2023-02-18,łódzkie,LD,130,328330,0,7458,436,2144167,141,369514,0,303621
2023-02-19,łódzkie,LD,14,328344,0,7458,88,2144255,14,369528,0,303621
2023-02-20,łódzkie,LD,28,328372,0,7458,112,2144367,29,369557,0,303621
2023-02-21,łódzkie,LD,253,328625,1,7459,715,2145082,272,369829,0,303621
2023-02-22,łódzkie,LD,213,328838,0,7459,519,2145601,222,370051,0,303621
2023-02-23,łódzkie,LD,232,329070,1,7460,603,2146204,235,370286,0,303621
2023-02-24,łódzkie,LD,208,329278,1,7461,594,2146798,218,370504,0,303621
2023-02-25,łódzkie,LD,172,329450,1,7462,536,2147334,178,370682,0,303621
2023-02-26,łódzkie,LD,25,329475,0,7462,119,2147453,27,370709,0,303621
2023-02-27,łódzkie,LD,26,329501,0,7462,111,2147564,27,370736,0,303621
2023-02-28,łódzkie,LD,259,329760,0,7462,713,2148277,274,371010,0,303621
2023-03-01,łódzkie,LD,176,329936,2,7464,501,2148778,192,371202,0,303621
2023-03-02,łódzkie,LD,208,330144,0,7464,570,2149348,225,371427,0,303621
2023-03-03,łódzkie,LD,256,330400,0,7464,711,2150059,261,371688,0,303621
2023-03-04,łódzkie,LD,198,330598,1,7465,616,2150675,210,371898,0,303621
2023-03-05,łódzkie,LD,26,330624,0,7465,115,2150790,29,371927,0,303621
2023-03-06,łódzkie,LD,35,330659,0,7465,167,2150957,36,371963,0,303621
2023-03-07,łódzkie,LD,291,330950,2,7467,783,2151740,312,372275,0,303621
2023-03-08,łódzkie,LD,203,331153,2,7469,627,2152367,208,372483,0,303621
2023-03-09,łódzkie,LD,216,331369,1,7470,643,2153010,225,372708,0,303621
2023-03-10,łódzkie,LD,227,331596,0,7470,637,2153647,243,372951,0,303621
2023-03-11,łódzkie,LD,235,331831,0,7470,603,2154250,241,373192,0,303621
2023-03-12,łódzkie,LD,38,331869,0,7470,138,2154388,40,373232,0,303621
2023-03-13,łódzkie,LD,27,331896,0,7470,165,2154553,28,373260,0,303621
2023-03-14,łódzkie,LD,306,332202,1,7471,869,2155422,325,373585,0,303621
2023-03-15,łódzkie,LD,253,332455,0,7471,863,2156285,270,373855,0,303621
2023-03-16,łódzkie,LD,199,332654,3,7474,624,2156909,207,374062,0,303621
2023-03-17,łódzkie,LD,204,332858,0,7474,624,2157533,208,374270,0,303621
2023-03-18,łódzkie,LD,204,333062,6,7480,616,2158149,214,374484,0,303621
2023-03-19,łódzkie,LD,30,333092,0,7480,129,2158278,33,374517,0,303621
2023-03-20,łódzkie,LD,25,333117,0,7480,159,2158437,28,374545,0,303621
2023-03-21,łódzkie,LD,267,333384,2,7482,819,2159256,290,374835,0,303621
2023-03-22,łódzkie,LD,171,333555,4,7486,641,2159897,188,375023,0,303621
2023-03-23,łódzkie,LD,148,333703,2,7488,474,2160371,157,375180,0,303621
2023-03-24,łódzkie,LD,167,333870,0,7488,663,2161034,174,375354,0,303621
2023-03-25,łódzkie,LD,140,334010,3,7491,554,2161588,145,375499,0,303621
2023-03-26,łódzkie,LD,12,334022,0,7491,122,2161710,16,375515,0,303621
2023-03-27,łódzkie,LD,22,334044,0,7491,136,2161846,23,375538,0,303621
2023-03-28,łódzkie,LD,126,334170,2,7493,516,2162362,137,375675,0,303621
2023-03-29,łódzkie,LD,104,334274,0,7493,494,2162856,111,375786,0,303621
2023-03-30,łódzkie,LD,80,334354,0,7493,409,2163265,91,375877,0,303621
2023-03-31,łódzkie,LD,93,334447,1,7494,434,2163699,106,375983,0,303621
2023-04-01,łódzkie,LD,82,334529,0,7494,416,2164115,88,376071,0,303621
2023-04-02,łódzkie,LD,16,334545,0,7494,123,2164238,17,376088,0,303621
2023-04-03,łódzkie,LD,12,334557,0,7494,113,2164351,14,376102,0,303621
2023-04-04,łódzkie,LD,106,334663,1,7495,474,2164825,116,376218,0,303621
2023-04-05,łódzkie,LD,76,334739,1,7496,409,2165234,79,376297,0,303621
2023-04-06,łódzkie,LD,69,334808,0,7496,458,2165692,72,376369,0,303621
2023-04-07,łódzkie,LD,65,334873,0,7496,340,2166032,70,376439,0,303621
2023-04-08,łódzkie,LD,45,334918,2,7498,287,2166319,50,376489,0,303621
2023-04-09,łódzkie,LD,10,334928,0,7498,98,2166417,10,376499,0,303621
2023-04-10,łódzkie,LD,11,334939,0,7498,110,2166527,12,376511,0,303621
2023-04-11,łódzkie,LD,8,334947,0,7498,121,2166648,8,376519,0,303621
2023-04-12,łódzkie,LD,79,335026,1,7499,389,2167037,82,376601,0,303621
2023-04-13,łódzkie,LD,66,335092,0,7499,349,2167386,72,376673,0,303621
2023-04-14,łódzkie,LD,45,335137,0,7499,252,2167638,46,376719,0,303621
2023-04-15,łódzkie,LD,33,335170,0,7499,298,2167936,37,376756,0,303621
2023-04-16,łódzkie,LD,6,335176,0,7499,61,2167997,6,376762,0,303621
2023-04-17,łódzkie,LD,10,335186,0,7499,125,2168122,12,376774,0,303621
2023-04-18,łódzkie,LD,53,335239,0,7499,298,2168420,56,376830,0,303621
2023-04-19,łódzkie,LD,31,335270,0,7499,270,2168690,33,376863,0,303621
2023-04-20,łódzkie,LD,20,335290,0,7499,255,2168945,21,376884,0,303621
2023-04-21,łódzkie,LD,38,335328,0,7499,234,2169179,44,376928,0,303621
2023-04-22,łódzkie,LD,18,335346,0,7499,190,2169369,20,376948,0,303621
2023-04-23,łódzkie,LD,10,335356,0,7499,84,2169453,11,376959,0,303621
2023-04-24,łódzkie,LD,8,335364,0,7499,81,2169534,10,376969,0,303621
2023-04-25,łódzkie,LD,18,335382,0,7499,247,2169781,20,376989,0,303621
2023-04-26,łódzkie,LD,16,335398,0,7499,175,2169956,18,377007,0,303621
2023-04-27,łódzkie,LD,18,335416,1,7500,193,2170149,25,377032,0,303621
2023-04-28,łódzkie,LD,8,335424,0,7500,149,2170298,11,377043,0,303621
2023-04-29,łódzkie,LD,14,335438,1,7501,154,2170452,15,377058,0,303621
2023-04-30,łódzkie,LD,3,335441,0,7501,67,2170519,3,377061,0,303621
2023-05-01,łódzkie,LD,1,335442,0,7501,58,2170577,1,377062,0,303621
2023-05-02,łódzkie,LD,7,335449,0,7501,74,2170651,7,377069,0,303621
2023-05-03,łódzkie,LD,12,335461,1,7502,157,2170808,12,377081,0,303621
2023-05-04,łódzkie,LD,2,335463,0,7502,53,2170861,2,377083,0,303621
2023-05-05,łódzkie,LD,14,335477,0,7502,180,2171041,15,377098,0,303621
2023-05-06,łódzkie,LD,8,335485,0,7502,205,2171246,10,377108,0,303621
2023-05-07,łódzkie,LD,4,335489,0,7502,73,2171319,4,377112,0,303621
2023-05-08,łódzkie,LD,1,335490,0,7502,52,2171371,1,377113,0,303621
2023-05-09,łódzkie,LD,10,335500,1,7503,187,2171558,10,377123,0,303621
2023-05-10,łódzkie,LD,10,335510,0,7503,184,2171742,10,377133,0,303621
2023-05-11,łódzkie,LD,9,335519,0,7503,160,2171902,12,377145,0,303621
2023-05-12,łódzkie,LD,3,335522,0,7503,84,2171986,3,377148,0,303621
2023-05-13,łódzkie,LD,4,335526,0,7503,129,2172115,5,377153,0,303621
2023-05-14,łódzkie,LD,4,335530,0,7503,61,2172176,4,377157,0,303621
2023-05-15,łódzkie,LD,0,335530,0,7503,53,2172229,0,377157,0,303621
2023-05-16,łódzkie,LD,8,335538,0,7503,146,2172375,11,377168,0,303621
2023-05-17,łódzkie,LD,9,335547,0,7503,101,2172476,9,377177,0,303621
2023-05-18,łódzkie,LD,5,335552,0,7503,151,2172627,7,377184,0,303621
2023-05-19,łódzkie,LD,1,335553,0,7503,136,2172763,1,377185,0,303621
2023-05-20,łódzkie,LD,3,335556,0,7503,118,2172881,3,377188,0,303621
2023-05-21,łódzkie,LD,1,335557,0,7503,44,2172925,1,377189,0,303621
2023-05-22,łódzkie,LD,2,335559,0,7503,43,2172968,2,377191,0,303621
2023-05-23,łódzkie,LD,8,335567,0,7503,93,2173061,8,377199,0,303621
2023-05-24,łódzkie,LD,6,335573,1,7504,92,2173153,6,377205,0,303621
2023-05-25,łódzkie,LD,2,335575,0,7504,126,2173279,3,377208,0,303621
2023-05-26,łódzkie,LD,8,335583,0,7504,82,2173361,8,377216,0,303621
2023-05-27,łódzkie,LD,3,335586,0,7504,100,2173461,3,377219,0,303621
2023-05-28,łódzkie,LD,0,335586,0,7504,30,2173491,0,377219,0,303621
2023-05-29,łódzkie,LD,0,335586,0,7504,38,2173529,0,377219,0,303621
2023-05-30,łódzkie,LD,7,335593,0,7504,98,2173627,8,377227,0,303621
2023-05-31,łódzkie,LD,0,335593,0,7504,81,2173708,0,377227,0,303621
2023-06-01,łódzkie,LD,3,335596,0,7504,101,2173809,3,377230,0,303621
2023-06-02,łódzkie,LD,3,335599,0,7504,80,2173889,3,377233,0,303621
2023-06-03,łódzkie,LD,1,335600,0,7504,84,2173973,2,377235,0,303621
2023-06-04,łódzkie,LD,1,335601,0,7504,37,2174010,2,377237,0,303621
2023-06-05,łódzkie,LD,0,335601,0,7504,32,2174042,0,377237,0,303621
2023-06-06,łódzkie,LD,3,335604,0,7504,104,2174146,3,377240,0,303621
2023-06-07,łódzkie,LD,3,335607,0,7504,66,2174212,3,377243,0,303621
2023-06-08,łódzkie,LD,4,335611,0,7504,72,2174284,4,377247,0,303621
2023-06-09,łódzkie,LD,0,335611,0,7504,31,2174315,0,377247,0,303621
2023-06-10,łódzkie,LD,2,335613,0,7504,77,2174392,3,377250,0,303621
2023-06-11,łódzkie,LD,1,335614,0,7504,35,2174427,1,377251,0,303621
2023-06-12,łódzkie,LD,0,335614,0,7504,34,2174461,0,377251,0,303621
2023-06-13,łódzkie,LD,3,335617,0,7504,83,2174544,4,377255,0,303621
2023-06-14,łódzkie,LD,2,335619,0,7504,53,2174597,2,377257,0,303621
2023-06-15,łódzkie,LD,0,335619,0,7504,65,2174662,0,377257,0,303621
2023-06-16,łódzkie,LD,1,335620,0,7504,61,2174723,2,377259,0,303621
2023-06-17,łódzkie,LD,3,335623,0,7504,49,2174772,3,377262,0,303621
2023-06-18,łódzkie,LD,0,335623,0,7504,24,2174796,0,377262,0,303621
2023-06-19,łódzkie,LD,0,335623,0,7504,29,2174825,0,377262,0,303621
2023-06-20,łódzkie,LD,2,335625,0,7504,54,2174879,3,377265,0,303621
2023-06-21,łódzkie,LD,1,335626,0,7504,46,2174925,1,377266,0,303621
2023-06-22,łódzkie,LD,4,335630,0,7504,41,2174966,4,377270,0,303621
2023-06-23,łódzkie,LD,2,335632,0,7504,34,2175000,2,377272,0,303621
2023-06-24,łódzkie,LD,3,335635,0,7504,43,2175043,3,377275,0,303621
2023-06-25,łódzkie,LD,0,335635,0,7504,27,2175070,0,377275,0,303621
2023-06-26,łódzkie,LD,0,335635,0,7504,21,2175091,0,377275,0,303621
2023-06-27,łódzkie,LD,1,335636,0,7504,63,2175154,2,377277,0,303621
2023-06-28,łódzkie,LD,2,335638,0,7504,37,2175191,2,377279,0,303621
2023-06-29,łódzkie,LD,0,335638,0,7504,55,2175246,0,377279,0,303621
2023-06-30,łódzkie,LD,0,335638,0,7504,21,2175267,0,377279,0,303621
2023-07-01,łódzkie,LD,1,335639,0,7504,40,2175307,1,377280,0,303621
2023-07-02,łódzkie,LD,0,335639,0,7504,13,2175320,0,377280,0,303621
2023-07-03,łódzkie,LD,0,335639,0,7504,17,2175337,0,377280,0,303621
2023-07-04,łódzkie,LD,1,335640,0,7504,43,2175380,1,377281,0,303621
2023-07-05,łódzkie,LD,1,335641,0,7504,39,2175419,1,377282,0,303621
2023-07-06,łódzkie,LD,0,335641,0,7504,28,2175447,0,377282,0,303621
2023-07-07,łódzkie,LD,0,335641,0,7504,19,2175466,0,377282,0,303621
2023-07-08,łódzkie,LD,0,335641,0,7504,19,2175485,0,377282,0,303621
2023-07-09,łódzkie,LD,0,335641,0,7504,14,2175499,0,377282,0,303621
2023-07-10,łódzkie,LD,0,335641,0,7504,8,2175507,0,377282,0,303621
2023-07-11,łódzkie,LD,2,335643,0,7504,24,2175531,2,377284,0,303621
2023-07-12,łódzkie,LD,0,335643,0,7504,10,2175541,0,377284,0,303621
2023-07-13,łódzkie,LD,2,335645,0,7504,25,2175566,2,377286,0,303621
2023-07-14,łódzkie,LD,1,335646,0,7504,16,2175582,1,377287,0,303621
2023-07-15,łódzkie,LD,0,335646,0,7504,8,2175590,0,377287,0,303621
2023-07-16,łódzkie,LD,1,335647,0,7504,9,2175599,1,377288,0,303621
2023-07-17,łódzkie,LD,0,335647,0,7504,16,2175615,0,377288,0,303621
2023-07-18,łódzkie,LD,0,335647,0,7504,12,2175627,0,377288,0,303621
2023-07-19,łódzkie,LD,0,335647,0,7504,17,2175644,0,377288,0,303621
2023-07-20,łódzkie,LD,0,335647,0,7504,8,2175652,0,377288,0,303621
2023-07-21,łódzkie,LD,1,335648,0,7504,16,2175668,1,377289,0,303621
2023-07-22,łódzkie,LD,3,335651,0,7504,12,2175680,3,377292,0,303621
2023-07-23,łódzkie,LD,1,335652,0,7504,3,2175683,1,377293,0,303621
2023-07-24,łódzkie,LD,0,335652,0,7504,3,2175686,0,377293,0,303621
2023-07-25,łódzkie,LD,0,335652,0,7504,9,2175695,0,377293,0,303621
2023-07-26,łódzkie,LD,1,335653,0,7504,7,2175702,1,377294,0,303621
2023-07-27,łódzkie,LD,0,335653,0,7504,12,2175714,0,377294,0,303621
2023-07-28,łódzkie,LD,0,335653,0,7504,8,2175722,0,377294,0,303621
2023-07-29,łódzkie,LD,0,335653,0,7504,3,2175725,0,377294,0,303621
2023-07-30,łódzkie,LD,0,335653,0,7504,2,2175727,0,377294,0,303621
2023-07-31,łódzkie,LD,0,335653,0,7504,3,2175730,0,377294,0,303621
2023-08-01,łódzkie,LD,1,335654,0,7504,6,2175736,1,377295,0,303621
2023-08-02,łódzkie,LD,0,335654,0,7504,6,2175742,1,377296,0,303621
2023-08-03,łódzkie,LD,0,335654,0,7504,3,2175745,0,377296,0,303621
2023-08-04,łódzkie,LD,0,335654,0,7504,11,2175756,0,377296,0,303621
2023-08-05,łódzkie,LD,0,335654,0,7504,8,2175764,0,377296,0,303621
2023-08-06,łódzkie,LD,0,335654,0,7504,3,2175767,0,377296,0,303621
2023-08-07,łódzkie,LD,0,335654,0,7504,3,2175770,0,377296,0,303621
2023-08-08,łódzkie,LD,0,335654,0,7504,8,2175778,0,377296,0,303621
2023-08-09,łódzkie,LD,3,335657,0,7504,6,2175784,3,377299,0,303621
2023-08-10,łódzkie,LD,0,335657,0,7504,5,2175789,0,377299,0,303621
2023-08-11,łódzkie,LD,2,335659,0,7504,5,2175794,2,377301,0,303621
2023-08-12,łódzkie,LD,0,335659,0,7504,15,2175809,0,377301,0,303621
2023-08-13,łódzkie,LD,0,335659,0,7504,4,2175813,0,377301,0,303621
2023-08-14,łódzkie,LD,0,335659,0,7504,3,2175816,0,377301,0,303621
2023-08-15,łódzkie,LD,3,335662,0,7504,7,2175823,3,377304,0,303621
2023-08-16,łódzkie,LD,0,335662,0,7504,2,2175825,0,377304,0,303621
2023-08-17,łódzkie,LD,0,335662,0,7504,7,2175832,0,377304,0,303621
2023-08-18,łódzkie,LD,1,335663,0,7504,8,2175840,1,377305,0,303621
2023-08-19,łódzkie,LD,3,335666,0,7504,10,2175850,3,377308,0,303621
2023-08-20,łódzkie,LD,0,335666,0,7504,1,2175851,0,377308,0,303621
2023-08-21,łódzkie,LD,0,335666,0,7504,1,2175852,0,377308,0,303621
2023-08-22,łódzkie,LD,1,335667,0,7504,7,2175859,1,377309,0,303621
2023-08-23,łódzkie,LD,4,335671,0,7504,6,2175865,4,377313,0,303621
2023-08-24,łódzkie,LD,2,335673,0,7504,11,2175876,2,377315,0,303621
2023-08-25,łódzkie,LD,0,335673,0,7504,9,2175885,0,377315,0,303621
2023-08-26,łódzkie,LD,4,335677,0,7504,8,2175893,4,377319,0,303621
2023-08-27,łódzkie,LD,1,335678,0,7504,2,2175895,1,377320,0,303621
2023-08-28,łódzkie,LD,0,335678,0,7504,0,2175895,0,377320,0,303621
2023-08-29,łódzkie,LD,4,335682,0,7504,4,2175899,4,377324,0,303621
2023-08-30,łódzkie,LD,5,335687,0,7504,13,2175912,5,377329,0,303621
2023-08-31,łódzkie,LD,1,335688,0,7504,4,2175916,1,377330,0,303621
2023-09-01,łódzkie,LD,0,335688,0,7504,13,2175929,0,377330,0,303621
2023-09-02,łódzkie,LD,1,335689,0,7504,6,2175935,1,377331,0,303621
2023-09-03,łódzkie,LD,0,335689,0,7504,2,2175937,0,377331,0,303621
2023-09-04,łódzkie,LD,0,335689,0,7504,4,2175941,0,377331,0,303621
2023-09-05,łódzkie,LD,5,335694,0,7504,9,2175950,5,377336,0,303621
2023-09-06,łódzkie,LD,5,335699,0,7504,16,2175966,5,377341,0,303621
2023-09-07,łódzkie,LD,1,335700,0,7504,9,2175975,1,377342,0,303621
2023-09-08,łódzkie,LD,2,335702,0,7504,9,2175984,2,377344,0,303621
2023-09-09,łódzkie,LD,7,335709,0,7504,12,2175996,7,377351,0,303621
2023-09-10,łódzkie,LD,0,335709,0,7504,0,2175996,0,377351,0,303621
2023-09-11,łódzkie,LD,0,335709,0,7504,0,2175996,0,377351,0,303621
2023-09-12,łódzkie,LD,8,335717,0,7504,17,2176013,8,377359,0,303621
2023-09-13,łódzkie,LD,3,335720,0,7504,9,2176022,3,377362,0,303621
2023-09-14,łódzkie,LD,7,335727,0,7504,23,2176045,7,377369,0,303621
2023-09-15,łódzkie,LD,5,335732,0,7504,18,2176063,5,377374,0,303621
2023-09-16,łódzkie,LD,8,335740,0,7504,18,2176081,8,377382,0,303621
2023-09-17,łódzkie,LD,0,335740,0,7504,1,2176082,0,377382,0,303621
2023-09-18,łódzkie,LD,1,335741,0,7504,1,2176083,1,377383,0,303621
2023-09-19,łódzkie,LD,9,335750,0,7504,31,2176114,9,377392,0,303621
2023-09-20,łódzkie,LD,12,335762,0,7504,32,2176146,12,377404,0,303621
2023-09-21,łódzkie,LD,11,335773,0,7504,22,2176168,11,377415,0,303621
2023-09-22,łódzkie,LD,7,335780,0,7504,26,2176194,7,377422,0,303621
2023-09-23,łódzkie,LD,6,335786,0,7504,23,2176217,6,377428,0,303621
2023-09-24,łódzkie,LD,0,335786,0,7504,1,2176218,0,377428,0,303621
2023-09-25,łódzkie,LD,0,335786,0,7504,1,2176219,0,377428,0,303621
2023-09-26,łódzkie,LD,8,335794,0,7504,29,2176248,8,377436,0,303621
2023-09-27,łódzkie,LD,10,335804,0,7504,33,2176281,10,377446,0,303621
2023-09-28,łódzkie,LD,6,335810,0,7504,15,2176296,6,377452,0,303621
2023-09-29,łódzkie,LD,8,335818,0,7504,37,2176333,8,377460,0,303621
2023-09-30,łódzkie,LD,4,335822,0,7504,22,2176355,4,377464,0,303621
2023-10-01,łódzkie,LD,0,335822,0,7504,0,2176355,0,377464,0,303621
2023-10-02,łódzkie,LD,0,335822,0,7504,0,2176355,0,377464,0,303621
2023-10-03,łódzkie,LD,9,335831,0,7504,43,2176398,9,377473,0,303621
2023-10-04,łódzkie,LD,7,335838,0,7504,30,2176428,7,377480,0,303621
2023-10-05,łódzkie,LD,7,335845,0,7504,29,2176457,7,377487,0,303621
2023-10-06,łódzkie,LD,10,335855,0,7504,26,2176483,10,377497,0,303621
2023-10-07,łódzkie,LD,14,335869,0,7504,40,2176523,14,377511,0,303621
2023-10-08,łódzkie,LD,0,335869,0,7504,2,2176525,0,377511,0,303621
2023-10-09,łódzkie,LD,0,335869,0,7504,2,2176527,0,377511,0,303621
2023-10-10,łódzkie,LD,15,335884,0,7504,46,2176573,15,377526,0,303621
2023-10-11,łódzkie,LD,13,335897,0,7504,42,2176615,13,377539,0,303621
2023-10-12,łódzkie,LD,9,335906,0,7504,21,2176636,9,377548,0,303621
2023-10-13,łódzkie,LD,13,335919,0,7504,29,2176665,13,377561,0,303621
2023-10-14,łódzkie,LD,17,335936,0,7504,61,2176726,17,377578,0,303621
2023-10-15,łódzkie,LD,0,335936,0,7504,1,2176727,0,377578,0,303621
2023-10-16,łódzkie,LD,1,335937,0,7504,4,2176731,1,377579,0,303621
2023-10-17,łódzkie,LD,27,335964,0,7504,50,2176781,27,377606,0,303621
2023-10-18,łódzkie,LD,21,335985,0,7504,58,2176839,22,377628,0,303621
2023-10-19,łódzkie,LD,31,336016,0,7504,49,2176888,32,377660,0,303621
2023-10-20,łódzkie,LD,15,336031,0,7504,50,2176938,15,377675,0,303621
2023-10-21,łódzkie,LD,15,336046,1,7505,45,2176983,15,377690,0,303621
2023-10-22,łódzkie,LD,1,336047,0,7505,1,2176984,1,377691,0,303621
2023-10-23,łódzkie,LD,2,336049,0,7505,5,2176989,2,377693,0,303621
2023-10-24,łódzkie,LD,40,336089,0,7505,69,2177058,41,377734,0,303621
2023-10-25,łódzkie,LD,31,336120,0,7505,52,2177110,31,377765,0,303621
2023-10-26,łódzkie,LD,27,336147,0,7505,59,2177169,27,377792,0,303621
2023-10-27,łódzkie,LD,22,336169,7,7512,42,2177211,23,377815,0,303621
2023-10-28,łódzkie,LD,39,336208,9,7521,62,2177273,40,377855,0,303621
2023-10-29,łódzkie,LD,0,336208,0,7521,2,2177275,0,377855,0,303621
2023-10-30,łódzkie,LD,2,336210,0,7521,5,2177280,2,377857,0,303621
2023-10-31,łódzkie,LD,45,336255,0,7521,101,2177381,45,377902,0,303621
2023-11-01,łódzkie,LD,35,336290,0,7521,71,2177452,35,377937,0,303621
2023-11-02,łódzkie,LD,2,336292,0,7521,5,2177457,2,377939,0,303621
2023-11-03,łódzkie,LD,42,336334,0,7521,80,2177537,44,377983,0,303621
2023-11-04,łódzkie,LD,37,336371,0,7521,74,2177611,39,378022,0,303621
2023-11-05,łódzkie,LD,2,336373,0,7521,9,2177620,3,378025,0,303621
2023-11-06,łódzkie,LD,2,336375,0,7521,7,2177627,3,378028,0,303621
2023-11-07,łódzkie,LD,61,336436,0,7521,111,2177738,63,378091,0,303621
2023-11-08,łódzkie,LD,45,336481,0,7521,82,2177820,45,378136,0,303621
2023-11-09,łódzkie,LD,39,336520,0,7521,103,2177923,41,378177,0,303621
2023-11-10,łódzkie,LD,47,336567,1,7522,107,2178030,47,378224,0,303621
2023-11-11,łódzkie,LD,48,336615,0,7522,117,2178147,49,378273,0,303621
2023-11-12,łódzkie,LD,2,336617,0,7522,2,2178149,2,378275,0,303621
2023-11-13,łódzkie,LD,5,336622,0,7522,13,2178162,5,378280,0,303621
2023-11-14,łódzkie,LD,72,336694,0,7522,146,2178308,78,378358,0,303621
2023-11-15,łódzkie,LD,53,336747,0,7522,110,2178418,54,378412,0,303621
2023-11-16,łódzkie,LD,62,336809,0,7522,129,2178547,62,378474,0,303621
2023-11-17,łódzkie,LD,62,336871,0,7522,154,2178701,63,378537,0,303621
2023-11-18,łódzkie,LD,47,336918,0,7522,120,2178821,47,378584,0,303621
2023-11-19,łódzkie,LD,1,336919,0,7522,8,2178829,1,378585,0,303621
2023-11-20,łódzkie,LD,4,336923,0,7522,7,2178836,4,378589,0,303621
2023-11-21,łódzkie,LD,92,337015,1,7523,170,2179006,92,378681,0,303621
2023-11-22,łódzkie,LD,91,337106,0,7523,156,2179162,92,378773,0,303621
2023-11-23,łódzkie,LD,54,337160,19,7542,97,2179259,55,378828,0,303621
2023-11-24,łódzkie,LD,98,337258,3,7545,190,2179449,99,378927,0,303621
2023-11-25,łódzkie,LD,75,337333,0,7545,173,2179622,79,379006,0,303621
2023-11-26,łódzkie,LD,4,337337,0,7545,14,2179636,4,379010,0,303621
2023-11-27,łódzkie,LD,2,337339,0,7545,2,2179638,2,379012,0,303621
2023-11-28,łódzkie,LD,134,337473,0,7545,244,2179882,136,379148,0,303621
2023-11-29,łódzkie,LD,98,337571,0,7545,198,2180080,98,379246,0,303621
2023-11-30,łódzkie,LD,99,337670,0,7545,197,2180277,102,379348,0,303621
2023-12-01,łódzkie,LD,115,337785,1,7546,224,2180501,118,379466,0,303621
2023-12-02,łódzkie,LD,123,337908,0,7546,213,2180714,123,379589,0,303621
2023-12-03,łódzkie,LD,0,337908,0,7546,1,2180715,0,379589,0,303621
2023-12-04,łódzkie,LD,4,337912,0,7546,15,2180730,4,379593,0,303621
2023-12-05,łódzkie,LD,161,338073,0,7546,279,2181009,162,379755,0,303621
2023-12-06,łódzkie,LD,161,338234,1,7547,321,2181330,162,379917,0,303621
2023-12-07,łódzkie,LD,165,338399,5,7552,270,2181600,166,380083,0,303621
2023-12-08,łódzkie,LD,131,338530,0,7552,285,2181885,134,380217,0,303621
2023-12-09,łódzkie,LD,169,338699,1,7553,307,2182192,170,380387,0,303621
2023-12-10,łódzkie,LD,4,338703,0,7553,20,2182212,4,380391,0,303621
2023-12-11,łódzkie,LD,0,338703,0,7553,1,2182213,0,380391,0,303621
2023-12-12,łódzkie,LD,209,338912,0,7553,371,2182584,211,380602,0,303621
2023-12-13,łódzkie,LD,219,339131,8,7561,408,2182992,224,380826,0,303621
2023-12-14,łódzkie,LD,189,339320,4,7565,354,2183346,192,381018,0,303621
2023-12-15,łódzkie,LD,148,339468,6,7571,298,2183644,152,381170,0,303621
2023-12-16,łódzkie,LD,149,339617,1,7572,264,2183908,149,381319,0,303621
2023-12-17,łódzkie,LD,3,339620,0,7572,6,2183914,3,381322,0,303621
2023-12-18,łódzkie,LD,4,339624,0,7572,13,2183927,4,381326,0,303621
2023-12-19,łódzkie,LD,207,339831,2,7574,394,2184321,212,381538,0,303621
2023-12-20,łódzkie,LD,149,339980,3,7577,327,2184648,151,381689,0,303621
2023-12-21,łódzkie,LD,124,340104,0,7577,245,2184893,126,381815,0,303621
2023-12-22,łódzkie,LD,120,340224,3,7580,248,2185141,124,381939,0,303621
2023-12-23,łódzkie,LD,118,340342,3,7583,259,2185400,124,382063,0,303621
2023-12-24,łódzkie,LD,2,340344,0,7583,5,2185405,2,382065,0,303621
2023-12-25,łódzkie,LD,0,340344,0,7583,6,2185411,0,382065,0,303621
2023-12-26,łódzkie,LD,0,340344,0,7583,2,2185413,0,382065,0,303621
2023-12-27,łódzkie,LD,8,340352,0,7583,14,2185427,9,382074,0,303621
2023-12-28,łódzkie,LD,119,340471,0,7583,268,2185695,121,382195,0,303621
2023-12-29,łódzkie,LD,116,340587,0,7583,239,2185934,116,382311,0,303621
2023-12-30,łódzkie,LD,110,340697,3,7586,287,2186221,114,382425,0,303621
2023-12-31,łódzkie,LD,4,340701,0,7586,10,2186231,4,382429,0,303621
2024-01-01,łódzkie,LD,0,340701,0,7586,0,2186231,0,382429,0,303621
2024-01-02,łódzkie,LD,0,340701,0,7586,7,2186238,0,382429,0,303621
2024-01-03,łódzkie,LD,103,340804,0,7586,225,2186463,105,382534,0,303621
2024-01-04,łódzkie,LD,125,340929,2,7588,437,2186900,128,382662,0,303621
2024-01-05,łódzkie,LD,93,341022,3,7591,349,2187249,95,382757,0,303621
2024-01-06,łódzkie,LD,63,341085,1,7592,200,2187449,66,382823,0,303621
2024-01-07,łódzkie,LD,8,341093,0,7592,22,2187471,8,382831,0,303621
2024-01-08,łódzkie,LD,2,341095,0,7592,17,2187488,2,382833,0,303621
2024-01-09,łódzkie,LD,50,341145,1,7593,181,2187669,54,382887,0,303621
2024-01-10,łódzkie,LD,44,341189,2,7595,172,2187841,48,382935,0,303621
2024-01-11,łódzkie,LD,26,341215,0,7595,139,2187980,27,382962,0,303621
2024-01-12,łódzkie,LD,31,341246,2,7597,159,2188139,36,382998,0,303621
2024-01-13,łódzkie,LD,40,341286,1,7598,138,2188277,41,383039,0,303621
2024-01-14,łódzkie,LD,1,341287,0,7598,7,2188284,1,383040,0,303621
2024-01-15,łódzkie,LD,0,341287,0,7598,11,2188295,0,383040,0,303621
2024-01-16,łódzkie,LD,59,341346,0,7598,240,2188535,60,383100,0,303621
2024-01-17,łódzkie,LD,39,341385,1,7599,190,2188725,39,383139,0,303621
2024-01-18,łódzkie,LD,32,341417,1,7600,153,2188878,33,383172,0,303621
2024-01-19,łódzkie,LD,39,341456,0,7600,225,2189103,41,383213,0,303621
2024-01-20,łódzkie,LD,21,341477,0,7600,147,2189250,21,383234,0,303621
2024-01-21,łódzkie,LD,0,341477,0,7600,15,2189265,0,383234,0,303621
2024-01-22,łódzkie,LD,3,341480,0,7600,20,2189285,3,383237,0,303621
2024-01-23,łódzkie,LD,29,341509,1,7601,237,2189522,33,383270,0,303621
2024-01-24,łódzkie,LD,27,341536,2,7603,219,2189741,28,383298,0,303621
2024-01-25,łódzkie,LD,21,341557,0,7603,183,2189924,21,383319,0,303621
2024-01-26,łódzkie,LD,24,341581,1,7604,180,2190104,24,383343,0,303621
2024-01-27,łódzkie,LD,30,341611,1,7605,225,2190329,31,383374,0,303621
2024-01-28,łódzkie,LD,1,341612,0,7605,10,2190339,1,383375,0,303621
2024-01-29,łódzkie,LD,0,341612,0,7605,7,2190346,0,383375,0,303621
2024-01-30,łódzkie,LD,31,341643,2,7607,232,2190578,31,383406,0,303621
2024-01-31,łódzkie,LD,23,341666,0,7607,203,2190781,23,383429,0,303621
2024-02-01,łódzkie,LD,14,341680,1,7608,177,2190958,17,383446,0,303621
2024-02-02,łódzkie,LD,20,341700,1,7609,260,2191218,21,383467,0,303621
2024-02-03,łódzkie,LD,26,341726,1,7610,203,2191421,28,383495,0,303621
2024-02-04,łódzkie,LD,0,341726,0,7610,16,2191437,0,383495,0,303621
2024-02-05,łódzkie,LD,1,341727,0,7610,18,2191455,1,383496,0,303621
2024-02-06,łódzkie,LD,23,341750,1,7611,297,2191752,23,383519,0,303621
2024-02-07,łódzkie,LD,21,341771,1,7612,244,2191996,22,383541,0,303621
2024-02-08,łódzkie,LD,19,341790,1,7613,178,2192174,19,383560,0,303621
2024-02-09,łódzkie,LD,12,341802,0,7613,127,2192301,12,383572,0,303621
2024-02-10,łódzkie,LD,12,341814,0,7613,161,2192462,14,383586,0,303621
2024-02-11,łódzkie,LD,0,341814,0,7613,1,2192463,0,383586,0,303621
2024-02-12,łódzkie,LD,0,341814,0,7613,13,2192476,0,383586,0,303621
2024-02-13,łódzkie,LD,12,341826,0,7613,153,2192629,14,383600,0,303621
2024-02-14,łódzkie,LD,13,341839,0,7613,149,2192778,14,383614,0,303621
2024-02-15,łódzkie,LD,13,341852,0,7613,154,2192932,13,383627,0,303621
2024-02-16,łódzkie,LD,11,341863,1,7614,132,2193064,12,383639,0,303621
2024-02-17,łódzkie,LD,7,341870,0,7614,136,2193200,9,383648,0,303621
2024-02-18,łódzkie,LD,0,341870,0,7614,8,2193208,0,383648,0,303621
2024-02-19,łódzkie,LD,0,341870,0,7614,9,2193217,0,383648,0,303621
2024-02-20,łódzkie,LD,11,341881,0,7614,178,2193395,11,383659,0,303621
2024-02-21,łódzkie,LD,15,341896,0,7614,176,2193571,15,383674,0,303621
2024-02-22,łódzkie,LD,6,341902,0,7614,124,2193695,6,383680,0,303621
2024-02-23,łódzkie,LD,6,341908,0,7614,150,2193845,6,383686,0,303621
2024-02-24,łódzkie,LD,8,341916,0,7614,135,2193980,9,383695,0,303621
2024-02-25,łódzkie,LD,0,341916,0,7614,4,2193984,0,383695,0,303621
2024-02-26,łódzkie,LD,0,341916,0,7614,9,2193993,0,383695,0,303621
2024-02-27,łódzkie,LD,7,341923,0,7614,150,2194143,7,383702,0,303621
2024-02-28,łódzkie,LD,10,341933,2,7616,125,2194268,10,383712,0,303621
2024-02-29,łódzkie,LD,4,341937,0,7616,118,2194386,4,383716,0,303621
2024-03-01,łódzkie,LD,3,341940,0,7616,120,2194506,3,383719,0,303621
2024-03-02,łódzkie,LD,6,341946,0,7616,144,2194650,6,383725,0,303621
2024-03-03,łódzkie,LD,0,341946,0,7616,6,2194656,0,383725,0,303621
2024-03-04,łódzkie,LD,1,341947,0,7616,4,2194660,1,383726,0,303621
2024-03-05,łódzkie,LD,3,341950,0,7616,112,2194772,3,383729,0,303621
2024-03-06,łódzkie,LD,5,341955,0,7616,113,2194885,5,383734,0,303621
2024-03-07,łódzkie,LD,2,341957,0,7616,81,2194966,2,383736,0,303621
2024-03-08,łódzkie,LD,1,341958,0,7616,116,2195082,1,383737,0,303621
2024-03-09,łódzkie,LD,4,341962,0,7616,74,2195156,4,383741,0,303621
2024-03-10,łódzkie,LD,0,341962,0,7616,2,2195158,0,383741,0,303621
2024-03-11,łódzkie,LD,0,341962,0,7616,6,2195164,0,383741,0,303621
2024-03-12,łódzkie,LD,3,341965,0,7616,98,2195262,3,383744,0,303621
2024-03-13,łódzkie,LD,1,341966,0,7616,84,2195346,1,383745,0,303621
2024-03-14,łódzkie,LD,4,341970,0,7616,62,2195408,4,383749,0,303621
2024-03-15,łódzkie,LD,2,341972,0,7616,53,2195461,2,383751,0,303621
2024-03-16,łódzkie,LD,2,341974,0,7616,68,2195529,2,383753,0,303621
2024-03-17,łódzkie,LD,0,341974,0,7616,2,2195531,0,383753,0,303621
2024-03-18,łódzkie,LD,0,341974,0,7616,2,2195533,0,383753,0,303621
2024-03-19,łódzkie,LD,3,341977,0,7616,76,2195609,3,383756,0,303621
2024-03-20,łódzkie,LD,1,341978,0,7616,78,2195687,1,383757,0,303621
2024-03-21,łódzkie,LD,6,341984,0,7616,61,2195748,6,383763,0,303621
2024-03-22,łódzkie,LD,3,341987,1,7617,86,2195834,3,383766,0,303621
2024-03-23,łódzkie,LD,4,341991,1,7618,71,2195905,4,383770,0,303621
2024-03-24,łódzkie,LD,0,341991,0,7618,6,2195911,0,383770,0,303621
2024-03-25,łódzkie,LD,0,341991,0,7618,3,2195914,0,383770,0,303621
2024-03-26,łódzkie,LD,2,341993,0,7618,86,2196000,2,383772,0,303621
2024-03-27,łódzkie,LD,2,341995,0,7618,60,2196060,2,383774,0,303621
2024-03-28,łódzkie,LD,4,341999,0,7618,50,2196110,4,383778,0,303621
2024-03-29,łódzkie,LD,3,342002,0,7618,44,2196154,4,383782,0,303621
2024-03-30,łódzkie,LD,0,342002,0,7618,65,2196219,0,383782,0,303621
2024-03-31,łódzkie,LD,0,342002,0,7618,0,2196219,0,383782,0,303621
2024-04-01,łódzkie,LD,0,342002,0,7618,0,2196219,0,383782,0,303621
2024-04-02,łódzkie,LD,0,342002,0,7618,2,2196221,0,383782,0,303621
2024-04-03,łódzkie,LD,3,342005,0,7618,47,2196268,3,383785,0,303621
2024-04-19,łódzkie,LD,0,342005,0,7618,19,2196287,0,383785,0,303621
2024-04-20,łódzkie,LD,1,342006,0,7618,17,2196304,1,383786,0,303621
2024-04-21,łódzkie,LD,0,342006,0,7618,0,2196304,0,383786,0,303621
2024-04-22,łódzkie,LD,0,342006,0,7618,0,2196304,0,383786,0,303621
2024-04-23,łódzkie,LD,2,342008,0,7618,36,2196340,2,383788,0,303621
2024-04-24,łódzkie,LD,0,342008,0,7618,30,2196370,0,383788,0,303621
2024-04-25,łódzkie,LD,2,342010,0,7618,34,2196404,2,383790,0,303621
2024-04-26,łódzkie,LD,0,342010,0,7618,10,2196414,0,383790,0,303621
2024-04-27,łódzkie,LD,0,342010,0,7618,24,2196438,0,383790,0,303621
2024-04-28,łódzkie,LD,0,342010,0,7618,3,2196441,0,383790,0,303621
2024-04-29,łódzkie,LD,0,342010,0,7618,0,2196441,0,383790,0,303621
2024-04-30,łódzkie,LD,0,342010,0,7618,19,2196460,0,383790,0,303621
2024-05-01,łódzkie,LD,3,342013,0,7618,15,2196475,3,383793,0,303621
2024-05-02,łódzkie,LD,0,342013,0,7618,6,2196481,0,383793,0,303621
2024-05-03,łódzkie,LD,6,342019,0,7618,24,2196505,6,383799,0,303621
2024-05-04,łódzkie,LD,0,342019,0,7618,0,2196505,0,383799,0,303621
2024-05-05,łódzkie,LD,0,342019,0,7618,0,2196505,0,383799,0,303621
2024-05-06,łódzkie,LD,0,342019,0,7618,0,2196505,0,383799,0,303621
2024-05-07,łódzkie,LD,0,342019,0,7618,7,2196512,0,383799,0,303621
2024-05-08,łódzkie,LD,2,342021,0,7618,13,2196525,2,383801,0,303621
2024-05-09,łódzkie,LD,0,342021,0,7618,8,2196533,0,383801,0,303621
2024-05-10,łódzkie,LD,2,342023,0,7618,14,2196547,2,383803,0,303621
2024-05-11,łódzkie,LD,2,342025,0,7618,12,2196559,2,383805,0,303621
2024-05-12,łódzkie,LD,0,342025,0,7618,0,2196559,0,383805,0,303621
2024-05-13,łódzkie,LD,0,342025,0,7618,0,2196559,0,383805,0,303621
2024-05-14,łódzkie,LD,3,342028,0,7618,14,2196573,3,383808,0,303621
2024-05-15,łódzkie,LD,0,342028,0,7618,18,2196591,0,383808,0,303621
2024-05-16,łódzkie,LD,0,342028,0,7618,7,2196598,0,383808,0,303621
2024-05-17,łódzkie,LD,1,342029,0,7618,10,2196608,1,383809,0,303621
2024-05-18,łódzkie,LD,0,342029,0,7618,5,2196613,0,383809,0,303621
2024-05-19,łódzkie,LD,0,342029,0,7618,0,2196613,0,383809,0,303621
2024-05-20,łódzkie,LD,0,342029,0,7618,0,2196613,0,383809,0,303621
2024-05-21,łódzkie,LD,3,342032,0,7618,13,2196626,3,383812,0,303621
2024-05-22,łódzkie,LD,1,342033,0,7618,6,2196632,1,383813,0,303621
2024-05-23,łódzkie,LD,1,342034,0,7618,2,2196634,1,383814,0,303621
2024-05-24,łódzkie,LD,1,342035,0,7618,5,2196639,1,383815,0,303621
2024-05-25,łódzkie,LD,0,342035,0,7618,1,2196640,0,383815,0,303621
2024-05-26,łódzkie,LD,0,342035,0,7618,0,2196640,0,383815,0,303621
2024-05-27,łódzkie,LD,0,342035,0,7618,0,2196640,0,383815,0,303621
2024-05-28,łódzkie,LD,0,342035,0,7618,12,2196652,0,383815,0,303621
2024-05-29,łódzkie,LD,1,342036,0,7618,7,2196659,1,383816,0,303621
2024-05-30,łódzkie,LD,1,342037,0,7618,4,2196663,1,383817,0,303621
2024-05-31,łódzkie,LD,0,342037,0,7618,0,2196663,0,383817,0,303621
2024-06-01,łódzkie,LD,1,342038,0,7618,11,2196674,1,383818,0,303621
2024-06-02,łódzkie,LD,0,342038,0,7618,0,2196674,0,383818,0,303621
2024-06-03,łódzkie,LD,0,342038,0,7618,0,2196674,0,383818,0,303621
2024-06-04,łódzkie,LD,0,342038,0,7618,11,2196685,0,383818,0,303621
2024-06-05,łódzkie,LD,0,342038,0,7618,15,2196700,0,383818,0,303621
2024-06-06,łódzkie,LD,0,342038,0,7618,8,2196708,0,383818,0,303621
2024-06-07,łódzkie,LD,1,342039,0,7618,8,2196716,1,383819,0,303621
2024-06-08,łódzkie,LD,0,342039,0,7618,4,2196720,0,383819,0,303621
2024-06-09,łódzkie,LD,0,342039,0,7618,0,2196720,0,383819,0,303621
2024-06-10,łódzkie,LD,0,342039,0,7618,0,2196720,0,383819,0,303621
2024-06-11,łódzkie,LD,1,342040,0,7618,9,2196729,1,383820,0,303621
2024-06-12,łódzkie,LD,3,342043,0,7618,7,2196736,3,383823,0,303621
2024-06-13,łódzkie,LD,1,342044,0,7618,5,2196741,1,383824,0,303621
2024-06-14,łódzkie,LD,1,342045,0,7618,4,2196745,1,383825,0,303621
2024-06-15,łódzkie,LD,0,342045,0,7618,12,2196757,0,383825,0,303621
2024-06-16,łódzkie,LD,0,342045,0,7618,0,2196757,0,383825,0,303621
2024-06-17,łódzkie,LD,0,342045,0,7618,0,2196757,0,383825,0,303621
2024-06-18,łódzkie,LD,2,342047,0,7618,8,2196765,2,383827,0,303621
2024-06-19,łódzkie,LD,1,342048,0,7618,11,2196776,1,383828,0,303621
2024-06-20,łódzkie,LD,0,342048,0,7618,6,2196782,0,383828,0,303621
2024-06-21,łódzkie,LD,2,342050,0,7618,7,2196789,2,383830,0,303621
2024-06-22,łódzkie,LD,3,342053,0,7618,8,2196797,3,383833,0,303621
2024-06-23,łódzkie,LD,0,342053,0,7618,0,2196797,0,383833,0,303621
2024-06-24,łódzkie,LD,2,342055,0,7618,2,2196799,2,383835,0,303621
2024-06-25,łódzkie,LD,3,342058,0,7618,12,2196811,3,383838,0,303621
2024-06-26,łódzkie,LD,3,342061,0,7618,8,2196819,3,383841,0,303621
2024-06-27,łódzkie,LD,2,342063,0,7618,4,2196823,2,383843,0,303621
2024-06-28,łódzkie,LD,3,342066,0,7618,14,2196837,3,383846,0,303621
2024-06-29,łódzkie,LD,3,342069,0,7618,6,2196843,3,383849,0,303621
2024-06-30,łódzkie,LD,0,342069,0,7618,0,2196843,0,383849,0,303621
2024-07-01,łódzkie,LD,0,342069,0,7618,2,2196845,0,383849,0,303621
2020-11-24,śląskie,SL,944,944,77,77,4738,4738,1070,1070,0,0
2020-11-25,śląskie,SL,1938,2882,53,130,6163,10901,2058,3128,0,0
2020-11-26,śląskie,SL,1860,4742,69,199,6239,17140,1988,5116,0,0
2020-11-27,śląskie,SL,1554,6296,50,249,6865,24005,1653,6769,0,0
2020-11-28,śląskie,SL,1402,7698,54,303,5708,29713,1522,8291,0,0
2020-11-29,śląskie,SL,970,8668,19,322,3161,32874,1014,9305,0,0
2020-11-30,śląskie,SL,420,9088,18,340,1851,34725,459,9764,0,0
2020-12-01,śląskie,SL,1081,10169,39,379,4770,39495,1235,10999,0,0
2020-12-02,śląskie,SL,1507,11676,65,444,5839,45334,1625,12624,0,0
2020-12-03,śląskie,SL,1529,13205,71,515,5921,51255,1648,14272,0,0
2020-12-04,śląskie,SL,1346,14551,66,581,5945,57200,1496,15768,0,0
2020-12-05,śląskie,SL,1285,15836,51,632,5462,62662,1522,17290,0,0
2020-12-06,śląskie,SL,905,16741,23,655,3215,65877,960,18250,0,0
2020-12-07,śląskie,SL,266,17007,10,665,1562,67439,303,18553,0,0
2020-12-08,śląskie,SL,850,17857,64,729,4583,72022,995,19548,0,0
2020-12-09,śląskie,SL,1471,19328,64,793,5764,77786,1602,21150,0,0
2020-12-10,śląskie,SL,1253,20581,47,840,5339,83125,1352,22502,0,0
2020-12-11,śląskie,SL,1090,21671,68,908,4994,88119,1185,23687,0,0
2020-12-12,śląskie,SL,995,22666,62,970,4905,93024,1090,24777,0,0
2020-12-13,śląskie,SL,669,23335,17,987,2769,95793,719,25496,0,0
2020-12-14,śląskie,SL,274,23609,3,990,1722,97515,309,25805,0,0
2020-12-15,śląskie,SL,611,24220,45,1035,4169,101684,708,26513,0,0
2020-12-16,śląskie,SL,1338,25558,48,1083,5940,107624,1466,27979,0,0
2020-12-17,śląskie,SL,974,26532,27,1110,4965,112589,1112,29091,0,0
2020-12-18,śląskie,SL,924,27456,46,1156,4665,117254,1014,30105,0,0
2020-12-19,śląskie,SL,807,28263,55,1211,4135,121389,873,30978,0,0
2020-12-20,śląskie,SL,700,28963,17,1228,2807,124196,755,31733,0,0
2020-12-21,śląskie,SL,243,29206,2,1230,1561,125757,286,32019,0,0
2020-12-22,śląskie,SL,721,29927,20,1250,4222,129979,841,32860,0,0
2020-12-23,śląskie,SL,1274,31201,44,1294,5387,135366,1384,34244,0,0
2020-12-24,śląskie,SL,1002,32203,42,1336,4273,139639,1098,35342,678,678
2020-12-25,śląskie,SL,695,32898,19,1355,2624,142263,738,36080,1375,2053
2020-12-26,śląskie,SL,285,33183,2,1357,1522,143785,335,36415,821,2874
2020-12-27,śląskie,SL,279,33462,3,1360,1452,145237,307,36722,845,3719
2020-12-28,śląskie,SL,224,33686,4,1364,1687,146924,280,37002,923,4642
2020-12-29,śląskie,SL,823,34509,40,1404,4197,151121,904,37906,818,5460
2020-12-30,śląskie,SL,1299,35808,65,1469,5170,156291,1411,39317,325,5785
2020-12-31,śląskie,SL,1046,36854,46,1515,4565,160856,1120,40437,677,6462
2021-01-01,śląskie,SL,885,37739,30,1545,3812,164668,958,41395,1226,7688
2021-01-02,śląskie,SL,431,38170,7,1552,1871,166539,483,41878,842,8530
2021-01-03,śląskie,SL,288,38458,6,1558,1836,168375,322,42200,693,9223
2021-01-04,śląskie,SL,282,38740,1,1559,2051,170426,330,42530,314,9537
2021-01-05,śląskie,SL,739,39479,27,1586,4967,175393,837,43367,391,9928
2021-01-06,śląskie,SL,1391,40870,54,1640,6373,181766,1498,44865,356,10284
2021-01-08,śląskie,SL,547,41417,25,1665,4185,185951,613,45478,1270,11554
2021-01-09,śląskie,SL,836,42253,38,1703,4888,190839,888,46366,1057,12611
2021-01-10,śląskie,SL,676,42929,9,1712,3243,194082,712,47078,744,13355
2021-01-11,śląskie,SL,233,43162,3,1715,1874,195956,262,47340,481,13836
2021-01-12,śląskie,SL,522,43684,41,1756,5288,201244,609,47949,413,14249
2021-01-13,śląskie,SL,818,44502,37,1793,7427,208671,891,48840,397,14646
2021-01-14,śląskie,SL,727,45229,19,1812,8076,216747,784,49624,763,15409
2021-01-15,śląskie,SL,601,45830,42,1854,7181,223928,660,50284,1272,16681
2021-01-16,śląskie,SL,608,46438,33,1887,7364,231292,673,50957,797,17478
2021-01-17,śląskie,SL,408,46846,6,1893,4988,236280,454,51411,548,18026
2021-01-18,śląskie,SL,311,47157,4,1897,2193,238473,363,51774,865,18891
2021-01-19,śląskie,SL,368,47525,31,1928,3949,242422,440,52214,725,19616
2021-01-20,śląskie,SL,649,48174,35,1963,5014,247436,710,52924,298,19914
2021-01-21,śląskie,SL,489,48663,27,1990,4526,251962,577,53501,508,20422
2021-01-22,śląskie,SL,488,49151,33,2023,4158,256120,532,54033,806,21228
2021-01-23,śląskie,SL,529,49680,30,2053,3867,259987,581,54614,684,21912
2021-01-24,śląskie,SL,352,50032,7,2060,2275,262262,394,55008,605,22517
2021-01-25,śląskie,SL,147,50179,1,2061,1979,264241,174,55182,588,23105
2021-01-26,śląskie,SL,342,50521,36,2097,4031,268272,416,55598,416,23521
2021-01-27,śląskie,SL,623,51144,34,2131,4633,272905,676,56274,208,23729
2021-01-28,śląskie,SL,557,51701,28,2159,4658,277563,618,56892,404,24133
2021-01-29,śląskie,SL,427,52128,23,2182,4119,281682,489,57381,604,24737
2021-01-30,śląskie,SL,493,52621,20,2202,4036,285718,537,57918,540,25277
2021-01-31,śląskie,SL,328,52949,3,2205,2307,288025,345,58263,448,25725
2021-02-01,śląskie,SL,130,53079,5,2210,1696,289721,153,58416,487,26212
2021-02-02,śląskie,SL,343,53422,18,2228,3930,293651,400,58816,408,26620
2021-02-03,śląskie,SL,702,54124,33,2261,4639,298290,776,59592,162,26782
2021-02-04,śląskie,SL,523,54647,26,2287,4155,302445,571,60163,360,27142
2021-02-05,śląskie,SL,541,55188,23,2310,4104,306549,602,60765,633,27775
2021-02-06,śląskie,SL,485,55673,21,2331,3902,310451,543,61308,560,28335
2021-02-07,śląskie,SL,393,56066,3,2334,2413,312864,414,61722,391,28726
2021-02-08,śląskie,SL,144,56210,3,2337,1855,314719,177,61899,492,29218
2021-02-09,śląskie,SL,369,56579,28,2365,4446,319165,430,62329,362,29580
2021-02-10,śląskie,SL,686,57265,30,2395,5837,325002,743,63072,178,29758
2021-02-11,śląskie,SL,621,57886,22,2417,5151,330153,673,63745,487,30245
2021-02-12,śląskie,SL,523,58409,19,2436,4723,334876,584,64329,579,30824
2021-02-13,śląskie,SL,549,58958,22,2458,4116,338992,590,64919,551,31375
2021-02-14,śląskie,SL,501,59459,2,2460,2856,341848,527,65446,504,31879
2021-02-15,śląskie,SL,146,59605,2,2462,2017,343865,176,65622,485,32364
2021-02-16,śląskie,SL,341,59946,23,2485,4456,348321,404,66026,378,32742
2021-02-17,śląskie,SL,872,60818,30,2515,5619,353940,927,66953,202,32944
2021-02-18,śląskie,SL,724,61542,23,2538,5858,359798,795,67748,393,33337
2021-02-19,śląskie,SL,829,62371,23,2561,4818,364616,905,68653,617,33954
2021-02-20,śląskie,SL,818,63189,26,2587,4842,369458,892,69545,633,34587
2021-02-21,śląskie,SL,661,63850,4,2591,2933,372391,691,70236,532,35119
2021-02-22,śląskie,SL,306,64156,0,2591,2238,374629,332,70568,497,35616
2021-02-23,śląskie,SL,461,64617,40,2631,3779,378408,531,71099,479,36095
2021-02-24,śląskie,SL,1528,66145,38,2669,6836,385244,1617,72716,187,36282
2021-02-25,śląskie,SL,1171,67316,25,2694,5427,390671,1242,73958,475,36757
2021-02-26,śląskie,SL,1018,68334,20,2714,4864,395535,1105,75063,791,37548
2021-02-27,śląskie,SL,1272,69606,27,2741,5424,400959,1349,76412,734,38282
2021-02-28,śląskie,SL,996,70602,6,2747,3730,404689,1092,77504,847,39129
2021-03-01,śląskie,SL,372,70974,2,2749,2197,406886,403,77907,759,39888
2021-03-02,śląskie,SL,745,71719,18,2767,4657,411543,823,78730,703,40591
2021-03-03,śląskie,SL,1989,73708,49,2816,6909,418452,2102,80832,316,40907
2021-03-04,śląskie,SL,1619,75327,45,2861,6274,424726,1708,82540,594,41501
2021-03-05,śląskie,SL,1872,77199,30,2891,6328,431054,1969,84509,1396,42897
2021-03-06,śląskie,SL,1534,78733,24,2915,5605,436659,1615,86124,1151,44048
2021-03-07,śląskie,SL,1593,80326,8,2923,4681,441340,1657,87781,967,45015
2021-03-08,śląskie,SL,519,80845,2,2925,2958,444298,572,88353,1212,46227
2021-03-09,śląskie,SL,1060,81905,51,2976,5501,449799,1199,89552,1010,47237
2021-03-10,śląskie,SL,2450,84355,53,3029,8268,458067,2601,92153,471,47708
2021-03-11,śląskie,SL,2595,86950,26,3055,7761,465828,2700,94853,848,48556
2021-03-12,śląskie,SL,2301,89251,37,3092,7278,473106,2443,97296,1822,50378
2021-03-13,śląskie,SL,2681,91932,55,3147,8342,481448,2813,100109,1718,52096
2021-03-14,śląskie,SL,2330,94262,4,3151,6304,487752,2405,102514,1660,53756
2021-03-15,śląskie,SL,1241,95503,2,3153,4127,491879,1351,103865,1646,55402
2021-03-16,śląskie,SL,1714,97217,62,3215,6835,498714,1866,105731,1523,56925
2021-03-17,śląskie,SL,4026,101243,49,3264,10527,509241,4159,109890,697,57622
2021-03-18,śląskie,SL,3787,105030,47,3311,9749,518990,3958,113848,1152,58774
2021-03-19,śląskie,SL,3725,108755,54,3365,10388,529378,3933,117781,2450,61224
2021-03-20,śląskie,SL,3598,112353,54,3419,9788,539166,3733,121514,2805,64029
2021-03-21,śląskie,SL,3648,116001,12,3431,8525,547691,3747,125261,1893,65922
2021-03-22,śląskie,SL,1854,117855,4,3435,5391,553082,1956,127217,2414,68336
2021-03-23,śląskie,SL,2021,119876,51,3486,7061,560143,2256,129473,2552,70888
2021-03-24,śląskie,SL,4604,124480,93,3579,11869,572012,4843,134316,1229,72117
2021-03-25,śląskie,SL,5426,129906,75,3654,12932,584944,5660,139976,1726,73843
2021-03-26,śląskie,SL,5093,134999,40,3694,13187,598131,5276,145252,3812,77655
2021-03-27,śląskie,SL,5040,140039,61,3755,12647,610778,5221,150473,3909,81564
2021-03-28,śląskie,SL,4647,144686,9,3764,10671,621449,4801,155274,3443,85007
2021-03-29,śląskie,SL,2693,147379,3,3767,6594,628043,2826,158100,3786,88793
2021-03-30,śląskie,SL,2812,150191,68,3835,8897,636940,3000,161100,3687,92480
2021-03-31,śląskie,SL,6089,156280,95,3930,14925,651865,6324,167424,1965,94445
2021-04-01,śląskie,SL,5997,162277,70,4000,14828,666693,6216,173640,2645,97090
2021-04-02,śląskie,SL,4712,166989,58,4058,12187,678880,4936,178576,4455,101545
2021-04-03,śląskie,SL,4505,171494,80,4138,11502,690382,4683,183259,5710,107255
2021-04-04,śląskie,SL,3836,175330,17,4155,9308,699690,3991,187250,4786,112041
2021-04-05,śląskie,SL,1730,177060,5,4160,5070,704760,1835,189085,4950,116991
2021-04-06,śląskie,SL,1226,178286,1,4161,5143,709903,1342,190427,4520,121511
2021-04-07,śląskie,SL,1862,180148,105,4266,9137,719040,2129,192556,3165,124676
2021-04-08,śląskie,SL,4878,185026,141,4407,14878,733918,5167,197723,3058,127734
2021-04-09,śląskie,SL,4685,189711,122,4529,14340,748258,4942,202665,5701,133435
2021-04-10,śląskie,SL,3684,193395,105,4634,12426,760684,3868,206533,6202,139637
2021-04-11,śląskie,SL,3496,196891,26,4660,11123,771807,3688,210221,4319,143956
2021-04-12,śląskie,SL,1830,198721,2,4662,6598,778405,1939,212160,4263,148219
2021-04-13,śląskie,SL,1666,200387,87,4749,8602,787007,1857,214017,4008,152227
2021-04-14,śląskie,SL,3385,203772,124,4873,12291,799298,3647,217664,2000,154227
2021-04-15,śląskie,SL,3142,206914,93,4966,11168,810466,3303,220967,1565,155792
2021-04-16,śląskie,SL,2761,209675,68,5034,10382,820848,2962,223929,2276,158068
2021-04-17,śląskie,SL,2689,212364,106,5140,10959,831807,2869,226798,5194,163262
2021-04-18,śląskie,SL,1896,214260,22,5162,7681,839488,2030,228828,4562,167824
2021-04-19,śląskie,SL,1171,215431,14,5176,5548,845036,1321,230149,3582,171406
2021-04-20,śląskie,SL,1307,216738,127,5303,7856,852892,1521,231670,3322,174728
2021-04-21,śląskie,SL,2571,219309,126,5429,10382,863274,2769,234439,2003,176731
2021-04-22,śląskie,SL,2122,221431,103,5532,8484,871758,2296,236735,2144,178875
2021-04-23,śląskie,SL,1736,223167,106,5638,7649,879407,1845,238580,3285,182160
2021-04-24,śląskie,SL,1555,224722,133,5771,8432,887839,1725,240305,3265,185425
2021-04-25,śląskie,SL,1084,225806,27,5798,5519,893358,1208,241513,2788,188213
2021-04-26,śląskie,SL,562,226368,0,5798,4201,897559,689,242202,2668,190881
2021-04-27,śląskie,SL,817,227185,76,5874,6839,904398,987,243189,2034,192915
2021-04-28,śląskie,SL,1531,228716,116,5990,8956,913354,1643,244832,1281,194196
2021-04-29,śląskie,SL,1327,230043,69,6059,7410,920764,1445,246277,1449,195645
2021-04-30,śląskie,SL,1041,231084,72,6131,6820,927584,1169,247446,2451,198096
2021-05-01,śląskie,SL,981,232065,87,6218,7117,934701,1052,248498,2542,200638
2021-05-02,śląskie,SL,723,232788,27,6245,4580,939281,776,249274,1564,202202
2021-05-03,śląskie,SL,377,233165,7,6252,3777,943058,417,249691,1471,203673
2021-05-04,śląskie,SL,351,233516,5,6257,3554,946612,406,250097,1188,204861
2021-05-05,śląskie,SL,501,234017,44,6301,6091,952703,602,250699,709,205570
2021-05-06,śląskie,SL,1086,235103,86,6387,7833,960536,1209,251908,1010,206580
2021-05-07,śląskie,SL,764,235867,73,6460,6868,967404,857,252765,1434,208014
2021-05-08,śląskie,SL,712,236579,70,6530,7533,974937,787,253552,1372,209386
2021-05-09,śląskie,SL,508,237087,27,6557,5284,980221,553,254105,1002,210388
2021-05-10,śląskie,SL,241,237328,0,6557,4236,984457,287,254392,1047,211435
2021-05-11,śląskie,SL,426,237754,66,6623,6852,991309,517,254909,769,212204
2021-05-12,śląskie,SL,634,238388,60,6683,7295,998604,701,255610,409,212613
2021-05-13,śląskie,SL,492,238880,57,6740,6142,1004746,559,256169,418,213031
2021-05-14,śląskie,SL,432,239312,66,6806,6742,1011488,500,256669,684,213715
2021-05-15,śląskie,SL,321,239633,70,6876,5693,1017181,369,257038,1084,214799
2021-05-16,śląskie,SL,270,239903,2,6878,4608,1021789,298,257336,759,215558
2021-05-17,śląskie,SL,128,240031,1,6879,3165,1024954,153,257489,732,216290
2021-05-18,śląskie,SL,244,240275,67,6946,6384,1031338,307,257796,541,216831
2021-05-19,śląskie,SL,317,240592,94,7040,6085,1037423,357,258153,297,217128
2021-05-20,śląskie,SL,238,240830,49,7089,5901,1043324,267,258420,493,217621
2021-05-21,śląskie,SL,200,241030,33,7122,6331,1049655,257,258677,633,218254
2021-05-22,śląskie,SL,154,241184,34,7156,5705,1055360,196,258873,511,218765
2021-05-23,śląskie,SL,130,241314,12,7168,3914,1059274,149,259022,427,219192
2021-05-24,śląskie,SL,75,241389,1,7169,3856,1063130,92,259114,368,219560
2021-05-25,śląskie,SL,121,241510,30,7199,6309,1069439,171,259285,290,219850
2021-05-26,śląskie,SL,185,241695,33,7232,6249,1075688,212,259497,158,220008
2021-05-27,śląskie,SL,133,241828,16,7248,7078,1082766,197,259694,267,220275
2021-05-28,śląskie,SL,123,241951,20,7268,5819,1088585,152,259846,360,220635
2021-05-29,śląskie,SL,98,242049,32,7300,7104,1095689,122,259968,249,220884
2021-05-30,śląskie,SL,76,242125,19,7319,4499,1100188,96,260064,204,221088
2021-05-31,śląskie,SL,32,242157,0,7319,3570,1103758,55,260119,195,221283
2021-06-01,śląskie,SL,61,242218,24,7343,6456,1110214,86,260205,154,221437
2021-06-02,śląskie,SL,85,242303,18,7361,6527,1116741,116,260321,96,221533
2021-06-03,śląskie,SL,69,242372,14,7375,6181,1122922,88,260409,153,221686
2021-06-04,śląskie,SL,30,242402,4,7379,3556,1126478,42,260451,161,221847
2021-06-05,śląskie,SL,31,242433,9,7388,4954,1131432,43,260494,136,221983
2021-06-06,śląskie,SL,50,242483,0,7388,4744,1136176,58,260552,134,222117
2021-06-07,śląskie,SL,26,242509,1,7389,3803,1139979,37,260589,119,222236
2021-06-08,śląskie,SL,30,242539,17,7406,7025,1147004,54,260643,88,222324
2021-06-09,śląskie,SL,47,242586,11,7417,6097,1153101,65,260708,46,222370
2021-06-10,śląskie,SL,44,242630,11,7428,6347,1159448,54,260762,66,222436
2021-06-11,śląskie,SL,36,242666,2,7430,5955,1165403,55,260817,101,222537
2021-06-12,śląskie,SL,13,242679,7,7437,6324,1171727,26,260843,73,222610
2021-06-13,śląskie,SL,32,242711,1,7438,6001,1177728,41,260884,29,222639
2021-06-14,śląskie,SL,13,242724,0,7438,3829,1181557,20,260904,36,222675
2021-06-15,śląskie,SL,23,242747,8,7446,6523,1188080,39,260943,49,222724
2021-06-16,śląskie,SL,23,242770,13,7459,6498,1194578,38,260981,29,222753
2021-06-17,śląskie,SL,24,242794,5,7464,5997,1200575,37,261018,41,222794
2021-06-18,śląskie,SL,16,242810,5,7469,5328,1205903,37,261055,54,222848
2021-06-19,śląskie,SL,19,242829,5,7474,5726,1211629,33,261088,40,222888
2021-06-20,śląskie,SL,21,242850,1,7475,4241,1215870,24,261112,49,222937
2021-06-21,śląskie,SL,8,242858,0,7475,3390,1219260,13,261125,24,222961
2021-06-22,śląskie,SL,20,242878,7,7482,7508,1226768,38,261163,31,222992
2021-06-23,śląskie,SL,26,242904,6,7488,7141,1233909,38,261201,17,223009
2021-06-24,śląskie,SL,14,242918,5,7493,5238,1239147,17,261218,26,223035
2021-06-25,śląskie,SL,11,242929,5,7498,5072,1244219,15,261233,26,223061
2021-06-26,śląskie,SL,7,242936,1,7499,5026,1249245,18,261251,32,223093
2021-06-27,śląskie,SL,6,242942,3,7502,3230,1252475,13,261264,26,223119
2021-06-28,śląskie,SL,4,242946,0,7502,2306,1254781,6,261270,27,223146
2021-06-29,śląskie,SL,18,242964,3,7505,5893,1260674,21,261291,19,223165
2021-06-30,śląskie,SL,3,242967,3,7508,5876,1266550,6,261297,17,223182
2021-07-01,śląskie,SL,14,242981,2,7510,4548,1271098,24,261321,19,223201
2021-07-02,śląskie,SL,9,242990,0,7510,4875,1275973,13,261334,22,223223
2021-07-03,śląskie,SL,8,242998,2,7512,5187,1281160,14,261348,15,223238
2021-07-04,śląskie,SL,4,243002,0,7512,3518,1284678,5,261353,11,223249
2021-07-05,śląskie,SL,5,243007,0,7512,2608,1287286,7,261360,9,223258
2021-07-06,śląskie,SL,6,243013,2,7514,5591,1292877,9,261369,11,223269
2021-07-07,śląskie,SL,7,243020,0,7514,4724,1297601,12,261381,7,223276
2021-07-08,śląskie,SL,4,243024,0,7514,4427,1302028,7,261388,17,223293
2021-07-09,śląskie,SL,8,243032,1,7515,4767,1306795,12,261400,6,223299
2021-07-10,śląskie,SL,8,243040,0,7515,5380,1312175,11,261411,17,223316
2021-07-11,śląskie,SL,3,243043,0,7515,3711,1315886,3,261414,9,223325
2021-07-12,śląskie,SL,2,243045,0,7515,3035,1318921,5,261419,8,223333
2021-07-13,śląskie,SL,11,243056,0,7515,5077,1323998,11,261430,6,223339
2021-07-14,śląskie,SL,7,243063,0,7515,4663,1328661,9,261439,7,223346
2021-07-15,śląskie,SL,6,243069,1,7516,4539,1333200,8,261447,7,223353
2021-07-16,śląskie,SL,9,243078,1,7517,4003,1337203,12,261459,15,223368
2021-07-17,śląskie,SL,11,243089,0,7517,5386,1342589,18,261477,10,223378
2021-07-18,śląskie,SL,6,243095,0,7517,3596,1346185,7,261484,9,223387
2021-07-19,śląskie,SL,5,243100,0,7517,2814,1348999,9,261493,16,223403
2021-07-20,śląskie,SL,7,243107,0,7517,5335,1354334,11,261504,7,223410
2021-07-21,śląskie,SL,10,243117,0,7517,4795,1359129,13,261517,7,223417
2021-07-22,śląskie,SL,9,243126,2,7519,4382,1363511,10,261527,15,223432
2021-07-23,śląskie,SL,20,243146,2,7521,4295,1367806,23,261550,12,223444
2021-07-24,śląskie,SL,10,243156,0,7521,4751,1372557,14,261564,6,223450
2021-07-25,śląskie,SL,6,243162,1,7522,3400,1375957,12,261576,11,223461
2021-07-26,śląskie,SL,7,243169,0,7522,2837,1378794,9,261585,17,223478
2021-07-27,śląskie,SL,11,243180,0,7522,4643,1383437,20,261605,7,223485
2021-07-28,śląskie,SL,20,243200,0,7522,4699,1388136,25,261630,7,223492
2021-07-29,śląskie,SL,12,243212,0,7522,3999,1392135,18,261648,11,223503
2021-07-30,śląskie,SL,19,243231,0,7522,4205,1396340,25,261673,14,223517
2021-07-31,śląskie,SL,19,243250,0,7522,4711,1401051,30,261703,12,223529
2021-08-01,śląskie,SL,10,243260,0,7522,3454,1404505,11,261714,22,223551
2021-08-02,śląskie,SL,12,243272,0,7522,2812,1407317,14,261728,15,223566
2021-08-03,śląskie,SL,19,243291,0,7522,5197,1412514,22,261750,14,223580
2021-08-04,śląskie,SL,11,243302,0,7522,4739,1417253,16,261766,14,223594
2021-08-05,śląskie,SL,15,243317,1,7523,4403,1421656,21,261787,12,223606
2021-08-06,śląskie,SL,20,243337,1,7524,4551,1426207,25,261812,28,223634
2021-08-07,śląskie,SL,19,243356,1,7525,5191,1431398,24,261836,18,223652
2021-08-08,śląskie,SL,13,243369,0,7525,3958,1435356,17,261853,15,223667
2021-08-09,śląskie,SL,8,243377,0,7525,2825,1438181,10,261863,22,223689
2021-08-10,śląskie,SL,12,243389,0,7525,4880,1443061,15,261878,9,223698
2021-08-11,śląskie,SL,22,243411,0,7525,4680,1447741,26,261904,17,223715
2021-08-12,śląskie,SL,20,243431,0,7525,4592,1452333,22,261926,11,223726
2021-08-13,śląskie,SL,20,243451,0,7525,4797,1457130,26,261952,15,223741
2021-08-14,śląskie,SL,24,243475,0,7525,5207,1462337,31,261983,20,223761
2021-08-15,śląskie,SL,10,243485,0,7525,4154,1466491,14,261997,13,223774
2021-08-16,śląskie,SL,7,243492,0,7525,2769,1469260,10,262007,17,223791
2021-08-17,śląskie,SL,19,243511,3,7528,5309,1474569,22,262029,15,223806
2021-08-18,śląskie,SL,15,243526,0,7528,4741,1479310,18,262047,10,223816
2021-08-19,śląskie,SL,14,243540,1,7529,4148,1483458,20,262067,14,223830
2021-08-20,śląskie,SL,19,243559,0,7529,4428,1487886,24,262091,24,223854
2021-08-21,śląskie,SL,16,243575,1,7530,5501,1493387,19,262110,15,223869
2021-08-22,śląskie,SL,20,243595,0,7530,3496,1496883,24,262134,23,223892
2021-08-23,śląskie,SL,16,243611,0,7530,2464,1499347,18,262152,36,223928
2021-08-24,śląskie,SL,28,243639,1,7531,5008,1504355,32,262184,15,223943
2021-08-25,śląskie,SL,20,243659,0,7531,4406,1508761,23,262207,12,223955
2021-08-26,śląskie,SL,29,243688,0,7531,4114,1512875,33,262240,19,223974
2021-08-27,śląskie,SL,20,243708,1,7532,4245,1517120,22,262262,19,223993
2021-08-28,śląskie,SL,33,243741,1,7533,4708,1521828,38,262300,17,224010
2021-08-29,śląskie,SL,17,243758,0,7533,3303,1525131,18,262318,17,224027
2021-08-30,śląskie,SL,11,243769,0,7533,2313,1527444,13,262331,21,224048
2021-08-31,śląskie,SL,19,243788,1,7534,4924,1532368,23,262354,22,224070
2021-09-01,śląskie,SL,31,243819,0,7534,4441,1536809,40,262394,22,224092
2021-09-02,śląskie,SL,27,243846,1,7535,4114,1540923,33,262427,33,224125
2021-09-03,śląskie,SL,34,243880,0,7535,4524,1545447,34,262461,20,224145
2021-09-04,śląskie,SL,26,243906,1,7536,4550,1549997,30,262491,29,224174
2021-09-05,śląskie,SL,32,243938,0,7536,3154,1553151,35,262526,15,224189
2021-09-06,śląskie,SL,19,243957,0,7536,2485,1555636,24,262550,34,224223
2021-09-07,śląskie,SL,25,243982,1,7537,4884,1560520,30,262580,20,224243
2021-09-08,śląskie,SL,39,244021,1,7538,4456,1564976,43,262623,14,224257
2021-09-09,śląskie,SL,24,244045,0,7538,4253,1569229,32,262655,23,224280
2021-09-10,śląskie,SL,25,244070,0,7538,4354,1573583,33,262688,39,224319
2021-09-11,śląskie,SL,43,244113,0,7538,4691,1578274,48,262736,27,224346
2021-09-12,śląskie,SL,29,244142,0,7538,3120,1581394,37,262773,35,224381
2021-09-13,śląskie,SL,17,244159,0,7538,2509,1583903,20,262793,24,224405
2021-09-14,śląskie,SL,23,244182,2,7540,5060,1588963,26,262819,33,224438
2021-09-15,śląskie,SL,41,244223,0,7540,4872,1593835,46,262865,28,224466
2021-09-16,śląskie,SL,52,244275,0,7540,4666,1598501,63,262928,25,224491
2021-09-17,śląskie,SL,34,244309,0,7540,4237,1602738,44,262972,31,224522
2021-09-18,śląskie,SL,53,244362,0,7540,4555,1607293,59,263031,32,224554
2021-09-19,śląskie,SL,33,244395,0,7540,3088,1610381,37,263068,36,224590
2021-09-20,śląskie,SL,27,244422,0,7540,2441,1612822,31,263099,44,224634
2021-09-21,śląskie,SL,44,244466,1,7541,4956,1617778,51,263150,30,224664
2021-09-22,śląskie,SL,53,244519,0,7541,4362,1622140,59,263209,19,224683
2021-09-23,śląskie,SL,60,244579,1,7542,4537,1626677,74,263283,32,224715
2021-09-24,śląskie,SL,52,244631,0,7542,4276,1630953,64,263347,41,224756
2021-09-25,śląskie,SL,73,244704,2,7544,4389,1635342,80,263427,45,224801
2021-09-26,śląskie,SL,42,244746,0,7544,2899,1638241,50,263477,38,224839
2021-09-27,śląskie,SL,20,244766,0,7544,2249,1640490,24,263501,45,224884
2021-09-28,śląskie,SL,47,244813,6,7550,4983,1645473,58,263559,40,224924
2021-09-29,śląskie,SL,59,244872,2,7552,4845,1650318,75,263634,29,224953
2021-09-30,śląskie,SL,55,244927,0,7552,4184,1654502,64,263698,41,224994
2021-10-01,śląskie,SL,67,244994,0,7552,4357,1658859,82,263780,63,225057
2021-10-02,śląskie,SL,79,245073,1,7553,4123,1662982,94,263874,58,225115
2021-10-03,śląskie,SL,57,245130,1,7554,3194,1666176,65,263939,59,225174
2021-10-04,śląskie,SL,26,245156,0,7554,2356,1668532,31,263970,60,225234
2021-10-05,śląskie,SL,46,245202,6,7560,4752,1673284,58,264028,47,225281
2021-10-06,śląskie,SL,130,245332,2,7562,4775,1678059,141,264169,31,225312
2021-10-07,śląskie,SL,76,245408,2,7564,4090,1682149,86,264255,47,225359
2021-10-08,śląskie,SL,103,245511,2,7566,4314,1686463,113,264368,64,225423
2021-10-09,śląskie,SL,109,245620,4,7570,3705,1690168,123,264491,54,225477
2021-10-10,śląskie,SL,83,245703,0,7570,2588,1692756,87,264578,63,225540
2021-10-11,śląskie,SL,44,245747,0,7570,2289,1695045,47,264625,90,225630
2021-10-12,śląskie,SL,75,245822,0,7570,3989,1699034,88,264713,63,225693
2021-10-13,śląskie,SL,131,245953,6,7576,4458,1703492,148,264861,35,225728
2021-10-14,śląskie,SL,143,246096,3,7579,4708,1708200,166,265027,60,225788
2021-10-15,śląskie,SL,133,246229,1,7580,3986,1712186,153,265180,105,225893
2021-10-16,śląskie,SL,156,246385,3,7583,4336,1716522,177,265357,88,225981
2021-10-17,śląskie,SL,120,246505,0,7583,2700,1719222,137,265494,95,226076
2021-10-18,śląskie,SL,83,246588,0,7583,2317,1721539,94,265588,118,226194
2021-10-19,śląskie,SL,173,246761,4,7587,4850,1726389,205,265793,76,226270
2021-10-20,śląskie,SL,277,247038,3,7590,4966,1731355,312,266105,43,226313
2021-10-21,śląskie,SL,288,247326,1,7591,4690,1736045,311,266416,98,226411
2021-10-22,śląskie,SL,296,247622,4,7595,5037,1741082,331,266747,125,226536
2021-10-23,śląskie,SL,271,247893,11,7606,4912,1745994,310,267057,147,226683
2021-10-24,śląskie,SL,224,248117,0,7606,2850,1748844,240,267297,127,226810
2021-10-25,śląskie,SL,169,248286,0,7606,2671,1751515,188,267485,143,226953
2021-10-26,śląskie,SL,273,248559,4,7610,5202,1756717,320,267805,127,227080
2021-10-27,śląskie,SL,517,249076,17,7627,5663,1762380,572,268377,88,227168
2021-10-28,śląskie,SL,467,249543,7,7634,5629,1768009,509,268886,182,227350
2021-10-29,śląskie,SL,544,250087,8,7642,5378,1773387,579,269465,287,227637
2021-10-30,śląskie,SL,622,250709,10,7652,5010,1778397,674,270139,262,227899
2021-10-31,śląskie,SL,387,251096,0,7652,2881,1781278,411,270550,286,228185
2021-11-01,śląskie,SL,287,251383,0,7652,2717,1783995,327,270877,277,228462
2021-11-02,śląskie,SL,223,251606,0,7652,2526,1786521,246,271123,222,228684
2021-11-03,śląskie,SL,558,252164,21,7673,6190,1792711,643,271766,189,228873
2021-11-04,śląskie,SL,1241,253405,9,7682,7582,1800293,1340,273106,300,229173
2021-11-05,śląskie,SL,1152,254557,11,7693,7193,1807486,1227,274333,496,229669
2021-11-06,śląskie,SL,1025,255582,14,7707,6955,1814441,1090,275423,534,230203
2021-11-07,śląskie,SL,1004,256586,0,7707,4964,1819405,1051,276474,499,230702
2021-11-08,śląskie,SL,448,257034,0,7707,3269,1822674,484,276958,601,231303
2021-11-09,śląskie,SL,859,257893,20,7727,6346,1829020,947,277905,415,231718
2021-11-10,śląskie,SL,1704,259597,22,7749,8104,1837124,1804,279709,290,232008
2021-11-11,śląskie,SL,1307,260904,15,7764,7382,1844506,1408,281117,294,232302
2021-11-12,śląskie,SL,1432,262336,0,7764,5494,1850000,1501,282618,512,232814
2021-11-13,śląskie,SL,959,263295,21,7785,5732,1855732,1064,283682,1228,234042
2021-11-14,śląskie,SL,1290,264585,1,7786,5228,1860960,1374,285056,1079,235121
2021-11-15,śląskie,SL,880,265465,0,7786,4197,1865157,946,286002,1025,236146
2021-11-16,śląskie,SL,1100,266565,24,7810,7429,1872586,1263,287265,1022,237168
2021-11-17,śląskie,SL,2727,269292,46,7856,10551,1883137,2914,290179,488,237656
2021-11-18,śląskie,SL,2528,271820,16,7872,10075,1893212,2693,292872,824,238480
2021-11-19,śląskie,SL,2499,274319,31,7903,9683,1902895,2665,295537,1666,240146
2021-11-20,śląskie,SL,2284,276603,27,7930,9017,1911912,2405,297942,1387,241533
2021-11-21,śląskie,SL,2576,279179,0,7930,8150,1920062,2710,300652,1335,242868
2021-11-22,śląskie,SL,1317,280496,0,7930,5326,1925388,1415,302067,985,243853
2021-11-23,śląskie,SL,1617,282113,25,7955,8434,1933822,1780,303847,1430,245283
2021-11-24,śląskie,SL,3587,285700,40,7995,11982,1945804,3744,307591,805,246088
2021-11-25,śląskie,SL,3444,289144,46,8041,12128,1957932,3637,311228,1234,247322
2021-11-26,śląskie,SL,3261,292405,30,8071,11990,1969922,3447,314675,2742,250064
2021-11-27,śląskie,SL,3159,295564,31,8102,11714,1981636,3358,318033,2465,252529
2021-11-28,śląskie,SL,2774,298338,0,8102,8531,1990167,2902,320935,2527,255056
2021-11-29,śląskie,SL,1458,299796,0,8102,5448,1995615,1537,322472,2312,257368
2021-11-30,śląskie,SL,1884,301680,49,8151,9468,2005083,2103,324575,2580,259948
2021-12-01,śląskie,SL,4147,305827,52,8203,13906,2018989,4391,328966,1420,261368
2021-12-02,śląskie,SL,3626,309453,53,8256,12751,2031740,3862,332828,1737,263105
2021-12-03,śląskie,SL,3846,313299,52,8308,13668,2045408,4069,336897,3536,266641
2021-12-04,śląskie,SL,3361,316660,45,8353,12119,2057527,3577,340474,3500,270141
2021-12-05,śląskie,SL,3448,320108,3,8356,10491,2068018,3619,344093,3427,273568
2021-12-06,śląskie,SL,1636,321744,4,8360,6029,2074047,1794,345887,3159,276727
2021-12-07,śląskie,SL,2032,323776,81,8441,10256,2084303,2292,348179,2731,279458
2021-12-08,śląskie,SL,4233,328009,56,8497,14362,2098665,4536,352715,1594,281052
2021-12-09,śląskie,SL,3708,331717,46,8543,12946,2111611,3941,356656,2070,283122
2021-12-10,śląskie,SL,3667,335384,51,8594,13582,2125193,3934,360590,4090,287212
2021-12-11,śląskie,SL,3098,338482,50,8644,12315,2137508,3346,363936,3713,290925
2021-12-12,śląskie,SL,3044,341526,3,8647,9860,2147368,3209,367145,3878,294803
2021-12-13,śląskie,SL,1427,342953,0,8647,5726,2153094,1562,368707,3300,298103
2021-12-14,śląskie,SL,1989,344942,101,8748,10395,2163489,2234,370941,3340,301443
2021-12-15,śląskie,SL,3620,348562,79,8827,13274,2176763,3920,374861,1879,303322
2021-12-16,śląskie,SL,2901,351463,67,8894,12392,2189155,3123,377984,2462,305784
2021-12-17,śląskie,SL,2972,354435,88,8982,12507,2201662,3176,381160,4094,309878
2021-12-18,śląskie,SL,2580,357015,58,9040,11974,2213636,2797,383957,3889,313767
2021-12-19,śląskie,SL,2327,359342,6,9046,8997,2222633,2483,386440,3767,317534
2021-12-20,śląskie,SL,1360,360702,0,9046,6703,2229336,1480,387920,3022,320556
2021-12-21,śląskie,SL,1649,362351,104,9150,10029,2239365,1878,389798,3206,323762
2021-12-22,śląskie,SL,2424,364775,82,9232,11937,2251302,2628,392426,1570,325332
2021-12-23,śląskie,SL,2203,366978,84,9316,10698,2262000,2438,394864,2290,327622
2021-12-24,śląskie,SL,2052,369030,87,9403,10627,2272627,2259,397123,3634,331256
2021-12-25,śląskie,SL,1343,370373,37,9440,6665,2279292,1457,398580,2920,334176
2021-12-26,śląskie,SL,853,371226,0,9440,4491,2283783,945,399525,2894,337070
2021-12-27,śląskie,SL,671,371897,0,9440,4940,2288723,772,400297,2586,339656
2021-12-28,śląskie,SL,1054,372951,70,9510,9033,2297756,1253,401550,2524,342180
2021-12-29,śląskie,SL,2116,375067,88,9598,11830,2309586,2341,403891,1376,343556
2021-12-30,śląskie,SL,2024,377091,75,9673,11628,2321214,2258,406149,1697,345253
2021-12-31,śląskie,SL,1642,378733,99,9772,10247,2331461,1822,407971,2599,347852
2022-01-01,śląskie,SL,1217,379950,40,9812,8102,2339563,1357,409328,2150,350002
2022-01-02,śląskie,SL,923,380873,4,9816,5832,2345395,1039,410367,2064,352066
2022-01-03,śląskie,SL,815,381688,0,9816,6325,2351720,938,411305,1309,353375
2022-01-04,śląskie,SL,1086,382774,55,9871,10474,2362194,1266,412571,1002,354377
2022-01-05,śląskie,SL,2046,384820,122,9993,12298,2374492,2292,414863,779,355156
2022-01-06,śląskie,SL,1857,386677,74,10067,11031,2385523,2118,416981,1260,356416
2022-01-07,śląskie,SL,1513,388190,17,10084,7877,2393400,1695,418676,2134,358550
2022-01-08,śląskie,SL,996,389186,40,10124,7859,2401259,1147,419823,2043,360593
2022-01-09,śląskie,SL,1262,390448,0,10124,7249,2408508,1415,421238,1615,362208
2022-01-10,śląskie,SL,945,391393,0,10124,6708,2415216,1119,422357,1443,363651
2022-01-11,śląskie,SL,1069,392462,70,10194,9588,2424804,1316,423673,851,364502
2022-01-12,śląskie,SL,1897,394359,82,10276,11349,2436153,2210,425883,885,365387
2022-01-13,śląskie,SL,2045,396404,78,10354,10906,2447059,2348,428231,1301,366688
2022-01-14,śląskie,SL,2026,398430,60,10414,10423,2457482,2358,430589,2129,368817
2022-01-15,śląskie,SL,2052,400482,37,10451,10991,2468473,2378,432967,2024,370841
2022-01-16,śląskie,SL,2068,402550,0,10451,8477,2476950,2351,435318,1548,372389
2022-01-17,śląskie,SL,1494,404044,0,10451,7256,2484206,1719,437037,1161,373550
2022-01-18,śląskie,SL,2193,406237,59,10510,10468,2494674,2611,439648,1516,375066
2022-01-19,śląskie,SL,4646,410883,47,10557,15229,2509903,5515,445163,1007,376073
2022-01-20,śląskie,SL,4971,415854,28,10585,15755,2525658,5829,450992,1296,377369
2022-01-21,śląskie,SL,5922,421776,19,10604,17277,2542935,6866,457858,2127,379496
2022-01-22,śląskie,SL,6440,428216,12,10616,19429,2562364,7430,465288,2316,381812
2022-01-23,śląskie,SL,5525,433741,0,10616,15311,2577675,6377,471665,2313,384125
2022-01-24,śląskie,SL,5272,439013,0,10616,14560,2592235,6049,477714,2337,386462
2022-01-25,śląskie,SL,5508,444521,43,10659,17920,2610155,6500,484214,2260,388722
2022-01-26,śląskie,SL,8039,452560,41,10700,22649,2632804,9443,493657,1610,390332
2022-01-27,śląskie,SL,8509,461069,34,10734,22848,2655652,9991,503648,2733,393065
2022-01-28,śląskie,SL,9916,470985,22,10756,26478,2682130,11547,515195,5401,398466
2022-01-29,śląskie,SL,7602,478587,18,10774,21576,2703706,8872,524067,6061,404527
2022-01-30,śląskie,SL,7892,486479,0,10774,20524,2724230,9155,533222,6928,411455
2022-01-31,śląskie,SL,5500,491979,11,10785,15595,2739825,6386,539608,7285,418740
2022-02-01,śląskie,SL,5694,497673,39,10824,18415,2758240,6683,546291,6757,425497
2022-02-02,śląskie,SL,7925,505598,73,10897,22691,2780931,9241,555532,5877,431374
2022-02-03,śląskie,SL,8360,513958,37,10934,24548,2805479,9919,565451,5781,437155
2022-02-04,śląskie,SL,5990,519948,21,10955,18704,2824183,7023,572474,9359,446514
2022-02-05,śląskie,SL,6098,526046,22,10977,20117,2844300,7079,579553,10959,457473
2022-02-06,śląskie,SL,3993,530039,0,10977,12645,2856945,4618,584171,10971,468444
2022-02-07,śląskie,SL,2306,532345,0,10977,8604,2865549,2671,586842,9236,477680
2022-02-08,śląskie,SL,3465,535810,50,11027,13524,2879073,3729,590571,8240,485920
2022-02-09,śląskie,SL,5250,541060,51,11078,16811,2895884,5549,596120,6923,492843
2022-02-10,śląskie,SL,4099,545159,41,11119,14486,2910370,4326,600446,7002,499845
2022-02-11,śląskie,SL,3447,548606,30,11149,13507,2923877,3669,604115,8800,508645
2022-02-12,śląskie,SL,2767,551373,31,11180,12218,2936095,3004,607119,9164,517809
2022-02-13,śląskie,SL,1852,553225,0,11180,8222,2944317,1994,609113,6449,524258
2022-02-14,śląskie,SL,952,554177,0,11180,5606,2949923,1058,610171,6494,530752
2022-02-15,śląskie,SL,1723,555900,57,11237,10023,2959946,1936,612107,4710,535462
2022-02-16,śląskie,SL,2256,558156,56,11293,10981,2970927,2460,614567,2763,538225
2022-02-17,śląskie,SL,2025,560181,35,11328,11368,2982295,2296,616863,3555,541780
2022-02-18,śląskie,SL,1683,561864,38,11366,9358,2991653,1865,618728,5145,546925
2022-02-19,śląskie,SL,1566,563430,29,11395,9673,3001326,1766,620494,3818,550743
2022-02-20,śląskie,SL,1299,564729,5,11400,7260,3008586,1439,621933,3413,554156
2022-02-21,śląskie,SL,753,565482,0,11400,5696,3014282,880,622813,3333,557489
2022-02-22,śląskie,SL,1163,566645,50,11450,9240,3023522,1381,624194,3865,561354
2022-02-23,śląskie,SL,1407,568052,72,11522,8990,3032512,1545,625739,2927,564281
2022-02-24,śląskie,SL,1331,569383,18,11540,8291,3040803,1461,627200,2680,566961
2022-02-25,śląskie,SL,1134,570517,31,11571,7553,3048356,1261,628461,1537,568498
2022-02-26,śląskie,SL,889,571406,25,11596,7425,3055781,1003,629464,1287,569785
2022-02-27,śląskie,SL,677,572083,5,11601,5479,3061260,737,630201,753,570538
2022-02-28,śląskie,SL,401,572484,0,11601,4862,3066122,461,630662,1284,571822
2022-03-01,śląskie,SL,703,573187,55,11656,8272,3074394,820,631482,1419,573241
2022-03-02,śląskie,SL,1006,574193,29,11685,7967,3082361,1086,632568,1333,574574
2022-03-03,śląskie,SL,769,574962,21,11706,7314,3089675,869,633437,1173,575747
2022-03-04,śląskie,SL,753,575715,30,11736,6665,3096340,835,634272,887,576634
2022-03-05,śląskie,SL,734,576449,28,11764,7239,3103579,796,635068,727,577361
2022-03-06,śląskie,SL,484,576933,0,11764,4522,3108101,525,635593,392,577753
2022-03-07,śląskie,SL,283,577216,6,11770,3805,3111906,320,635913,746,578499
2022-03-08,śląskie,SL,703,577919,25,11795,7801,3119707,782,636695,1036,579535
2022-03-09,śląskie,SL,973,578892,22,11817,7503,3127210,1045,637740,740,580275
2022-03-10,śląskie,SL,707,579599,29,11846,6636,3133846,776,638516,781,581056
2022-03-11,śląskie,SL,781,580380,3,11849,6469,3140315,840,639356,727,581783
2022-03-12,śląskie,SL,595,580975,14,11863,6297,3146612,653,640009,549,582332
2022-03-13,śląskie,SL,504,581479,0,11863,4499,3151111,541,640550,358,582690
2022-03-14,śląskie,SL,391,581870,0,11863,4105,3155216,425,640975,744,583434
2022-03-15,śląskie,SL,647,582517,9,11872,7439,3162655,731,641706,922,584356
2022-03-16,śląskie,SL,998,583515,28,11900,8037,3170692,1086,642792,797,585153
2022-03-17,śląskie,SL,748,584263,28,11928,7134,3177826,802,643594,818,585971
2022-03-18,śląskie,SL,917,585180,14,11942,6968,3184794,1007,644601,598,586569
2022-03-19,śląskie,SL,693,585873,10,11952,6113,3190907,752,645353,530,587099
2022-03-20,śląskie,SL,500,586373,0,11952,4225,3195132,531,645884,402,587501
2022-03-21,śląskie,SL,343,586716,0,11952,3734,3198866,367,646251,715,588216
2022-03-22,śląskie,SL,619,587335,8,11960,7172,3206038,708,646959,1027,589243
2022-03-23,śląskie,SL,831,588166,13,11973,7538,3213576,900,647859,691,589934
2022-03-24,śląskie,SL,708,588874,25,11998,6784,3220360,770,648629,884,590818
2022-03-25,śląskie,SL,710,589584,21,12019,6818,3227178,783,649412,744,591562
2022-03-26,śląskie,SL,547,590131,6,12025,5866,3233044,613,650025,569,592131
2022-03-27,śląskie,SL,285,590416,0,12025,3596,3236640,313,650338,321,592452
2022-03-28,śląskie,SL,226,590642,0,12025,3405,3240045,254,650592,679,593131
2022-03-29,śląskie,SL,440,591082,9,12034,6426,3246471,507,651099,934,594065
2022-03-30,śląskie,SL,593,591675,6,12040,6132,3252603,661,651760,889,594954
2022-03-31,śląskie,SL,466,592141,23,12063,5374,3257977,544,652304,641,595595
2022-04-01,śląskie,SL,407,592548,4,12067,5101,3263078,482,652786,508,596103
2022-04-02,śląskie,SL,163,592711,6,12073,2357,3265435,203,652989,243,596346
2022-04-03,śląskie,SL,62,592773,0,12073,895,3266330,75,653064,125,596471
2022-04-04,śląskie,SL,51,592824,0,12073,896,3267226,62,653126,10,596481
2022-04-05,śląskie,SL,154,592978,8,12081,1853,3269079,204,653330,10,596491
2022-04-06,śląskie,SL,158,593136,12,12093,1703,3270782,192,653522,8,596499
2022-04-07,śląskie,SL,127,593263,7,12100,1617,3272399,162,653684,7,596506
2022-04-08,śląskie,SL,122,593385,3,12103,1766,3274165,166,653850,14,596520
2022-04-09,śląskie,SL,119,593504,4,12107,1504,3275669,145,653995,8,596528
2022-04-10,śląskie,SL,30,593534,0,12107,531,3276200,38,654033,1,596529
2022-04-11,śląskie,SL,40,593574,0,12107,551,3276751,46,654079,1,596530
2022-04-12,śląskie,SL,165,593739,7,12114,1548,3278299,189,654268,6,596536
2022-04-13,śląskie,SL,127,593866,5,12119,1444,3279743,145,654413,5,596541
2022-04-14,śląskie,SL,140,594006,1,12120,1134,3280877,155,654568,5,596546
2022-04-15,śląskie,SL,149,594155,7,12127,1233,3282110,186,654754,5,596551
2022-04-16,śląskie,SL,105,594260,2,12129,979,3283089,118,654872,7,596558
2022-04-17,śląskie,SL,29,594289,0,12129,332,3283421,36,654908,4,596562
2022-04-18,śląskie,SL,36,594325,0,12129,342,3283763,38,654946,3,596565
2022-04-19,śląskie,SL,36,594361,0,12129,611,3284374,47,654993,0,596565
2022-04-20,śląskie,SL,201,594562,4,12133,1309,3285683,220,655213,9,596574
2022-04-21,śląskie,SL,145,594707,0,12133,1084,3286767,167,655380,6,596580
2022-04-22,śląskie,SL,120,594827,1,12134,1222,3287989,135,655515,1,596581
2022-04-23,śląskie,SL,175,595002,5,12139,1483,3289472,195,655710,11,596592
2022-04-24,śląskie,SL,37,595039,0,12139,528,3290000,41,655751,5,596597
2022-04-25,śląskie,SL,33,595072,0,12139,418,3290418,36,655787,2,596599
2022-04-26,śląskie,SL,160,595232,3,12142,1110,3291528,172,655959,3,596602
2022-04-27,śląskie,SL,135,595367,3,12145,1627,3293155,149,656108,6,596608
2022-04-28,śląskie,SL,150,595517,1,12146,1278,3294433,167,656275,8,596616
2022-04-29,śląskie,SL,123,595640,3,12149,1280,3295713,138,656413,5,596621
2022-04-30,śląskie,SL,138,595778,0,12149,1396,3297109,150,656563,4,596625
2022-05-01,śląskie,SL,35,595813,0,12149,743,3297852,42,656605,5,596630
2022-05-02,śląskie,SL,17,595830,0,12149,490,3298342,23,656628,7,596637
2022-05-03,śląskie,SL,126,595956,1,12150,1008,3299350,139,656767,3,596640
2022-05-04,śląskie,SL,22,595978,0,12150,392,3299742,26,656793,0,596640
2022-05-05,śląskie,SL,145,596123,4,12154,1140,3300882,153,656946,9,596649
2022-05-06,śląskie,SL,89,596212,4,12158,1109,3301991,105,657051,4,596653
2022-05-07,śląskie,SL,92,596304,3,12161,1051,3303042,96,657147,2,596655
2022-05-08,śląskie,SL,27,596331,0,12161,467,3303509,31,657178,4,596659
2022-05-09,śląskie,SL,21,596352,0,12161,432,3303941,24,657202,4,596663
2022-05-10,śląskie,SL,90,596442,1,12162,1240,3305181,115,657317,1,596664
2022-05-11,śląskie,SL,89,596531,2,12164,1039,3306220,120,657437,2,596666
2022-05-12,śląskie,SL,58,596589,0,12164,910,3307130,69,657506,5,596671
2022-05-13,śląskie,SL,57,596646,3,12167,897,3308027,61,657567,4,596675
2022-05-14,śląskie,SL,58,596704,0,12167,966,3308993,65,657632,0,596675
2022-05-15,śląskie,SL,14,596718,0,12167,466,3309459,16,657648,1,596676
2022-05-16,śląskie,SL,12,596730,0,12167,376,3309835,17,657665,0,596676
2022-05-17,śląskie,SL,75,596805,0,12167,946,3310781,77,657742,5,596681
2022-05-18,śląskie,SL,63,596868,0,12167,882,3311663,70,657812,0,596681
2022-05-19,śląskie,SL,44,596912,1,12168,798,3312461,46,657858,2,596683
2022-05-20,śląskie,SL,38,596950,1,12169,790,3313251,42,657900,6,596689
2022-05-21,śląskie,SL,38,596988,0,12169,884,3314135,43,657943,0,596689
2022-05-22,śląskie,SL,14,597002,0,12169,511,3314646,14,657957,1,596690
2022-05-23,śląskie,SL,5,597007,0,12169,385,3315031,5,657962,1,596691
2022-05-24,śląskie,SL,50,597057,1,12170,851,3315882,54,658016,6,596697
2022-05-25,śląskie,SL,33,597090,0,12170,828,3316710,33,658049,7,596704
2022-05-26,śląskie,SL,35,597125,0,12170,819,3317529,36,658085,1,596705
2022-05-27,śląskie,SL,51,597176,1,12171,705,3318234,54,658139,2,596707
2022-05-28,śląskie,SL,39,597215,0,12171,891,3319125,41,658180,2,596709
2022-05-29,śląskie,SL,6,597221,0,12171,579,3319704,9,658189,0,596709
2022-05-30,śląskie,SL,12,597233,0,12171,337,3320041,13,658202,1,596710
2022-05-31,śląskie,SL,51,597284,2,12173,835,3320876,60,658262,0,596710
2022-06-01,śląskie,SL,44,597328,1,12174,751,3321627,47,658309,1,596711
2022-06-02,śląskie,SL,33,597361,1,12175,566,3322193,39,658348,5,596716
2022-06-03,śląskie,SL,31,597392,0,12175,519,3322712,36,658384,1,596717
2022-06-04,śląskie,SL,39,597431,0,12175,607,3323319,44,658428,2,596719
2022-06-05,śląskie,SL,6,597437,0,12175,240,3323559,7,658435,0,596719
2022-06-06,śląskie,SL,10,597447,0,12175,273,3323832,12,658447,1,596720
2022-06-07,śląskie,SL,50,597497,1,12176,533,3324365,53,658500,2,596722
2022-06-08,śląskie,SL,24,597521,1,12177,410,3324775,25,658525,1,596723
2022-06-09,śląskie,SL,28,597549,0,12177,421,3325196,30,658555,1,596724
2022-06-10,śląskie,SL,39,597588,0,12177,426,3325622,44,658599,1,596725
2022-06-11,śląskie,SL,17,597605,0,12177,474,3326096,22,658621,0,596725
2022-06-12,śląskie,SL,6,597611,0,12177,171,3326267,7,658628,0,596725
2022-06-13,śląskie,SL,10,597621,0,12177,217,3326484,11,658639,1,596726
2022-06-14,śląskie,SL,35,597656,0,12177,409,3326893,39,658678,1,596727
2022-06-15,śląskie,SL,41,597697,0,12177,350,3327243,47,658725,0,596727
2022-06-16,śląskie,SL,25,597722,0,12177,338,3327581,25,658750,2,596729
2022-06-17,śląskie,SL,4,597726,0,12177,129,3327710,4,658754,1,596730
2022-06-18,śląskie,SL,43,597769,0,12177,389,3328099,47,658801,0,596730
2022-06-19,śląskie,SL,8,597777,0,12177,162,3328261,10,658811,0,596730
2022-06-20,śląskie,SL,6,597783,0,12177,127,3328388,6,658817,0,596730
2022-06-21,śląskie,SL,37,597820,1,12178,348,3328736,45,658862,0,596730
2022-06-22,śląskie,SL,52,597872,0,12178,289,3329025,54,658916,0,596730
2022-06-23,śląskie,SL,32,597904,0,12178,351,3329376,36,658952,0,596730
2022-06-24,śląskie,SL,45,597949,0,12178,406,3329782,45,658997,0,596730
2022-06-25,śląskie,SL,34,597983,0,12178,236,3330018,36,659033,0,596730
2022-06-26,śląskie,SL,9,597992,0,12178,189,3330207,9,659042,2,596732
2022-06-27,śląskie,SL,10,598002,0,12178,160,3330367,12,659054,2,596734
2022-06-28,śląskie,SL,72,598074,1,12179,365,3330732,77,659131,1,596735
2022-06-29,śląskie,SL,68,598142,2,12181,369,3331101,70,659201,0,596735
2022-06-30,śląskie,SL,82,598224,0,12181,592,3331693,89,659290,2,596737
2022-07-01,śląskie,SL,78,598302,2,12183,422,3332115,79,659369,0,596737
2022-07-02,śląskie,SL,95,598397,0,12183,428,3332543,102,659471,3,596740
2022-07-03,śląskie,SL,18,598415,0,12183,269,3332812,19,659490,1,596741
2022-07-04,śląskie,SL,14,598429,0,12183,155,3332967,16,659506,0,596741
2022-07-05,śląskie,SL,131,598560,0,12183,523,3333490,137,659643,0,596741
2022-07-06,śląskie,SL,118,598678,0,12183,482,3333972,121,659764,0,596741
2022-07-07,śląskie,SL,119,598797,1,12184,540,3334512,131,659895,1,596742
2022-07-08,śląskie,SL,120,598917,0,12184,484,3334996,128,660023,1,596743
2022-07-09,śląskie,SL,165,599082,1,12185,572,3335568,175,660198,0,596743
2022-07-10,śląskie,SL,35,599117,0,12185,236,3335804,38,660236,0,596743
2022-07-11,śląskie,SL,29,599146,0,12185,178,3335982,30,660266,0,596743
2022-07-12,śląskie,SL,257,599403,1,12186,745,3336727,275,660541,0,596743
2022-07-13,śląskie,SL,190,599593,0,12186,584,3337311,194,660735,0,596743
2022-07-14,śląskie,SL,238,599831,0,12186,744,3338055,258,660993,0,596743
2022-07-15,śląskie,SL,141,599972,0,12186,531,3338586,155,661148,2,596745
2022-07-16,śląskie,SL,160,600132,0,12186,488,3339074,172,661320,0,596745
2022-07-17,śląskie,SL,36,600168,0,12186,164,3339238,43,661363,0,596745
2022-07-18,śląskie,SL,23,600191,0,12186,119,3339357,24,661387,0,596745
2022-07-19,śląskie,SL,259,600450,0,12186,753,3340110,270,661657,1,596746
2022-07-20,śląskie,SL,358,600808,1,12187,842,3340952,386,662043,0,596746
2022-07-21,śląskie,SL,403,601211,0,12187,1045,3341997,417,662460,0,596746
2022-07-22,śląskie,SL,376,601587,0,12187,1015,3343012,392,662852,0,596746
2022-07-23,śląskie,SL,454,602041,2,12189,1223,3344235,479,663331,0,596746
2022-07-24,śląskie,SL,93,602134,0,12189,419,3344654,103,663434,0,596746
2022-07-25,śląskie,SL,73,602207,0,12189,306,3344960,78,663512,0,596746
2022-07-26,śląskie,SL,706,602913,2,12191,1521,3346481,735,664247,0,596746
2022-07-27,śląskie,SL,545,603458,1,12192,1316,3347797,587,664834,0,596746
2022-07-28,śląskie,SL,447,603905,0,12192,1156,3348953,485,665319,0,596746
2022-07-29,śląskie,SL,486,604391,0,12192,1265,3350218,517,665836,0,596746
2022-07-30,śląskie,SL,405,604796,0,12192,1140,3351358,430,666266,0,596746
2022-07-31,śląskie,SL,84,604880,0,12192,365,3351723,89,666355,0,596746
2022-08-01,śląskie,SL,79,604959,0,12192,285,3352008,84,666439,0,596746
2022-08-02,śląskie,SL,726,605685,2,12194,1540,3353548,762,667201,0,596746
2022-08-03,śląskie,SL,568,606253,1,12195,1294,3354842,598,667799,0,596746
2022-08-04,śląskie,SL,570,606823,4,12199,1357,3356199,594,668393,1,596747
2022-08-05,śląskie,SL,500,607323,1,12200,1289,3357488,528,668921,1,596748
2022-08-06,śląskie,SL,517,607840,2,12202,1245,3358733,538,669459,1,596749
2022-08-07,śląskie,SL,78,607918,0,12202,334,3359067,84,669543,0,596749
2022-08-08,śląskie,SL,81,607999,0,12202,372,3359439,91,669634,0,596749
2022-08-09,śląskie,SL,776,608775,5,12207,1793,3361232,814,670448,0,596749
2022-08-10,śląskie,SL,599,609374,3,12210,1412,3362644,641,671089,0,596749
2022-08-11,śląskie,SL,553,609927,1,12211,1436,3364080,585,671674,1,596750
2022-08-12,śląskie,SL,501,610428,0,12211,1236,3365316,527,672201,0,596750
2022-08-13,śląskie,SL,574,611002,1,12212,1285,3366601,600,672801,0,596750
2022-08-14,śląskie,SL,79,611081,0,12212,347,3366948,89,672890,1,596751
2022-08-15,śląskie,SL,107,611188,0,12212,348,3367296,123,673013,0,596751
2022-08-16,śląskie,SL,93,611281,0,12212,339,3367635,102,673115,0,596751
2022-08-17,śląskie,SL,964,612245,4,12216,2167,3369802,1026,674141,0,596751
2022-08-18,śląskie,SL,670,612915,1,12217,1498,3371300,707,674848,1,596752
2022-08-19,śląskie,SL,556,613471,5,12222,1412,3372712,590,675438,0,596752
2022-08-20,śląskie,SL,566,614037,1,12223,1305,3374017,594,676032,1,596753
2022-08-21,śląskie,SL,98,614135,0,12223,441,3374458,100,676132,0,596753
2022-08-22,śląskie,SL,68,614203,0,12223,334,3374792,76,676208,0,596753
2022-08-23,śląskie,SL,757,614960,5,12228,1762,3376554,796,677004,0,596753
2022-08-24,śląskie,SL,548,615508,5,12233,1495,3378049,588,677592,0,596753
2022-08-25,śląskie,SL,447,615955,3,12236,1322,3379371,471,678063,0,596753
2022-08-26,śląskie,SL,481,616436,3,12239,1305,3380676,509,678572,0,596753
2022-08-27,śląskie,SL,533,616969,2,12241,1390,3382066,559,679131,0,596753
2022-08-28,śląskie,SL,69,617038,0,12241,343,3382409,74,679205,0,596753
2022-08-29,śląskie,SL,78,617116,0,12241,339,3382748,84,679289,0,596753
2022-08-30,śląskie,SL,644,617760,8,12249,1743,3384491,682,679971,0,596753
2022-08-31,śląskie,SL,486,618246,2,12251,1272,3385763,509,680480,0,596753
2022-09-01,śląskie,SL,380,618626,1,12252,1057,3386820,403,680883,0,596753
2022-09-02,śląskie,SL,185,618811,1,12253,996,3387816,206,681089,0,596753
2022-09-03,śląskie,SL,132,618943,4,12257,626,3388442,148,681237,0,596753
2022-09-04,śląskie,SL,54,618997,0,12257,355,3388797,58,681295,0,596753
2022-09-05,śląskie,SL,43,619040,0,12257,269,3389066,47,681342,0,596753
2022-09-06,śląskie,SL,282,619322,3,12260,1068,3390134,300,681642,0,596753
2022-09-07,śląskie,SL,222,619544,0,12260,877,3391011,240,681882,0,596753
2022-09-08,śląskie,SL,356,619900,4,12264,1196,3392207,375,682257,0,596753
2022-09-09,śląskie,SL,577,620477,0,12264,1578,3393785,587,682844,0,596753
2022-09-10,śląskie,SL,320,620797,4,12268,1100,3394885,344,683188,0,596753
2022-09-11,śląskie,SL,54,620851,0,12268,309,3395194,60,683248,0,596753
2022-09-12,śląskie,SL,77,620928,0,12268,382,3395576,81,683329,0,596753
2022-09-13,śląskie,SL,420,621348,2,12270,1314,3396890,460,683789,0,596753
2022-09-14,śląskie,SL,620,621968,1,12271,1763,3398653,642,684431,0,596753
2022-09-15,śląskie,SL,639,622607,1,12272,1835,3400488,666,685097,0,596753
2022-09-16,śląskie,SL,188,622795,3,12275,834,3401322,203,685300,0,596753
2022-09-17,śląskie,SL,189,622984,1,12276,726,3402048,212,685512,0,596753
2022-09-18,śląskie,SL,49,623033,0,12276,311,3402359,53,685565,0,596753
2022-09-19,śląskie,SL,56,623089,0,12276,388,3402747,60,685625,0,596753
2022-09-20,śląskie,SL,465,623554,1,12277,1364,3404111,500,686125,0,596753
2022-09-21,śląskie,SL,278,623832,1,12278,963,3405074,300,686425,0,596753
2022-09-22,śląskie,SL,539,624371,0,12278,1678,3406752,573,686998,0,596753
2022-09-23,śląskie,SL,497,624868,0,12278,1588,3408340,520,687518,0,596753
2022-09-24,śląskie,SL,330,625198,4,12282,1113,3409453,353,687871,0,596753
2022-09-25,śląskie,SL,56,625254,0,12282,276,3409729,69,687940,0,596753
2022-09-26,śląskie,SL,56,625310,0,12282,276,3410005,66,688006,0,596753
2022-09-27,śląskie,SL,495,625805,1,12283,1545,3411550,522,688528,0,596753
2022-09-28,śląskie,SL,384,626189,3,12286,1412,3412962,418,688946,0,596753
2022-09-29,śląskie,SL,492,626681,1,12287,1615,3414577,515,689461,0,596753
2022-09-30,śląskie,SL,486,627167,1,12288,1592,3416169,517,689978,0,596753
2022-10-01,śląskie,SL,407,627574,2,12290,1491,3417660,443,690421,0,596753
2022-10-02,śląskie,SL,47,627621,0,12290,162,3417822,50,690471,0,596753
2022-10-03,śląskie,SL,25,627646,0,12290,154,3417976,31,690502,0,596753
2022-10-04,śląskie,SL,575,628221,5,12295,1825,3419801,628,691130,0,596753
2022-10-05,śląskie,SL,427,628648,4,12299,1562,3421363,455,691585,0,596753
2022-10-06,śląskie,SL,368,629016,2,12301,1363,3422726,385,691970,0,596753
2022-10-07,śląskie,SL,339,629355,0,12301,1200,3423926,372,692342,0,596753
2022-10-08,śląskie,SL,468,629823,1,12302,2009,3425935,518,692860,0,596753
2022-10-09,śląskie,SL,53,629876,0,12302,333,3426268,57,692917,0,596753
2022-10-10,śląskie,SL,38,629914,0,12302,294,3426562,47,692964,0,596753
2022-10-11,śląskie,SL,414,630328,8,12310,1711,3428273,436,693400,0,596753
2022-10-12,śląskie,SL,317,630645,2,12312,1294,3429567,356,693756,0,596753
2022-10-13,śląskie,SL,239,630884,5,12317,1171,3430738,263,694019,0,596753
2022-10-14,śląskie,SL,205,631089,1,12318,1074,3431812,233,694252,0,596753
2022-10-15,śląskie,SL,174,631263,1,12319,963,3432775,192,694444,0,596753
2022-10-16,śląskie,SL,29,631292,0,12319,265,3433040,34,694478,0,596753
2022-10-17,śląskie,SL,38,631330,0,12319,253,3433293,43,694521,0,596753
2022-10-18,śląskie,SL,272,631602,3,12322,1415,3434708,294,694815,0,596753
2022-10-19,śląskie,SL,191,631793,0,12322,1056,3435764,208,695023,0,596753
2022-10-20,śląskie,SL,203,631996,1,12323,998,3436762,218,695241,0,596753
2022-10-21,śląskie,SL,119,632115,2,12325,884,3437646,130,695371,0,596753
2022-10-22,śląskie,SL,132,632247,3,12328,892,3438538,144,695515,0,596753
2022-10-23,śląskie,SL,17,632264,0,12328,206,3438744,18,695533,0,596753
2022-10-24,śląskie,SL,14,632278,0,12328,216,3438960,16,695549,0,596753
2022-10-25,śląskie,SL,194,632472,0,12328,1201,3440161,211,695760,0,596753
2022-10-26,śląskie,SL,103,632575,1,12329,946,3441107,112,695872,0,596753
2022-10-27,śląskie,SL,112,632687,2,12331,818,3441925,121,695993,0,596753
2022-10-28,śląskie,SL,124,632811,0,12331,879,3442804,132,696125,0,596753
2022-10-29,śląskie,SL,87,632898,1,12332,760,3443564,97,696222,0,596753
2022-10-30,śląskie,SL,13,632911,0,12332,193,3443757,15,696237,0,596753
2022-10-31,śląskie,SL,18,632929,0,12332,210,3443967,19,696256,0,596753
2022-11-01,śląskie,SL,114,633043,0,12332,789,3444756,122,696378,0,596753
2022-11-02,śląskie,SL,15,633058,0,12332,168,3444924,15,696393,0,596753
2022-11-03,śląskie,SL,138,633196,1,12333,976,3445900,145,696538,0,596753
2022-11-04,śląskie,SL,86,633282,3,12336,761,3446661,97,696635,0,596753
2022-11-05,śląskie,SL,83,633365,0,12336,706,3447367,91,696726,0,596753
2022-11-06,śląskie,SL,4,633369,0,12336,184,3447551,4,696730,0,596753
2022-11-07,śląskie,SL,16,633385,0,12336,177,3447728,19,696749,0,596753
2022-11-08,śląskie,SL,116,633501,1,12337,844,3448572,121,696870,0,596753
2022-11-09,śląskie,SL,80,633581,3,12340,671,3449243,83,696953,0,596753
2022-11-10,śląskie,SL,52,633633,0,12340,628,3449871,61,697014,0,596753
2022-11-11,śląskie,SL,66,633699,0,12340,636,3450507,70,697084,0,596753
2022-11-12,śląskie,SL,4,633703,0,12340,152,3450659,6,697090,0,596753
2022-11-13,śląskie,SL,10,633713,0,12340,175,3450834,11,697101,0,596753
2022-11-14,śląskie,SL,7,633720,0,12340,169,3451003,7,697108,0,596753
2022-11-15,śląskie,SL,75,633795,1,12341,842,3451845,81,697189,0,596753
2022-11-16,śląskie,SL,48,633843,1,12342,668,3452513,49,697238,0,596753
2022-11-17,śląskie,SL,47,633890,0,12342,616,3453129,51,697289,0,596753
2022-11-18,śląskie,SL,42,633932,0,12342,559,3453688,48,697337,0,596753
2022-11-19,śląskie,SL,45,633977,0,12342,556,3454244,51,697388,0,596753
2022-11-20,śląskie,SL,3,633980,0,12342,148,3454392,3,697391,0,596753
2022-11-21,śląskie,SL,7,633987,0,12342,151,3454543,8,697399,0,596753
2022-11-22,śląskie,SL,67,634054,0,12342,725,3455268,73,697472,0,596753
2022-11-23,śląskie,SL,55,634109,1,12343,732,3456000,61,697533,0,596753
2022-11-24,śląskie,SL,57,634166,0,12343,607,3456607,59,697592,0,596753
2022-11-25,śląskie,SL,49,634215,0,12343,591,3457198,56,697648,0,596753
2022-11-26,śląskie,SL,49,634264,0,12343,521,3457719,57,697705,0,596753
2022-11-27,śląskie,SL,5,634269,0,12343,132,3457851,6,697711,0,596753
2022-11-28,śląskie,SL,13,634282,0,12343,167,3458018,14,697725,0,596753
2022-11-29,śląskie,SL,96,634378,0,12343,789,3458807,103,697828,0,596753
2022-11-30,śląskie,SL,62,634440,1,12344,697,3459504,67,697895,0,596753
2022-12-01,śląskie,SL,59,634499,0,12344,610,3460114,66,697961,0,596753
2022-12-02,śląskie,SL,69,634568,0,12344,556,3460670,75,698036,0,596753
2022-12-03,śląskie,SL,41,634609,0,12344,563,3461233,43,698079,0,596753
2022-12-04,śląskie,SL,9,634618,0,12344,172,3461405,10,698089,0,596753
2022-12-05,śląskie,SL,9,634627,0,12344,157,3461562,10,698099,0,596753
2022-12-06,śląskie,SL,90,634717,0,12344,781,3462343,100,698199,0,596753
2022-12-07,śląskie,SL,77,634794,1,12345,658,3463001,84,698283,0,596753
2022-12-08,śląskie,SL,68,634862,0,12345,592,3463593,73,698356,0,596753
2022-12-09,śląskie,SL,25,634887,0,12345,340,3463933,31,698387,0,596753
2022-12-10,śląskie,SL,48,634935,1,12346,485,3464418,57,698444,0,596753
2022-12-11,śląskie,SL,9,634944,0,12346,154,3464572,13,698457,0,596753
2022-12-12,śląskie,SL,23,634967,0,12346,203,3464775,26,698483,0,596753
2022-12-13,śląskie,SL,154,635121,0,12346,1111,3465886,169,698652,0,596753
2022-12-14,śląskie,SL,97,635218,0,12346,830,3466716,102,698754,0,596753
2022-12-15,śląskie,SL,78,635296,4,12350,814,3467530,83,698837,0,596753
2022-12-16,śląskie,SL,81,635377,1,12351,642,3468172,85,698922,0,596753
2022-12-17,śląskie,SL,77,635454,1,12352,606,3468778,81,699003,0,596753
2022-12-18,śląskie,SL,8,635462,0,12352,180,3468958,8,699011,0,596753
2022-12-19,śląskie,SL,16,635478,0,12352,186,3469144,19,699030,0,596753
2022-12-20,śląskie,SL,96,635574,0,12352,888,3470032,105,699135,0,596753
2022-12-21,śląskie,SL,88,635662,1,12353,884,3470916,100,699235,0,596753
2022-12-22,śląskie,SL,87,635749,0,12353,774,3471690,92,699327,0,596753
2022-12-23,śląskie,SL,75,635824,1,12354,633,3472323,81,699408,0,596753
2022-12-24,śląskie,SL,68,635892,0,12354,626,3472949,71,699479,0,596753
2022-12-25,śląskie,SL,15,635907,0,12354,217,3473166,16,699495,0,596753
2022-12-26,śląskie,SL,19,635926,0,12354,223,3473389,20,699515,0,596753
2022-12-27,śląskie,SL,22,635948,0,12354,237,3473626,24,699539,0,596753
2022-12-28,śląskie,SL,120,636068,1,12355,1039,3474665,142,699681,0,596753
2022-12-29,śląskie,SL,66,636134,2,12357,715,3475380,79,699760,0,596753
2022-12-30,śląskie,SL,70,636204,1,12358,748,3476128,76,699836,0,596753
2022-12-31,śląskie,SL,78,636282,2,12360,783,3476911,87,699923,0,596753
2023-01-01,śląskie,SL,22,636304,0,12360,253,3477164,23,699946,0,596753
2023-01-02,śląskie,SL,7,636311,0,12360,215,3477379,9,699955,0,596753
2023-01-03,śląskie,SL,67,636378,1,12361,836,3478215,76,700031,0,596753
2023-01-04,śląskie,SL,67,636445,0,12361,666,3478881,94,700125,0,596753
2023-01-05,śląskie,SL,64,636509,0,12361,697,3479578,81,700206,0,596753
2023-01-06,śląskie,SL,54,636563,2,12363,563,3480141,65,700271,0,596753
2023-01-07,śląskie,SL,10,636573,0,12363,259,3480400,14,700285,0,596753
2023-01-08,śląskie,SL,9,636582,0,12363,173,3480573,9,700294,0,596753
2023-01-09,śląskie,SL,12,636594,0,12363,206,3480779,13,700307,0,596753
2023-01-10,śląskie,SL,77,636671,0,12363,758,3481537,96,700403,0,596753
2023-01-11,śląskie,SL,44,636715,5,12368,507,3482044,49,700452,0,596753
2023-01-12,śląskie,SL,45,636760,0,12368,460,3482504,50,700502,0,596753
2023-01-13,śląskie,SL,47,636807,0,12368,366,3482870,55,700557,0,596753
2023-01-14,śląskie,SL,58,636865,0,12368,445,3483315,64,700621,0,596753
2023-01-15,śląskie,SL,10,636875,0,12368,170,3483485,10,700631,0,596753
2023-01-16,śląskie,SL,5,636880,0,12368,122,3483607,5,700636,0,596753
2023-01-17,śląskie,SL,78,636958,0,12368,569,3484176,85,700721,0,596753
2023-01-18,śląskie,SL,47,637005,0,12368,487,3484663,49,700770,0,596753
2023-01-19,śląskie,SL,62,637067,2,12370,498,3485161,66,700836,0,596753
2023-01-20,śląskie,SL,51,637118,1,12371,398,3485559,59,700895,0,596753
2023-01-21,śląskie,SL,58,637176,0,12371,365,3485924,63,700958,0,596753
2023-01-22,śląskie,SL,6,637182,0,12371,113,3486037,6,700964,0,596753
2023-01-23,śląskie,SL,9,637191,0,12371,133,3486170,10,700974,0,596753
2023-01-24,śląskie,SL,103,637294,1,12372,612,3486782,109,701083,0,596753
2023-01-25,śląskie,SL,80,637374,2,12374,495,3487277,86,701169,0,596753
2023-01-26,śląskie,SL,80,637454,0,12374,488,3487765,85,701254,0,596753
2023-01-27,śląskie,SL,73,637527,1,12375,423,3488188,76,701330,0,596753
2023-01-28,śląskie,SL,66,637593,0,12375,356,3488544,71,701401,0,596753
2023-01-29,śląskie,SL,4,637597,0,12375,56,3488600,4,701405,0,596753
2023-01-30,śląskie,SL,0,637597,0,12375,55,3488655,0,701405,0,596753
2023-01-31,śląskie,SL,163,637760,0,12375,670,3489325,171,701576,0,596753
2023-02-01,śląskie,SL,111,637871,0,12375,527,3489852,114,701690,0,596753
2023-02-02,śląskie,SL,136,638007,0,12375,443,3490295,142,701832,0,596753
2023-02-03,śląskie,SL,155,638162,0,12375,869,3491164,174,702006,0,596753
2023-02-04,śląskie,SL,127,638289,1,12376,569,3491733,139,702145,0,596753
2023-02-05,śląskie,SL,29,638318,0,12376,154,3491887,31,702176,0,596753
2023-02-06,śląskie,SL,17,638335,0,12376,121,3492008,18,702194,0,596753
2023-02-07,śląskie,SL,280,638615,1,12377,804,3492812,293,702487,0,596753
2023-02-08,śląskie,SL,224,638839,1,12378,654,3493466,234,702721,0,596753
2023-02-09,śląskie,SL,203,639042,0,12378,592,3494058,213,702934,0,596753
2023-02-10,śląskie,SL,237,639279,0,12378,684,3494742,248,703182,0,596753
2023-02-11,śląskie,SL,265,639544,0,12378,758,3495500,277,703459,0,596753
2023-02-12,śląskie,SL,26,639570,0,12378,195,3495695,28,703487,0,596753
2023-02-13,śląskie,SL,23,639593,0,12378,188,3495883,23,703510,0,596753
2023-02-14,śląskie,SL,482,640075,0,12378,1157,3497040,512,704022,0,596753
2023-02-15,śląskie,SL,386,640461,3,12381,993,3498033,398,704420,0,596753
2023-02-16,śląskie,SL,426,640887,1,12382,1015,3499048,439,704859,0,596753
2023-02-17,śląskie,SL,375,641262,0,12382,904,3499952,390,705249,0,596753
2023-02-18,śląskie,SL,407,641669,1,12383,1024,3500976,436,705685,0,596753
2023-02-19,śląskie,SL,56,641725,0,12383,222,3501198,62,705747,0,596753
2023-02-20,śląskie,SL,59,641784,0,12383,249,3501447,61,705808,0,596753
2023-02-21,śląskie,SL,712,642496,0,12383,1586,3503033,754,706562,0,596753
2023-02-22,śląskie,SL,532,643028,1,12384,1293,3504326,558,707120,0,596753
2023-02-23,śląskie,SL,504,643532,0,12384,1219,3505545,523,707643,0,596753
2023-02-24,śląskie,SL,493,644025,2,12386,1171,3506716,520,708163,0,596753
2023-02-25,śląskie,SL,440,644465,0,12386,1109,3507825,492,708655,0,596753
2023-02-26,śląskie,SL,71,644536,0,12386,293,3508118,79,708734,0,596753
2023-02-27,śląskie,SL,81,644617,0,12386,322,3508440,96,708830,0,596753
2023-02-28,śląskie,SL,621,645238,6,12392,1434,3509874,662,709492,0,596753
2023-03-01,śląskie,SL,502,645740,5,12397,1217,3511091,545,710037,0,596753
2023-03-02,śląskie,SL,495,646235,5,12402,1162,3512253,517,710554,0,596753
2023-03-03,śląskie,SL,448,646683,5,12407,1155,3513408,489,711043,0,596753
2023-03-04,śląskie,SL,441,647124,2,12409,1246,3514654,465,711508,0,596753
2023-03-05,śląskie,SL,71,647195,0,12409,277,3514931,80,711588,0,596753
2023-03-06,śląskie,SL,75,647270,0,12409,354,3515285,84,711672,0,596753
2023-03-07,śląskie,SL,677,647947,4,12413,1703,3516988,736,712408,0,596753
2023-03-08,śląskie,SL,545,648492,3,12416,1352,3518340,598,713006,0,596753
2023-03-09,śląskie,SL,427,648919,1,12417,1239,3519579,460,713466,0,596753
2023-03-10,śląskie,SL,473,649392,0,12417,1226,3520805,500,713966,0,596753
2023-03-11,śląskie,SL,426,649818,0,12417,1217,3522022,460,714426,0,596753
2023-03-12,śląskie,SL,51,649869,0,12417,301,3522323,61,714487,0,596753
2023-03-13,śląskie,SL,66,649935,0,12417,338,3522661,75,714562,0,596753
2023-03-14,śląskie,SL,604,650539,0,12417,1625,3524286,665,715227,0,596753
2023-03-15,śląskie,SL,449,650988,10,12427,1334,3525620,484,715711,0,596753
2023-03-16,śląskie,SL,429,651417,0,12427,1281,3526901,467,716178,0,596753
2023-03-17,śląskie,SL,374,651791,0,12427,1328,3528229,406,716584,0,596753
2023-03-18,śląskie,SL,289,652080,2,12429,1199,3529428,326,716910,0,596753
2023-03-19,śląskie,SL,36,652116,0,12429,300,3529728,44,716954,0,596753
2023-03-20,śląskie,SL,44,652160,0,12429,340,3530068,51,717005,0,596753
2023-03-21,śląskie,SL,378,652538,1,12430,1292,3531360,415,717420,0,596753
2023-03-22,śląskie,SL,284,652822,1,12431,994,3532354,312,717732,0,596753
2023-03-23,śląskie,SL,229,653051,1,12432,894,3533248,259,717991,0,596753
2023-03-24,śląskie,SL,213,653264,1,12433,965,3534213,231,718222,0,596753
2023-03-25,śląskie,SL,186,653450,5,12438,863,3535076,220,718442,0,596753
2023-03-26,śląskie,SL,24,653474,0,12438,244,3535320,26,718468,0,596753
2023-03-27,śląskie,SL,34,653508,0,12438,286,3535606,38,718506,0,596753
2023-03-28,śląskie,SL,226,653734,4,12442,1016,3536622,254,718760,0,596753
2023-03-29,śląskie,SL,130,653864,3,12445,725,3537347,135,718895,0,596753
2023-03-30,śląskie,SL,119,653983,4,12449,708,3538055,124,719019,0,596753
2023-03-31,śląskie,SL,121,654104,1,12450,716,3538771,137,719156,0,596753
2023-04-01,śląskie,SL,81,654185,2,12452,635,3539406,89,719245,0,596753
2023-04-02,śląskie,SL,12,654197,0,12452,217,3539623,12,719257,0,596753
2023-04-03,śląskie,SL,24,654221,0,12452,307,3539930,26,719283,0,596753
2023-04-04,śląskie,SL,122,654343,3,12455,860,3540790,139,719422,0,596753
2023-04-05,śląskie,SL,86,654429,2,12457,636,3541426,92,719514,0,596753
2023-04-06,śląskie,SL,84,654513,1,12458,574,3542000,92,719606,0,596753
2023-04-07,śląskie,SL,64,654577,1,12459,520,3542520,71,719677,0,596753
2023-04-08,śląskie,SL,79,654656,0,12459,565,3543085,87,719764,0,596753
2023-04-09,śląskie,SL,10,654666,0,12459,182,3543267,10,719774,0,596753
2023-04-10,śląskie,SL,8,654674,0,12459,180,3543447,9,719783,0,596753
2023-04-11,śląskie,SL,14,654688,0,12459,218,3543665,17,719800,0,596753
2023-04-12,śląskie,SL,101,654789,0,12459,726,3544391,112,719912,0,596753
2023-04-13,śląskie,SL,73,654862,5,12464,647,3545038,80,719992,0,596753
2023-04-14,śląskie,SL,49,654911,0,12464,535,3545573,49,720041,0,596753
2023-04-15,śląskie,SL,79,654990,0,12464,631,3546204,83,720124,0,596753
2023-04-16,śląskie,SL,12,655002,0,12464,164,3546368,12,720136,0,596753
2023-04-17,śląskie,SL,13,655015,0,12464,208,3546576,17,720153,0,596753
2023-04-18,śląskie,SL,72,655087,0,12464,589,3547165,76,720229,0,596753
2023-04-19,śląskie,SL,47,655134,0,12464,549,3547714,52,720281,0,596753
2023-04-20,śląskie,SL,43,655177,3,12467,536,3548250,47,720328,0,596753
2023-04-21,śląskie,SL,35,655212,1,12468,433,3548683,39,720367,0,596753
2023-04-22,śląskie,SL,42,655254,0,12468,477,3549160,45,720412,0,596753
2023-04-23,śląskie,SL,6,655260,0,12468,153,3549313,6,720418,0,596753
2023-04-24,śląskie,SL,5,655265,0,12468,138,3549451,5,720423,0,596753
2023-04-25,śląskie,SL,73,655338,1,12469,621,3550072,76,720499,0,596753
2023-04-26,śląskie,SL,37,655375,2,12471,397,3550469,46,720545,0,596753
2023-04-27,śląskie,SL,24,655399,0,12471,433,3550902,30,720575,0,596753
2023-04-28,śląskie,SL,23,655422,0,12471,325,3551227,32,720607,0,596753
2023-04-29,śląskie,SL,18,655440,0,12471,366,3551593,21,720628,0,596753
2023-04-30,śląskie,SL,3,655443,0,12471,138,3551731,6,720634,0,596753
2023-05-01,śląskie,SL,5,655448,0,12471,126,3551857,5,720639,0,596753
2023-05-02,śląskie,SL,0,655448,0,12471,102,3551959,0,720639,0,596753
2023-05-03,śląskie,SL,24,655472,0,12471,348,3552307,28,720667,0,596753
2023-05-04,śląskie,SL,5,655477,0,12471,135,3552442,5,720672,0,596753
2023-05-05,śląskie,SL,21,655498,0,12471,362,3552804,24,720696,0,596753
2023-05-06,śląskie,SL,18,655516,0,12471,320,3553124,19,720715,0,596753
2023-05-07,śląskie,SL,2,655518,0,12471,103,3553227,2,720717,0,596753
2023-05-08,śląskie,SL,5,655523,0,12471,116,3553343,5,720722,0,596753
2023-05-09,śląskie,SL,14,655537,1,12472,357,3553700,15,720737,0,596753
2023-05-10,śląskie,SL,18,655555,0,12472,258,3553958,20,720757,0,596753
2023-05-11,śląskie,SL,13,655568,0,12472,323,3554281,15,720772,0,596753
2023-05-12,śląskie,SL,9,655577,0,12472,198,3554479,10,720782,0,596753
2023-05-13,śląskie,SL,8,655585,0,12472,253,3554732,10,720792,0,596753
2023-05-14,śląskie,SL,2,655587,0,12472,95,3554827,2,720794,0,596753
2023-05-15,śląskie,SL,1,655588,0,12472,98,3554925,1,720795,0,596753
2023-05-16,śląskie,SL,17,655605,2,12474,325,3555250,20,720815,0,596753
2023-05-17,śląskie,SL,10,655615,1,12475,278,3555528,10,720825,0,596753
2023-05-18,śląskie,SL,9,655624,1,12476,233,3555761,10,720835,0,596753
2023-05-19,śląskie,SL,15,655639,0,12476,285,3556046,15,720850,0,596753
2023-05-20,śląskie,SL,13,655652,0,12476,274,3556320,15,720865,0,596753
2023-05-21,śląskie,SL,1,655653,0,12476,80,3556400,1,720866,0,596753
2023-05-22,śląskie,SL,5,655658,0,12476,86,3556486,5,720871,0,596753
2023-05-23,śląskie,SL,13,655671,0,12476,304,3556790,15,720886,0,596753
2023-05-24,śląskie,SL,8,655679,0,12476,238,3557028,12,720898,0,596753
2023-05-25,śląskie,SL,7,655686,1,12477,216,3557244,7,720905,0,596753
2023-05-26,śląskie,SL,8,655694,0,12477,224,3557468,9,720914,0,596753
2023-05-27,śląskie,SL,8,655702,0,12477,237,3557705,10,720924,0,596753
2023-05-28,śląskie,SL,0,655702,0,12477,71,3557776,0,720924,0,596753
2023-05-29,śląskie,SL,0,655702,0,12477,81,3557857,0,720924,0,596753
2023-05-30,śląskie,SL,7,655709,0,12477,194,3558051,10,720934,0,596753
2023-05-31,śląskie,SL,10,655719,0,12477,240,3558291,11,720945,0,596753
2023-06-01,śląskie,SL,6,655725,0,12477,265,3558556,9,720954,0,596753
2023-06-02,śląskie,SL,4,655729,0,12477,187,3558743,4,720958,0,596753
2023-06-03,śląskie,SL,6,655735,0,12477,234,3558977,7,720965,0,596753
2023-06-04,śląskie,SL,2,655737,0,12477,72,3559049,2,720967,0,596753
2023-06-05,śląskie,SL,1,655738,0,12477,77,3559126,2,720969,0,596753
2023-06-06,śląskie,SL,3,655741,0,12477,232,3559358,3,720972,0,596753
2023-06-07,śląskie,SL,5,655746,1,12478,187,3559545,5,720977,0,596753
2023-06-08,śląskie,SL,3,655749,0,12478,125,3559670,4,720981,0,596753
2023-06-09,śląskie,SL,0,655749,0,12478,71,3559741,0,720981,0,596753
2023-06-10,śląskie,SL,7,655756,0,12478,166,3559907,7,720988,0,596753
2023-06-11,śląskie,SL,0,655756,0,12478,39,3559946,0,720988,0,596753
2023-06-12,śląskie,SL,1,655757,0,12478,53,3559999,1,720989,0,596753
2023-06-13,śląskie,SL,8,655765,0,12478,242,3560241,9,720998,0,596753
2023-06-14,śląskie,SL,14,655779,0,12478,194,3560435,14,721012,0,596753
2023-06-15,śląskie,SL,4,655783,0,12478,170,3560605,4,721016,0,596753
2023-06-16,śląskie,SL,3,655786,0,12478,180,3560785,3,721019,0,596753
2023-06-17,śląskie,SL,0,655786,0,12478,128,3560913,1,721020,0,596753
2023-06-18,śląskie,SL,1,655787,0,12478,69,3560982,1,721021,0,596753
2023-06-19,śląskie,SL,0,655787,0,12478,64,3561046,0,721021,0,596753
2023-06-20,śląskie,SL,5,655792,0,12478,163,3561209,6,721027,0,596753
2023-06-21,śląskie,SL,4,655796,0,12478,125,3561334,5,721032,0,596753
2023-06-22,śląskie,SL,1,655797,0,12478,158,3561492,1,721033,0,596753
2023-06-23,śląskie,SL,4,655801,0,12478,86,3561578,4,721037,0,596753
2023-06-24,śląskie,SL,2,655803,0,12478,150,3561728,3,721040,0,596753
2023-06-25,śląskie,SL,0,655803,0,12478,33,3561761,0,721040,0,596753
2023-06-26,śląskie,SL,0,655803,0,12478,38,3561799,0,721040,0,596753
2023-06-27,śląskie,SL,2,655805,0,12478,124,3561923,2,721042,0,596753
2023-06-28,śląskie,SL,0,655805,0,12478,72,3561995,0,721042,0,596753
2023-06-29,śląskie,SL,3,655808,0,12478,188,3562183,3,721045,0,596753
2023-06-30,śląskie,SL,1,655809,0,12478,121,3562304,1,721046,0,596753
2023-07-01,śląskie,SL,0,655809,0,12478,56,3562360,0,721046,0,596753
2023-07-02,śląskie,SL,0,655809,0,12478,14,3562374,0,721046,0,596753
2023-07-03,śląskie,SL,0,655809,0,12478,14,3562388,0,721046,0,596753
2023-07-04,śląskie,SL,0,655809,0,12478,54,3562442,0,721046,0,596753
2023-07-05,śląskie,SL,0,655809,1,12479,32,3562474,0,721046,0,596753
2023-07-06,śląskie,SL,0,655809,0,12479,34,3562508,0,721046,0,596753
2023-07-07,śląskie,SL,0,655809,0,12479,39,3562547,0,721046,0,596753
2023-07-08,śląskie,SL,2,655811,0,12479,25,3562572,2,721048,0,596753
2023-07-09,śląskie,SL,0,655811,0,12479,18,3562590,0,721048,0,596753
2023-07-10,śląskie,SL,0,655811,0,12479,17,3562607,0,721048,0,596753
2023-07-11,śląskie,SL,2,655813,0,12479,52,3562659,2,721050,0,596753
2023-07-12,śląskie,SL,0,655813,0,12479,21,3562680,0,721050,0,596753
2023-07-13,śląskie,SL,1,655814,0,12479,32,3562712,1,721051,0,596753
2023-07-14,śląskie,SL,1,655815,0,12479,31,3562743,1,721052,0,596753
2023-07-15,śląskie,SL,0,655815,0,12479,33,3562776,0,721052,0,596753
2023-07-16,śląskie,SL,0,655815,0,12479,18,3562794,0,721052,0,596753
2023-07-17,śląskie,SL,0,655815,0,12479,14,3562808,0,721052,0,596753
2023-07-18,śląskie,SL,1,655816,0,12479,27,3562835,1,721053,0,596753
2023-07-19,śląskie,SL,1,655817,0,12479,24,3562859,1,721054,0,596753
2023-07-20,śląskie,SL,0,655817,0,12479,18,3562877,0,721054,0,596753
2023-07-21,śląskie,SL,2,655819,0,12479,28,3562905,2,721056,0,596753
2023-07-22,śląskie,SL,0,655819,0,12479,19,3562924,0,721056,0,596753
2023-07-23,śląskie,SL,0,655819,0,12479,11,3562935,0,721056,0,596753
2023-07-24,śląskie,SL,0,655819,0,12479,14,3562949,0,721056,0,596753
2023-07-25,śląskie,SL,1,655820,0,12479,18,3562967,1,721057,0,596753
2023-07-26,śląskie,SL,1,655821,0,12479,29,3562996,1,721058,0,596753
2023-07-27,śląskie,SL,0,655821,0,12479,26,3563022,0,721058,0,596753
2023-07-28,śląskie,SL,0,655821,0,12479,15,3563037,0,721058,0,596753
2023-07-29,śląskie,SL,0,655821,0,12479,25,3563062,0,721058,0,596753
2023-07-30,śląskie,SL,0,655821,0,12479,5,3563067,0,721058,0,596753
2023-07-31,śląskie,SL,0,655821,0,12479,13,3563080,0,721058,0,596753
2023-08-01,śląskie,SL,2,655823,0,12479,22,3563102,2,721060,0,596753
2023-08-02,śląskie,SL,3,655826,0,12479,26,3563128,3,721063,0,596753
2023-08-03,śląskie,SL,1,655827,0,12479,22,3563150,1,721064,0,596753
2023-08-04,śląskie,SL,2,655829,0,12479,15,3563165,2,721066,0,596753
2023-08-05,śląskie,SL,3,655832,0,12479,20,3563185,3,721069,0,596753
2023-08-06,śląskie,SL,1,655833,0,12479,2,3563187,1,721070,0,596753
2023-08-07,śląskie,SL,0,655833,0,12479,5,3563192,0,721070,0,596753
2023-08-08,śląskie,SL,1,655834,0,12479,10,3563202,1,721071,0,596753
2023-08-09,śląskie,SL,1,655835,0,12479,23,3563225,1,721072,0,596753
2023-08-10,śląskie,SL,3,655838,0,12479,14,3563239,3,721075,0,596753
2023-08-11,śląskie,SL,2,655840,0,12479,14,3563253,2,721077,0,596753
2023-08-12,śląskie,SL,2,655842,0,12479,16,3563269,2,721079,0,596753
2023-08-13,śląskie,SL,0,655842,0,12479,7,3563276,0,721079,0,596753
2023-08-14,śląskie,SL,0,655842,0,12479,6,3563282,0,721079,0,596753
2023-08-15,śląskie,SL,4,655846,0,12479,28,3563310,4,721083,0,596753
2023-08-16,śląskie,SL,1,655847,0,12479,10,3563320,1,721084,0,596753
2023-08-17,śląskie,SL,4,655851,0,12479,25,3563345,4,721088,0,596753
2023-08-18,śląskie,SL,6,655857,0,12479,39,3563384,6,721094,0,596753
2023-08-19,śląskie,SL,4,655861,0,12479,20,3563404,4,721098,0,596753
2023-08-20,śląskie,SL,0,655861,0,12479,9,3563413,0,721098,0,596753
2023-08-21,śląskie,SL,0,655861,0,12479,7,3563420,0,721098,0,596753
2023-08-22,śląskie,SL,3,655864,0,12479,24,3563444,3,721101,0,596753
2023-08-23,śląskie,SL,6,655870,0,12479,28,3563472,6,721107,0,596753
2023-08-24,śląskie,SL,0,655870,0,12479,11,3563483,0,721107,0,596753
2023-08-25,śląskie,SL,2,655872,0,12479,35,3563518,2,721109,0,596753
2023-08-26,śląskie,SL,4,655876,0,12479,23,3563541,4,721113,0,596753
2023-08-27,śląskie,SL,0,655876,0,12479,10,3563551,0,721113,0,596753
2023-08-28,śląskie,SL,1,655877,0,12479,14,3563565,1,721114,0,596753
2023-08-29,śląskie,SL,11,655888,0,12479,42,3563607,11,721125,0,596753
2023-08-30,śląskie,SL,3,655891,0,12479,32,3563639,3,721128,0,596753
2023-08-31,śląskie,SL,12,655903,0,12479,33,3563672,12,721140,0,596753
2023-09-01,śląskie,SL,8,655911,0,12479,40,3563712,8,721148,0,596753
2023-09-02,śląskie,SL,2,655913,0,12479,16,3563728,3,721151,0,596753
2023-09-03,śląskie,SL,0,655913,0,12479,8,3563736,0,721151,0,596753
2023-09-04,śląskie,SL,0,655913,0,12479,9,3563745,0,721151,0,596753
2023-09-05,śląskie,SL,4,655917,0,12479,20,3563765,4,721155,0,596753
2023-09-06,śląskie,SL,7,655924,0,12479,36,3563801,7,721162,0,596753
2023-09-07,śląskie,SL,1,655925,0,12479,39,3563840,1,721163,0,596753
2023-09-08,śląskie,SL,6,655931,0,12479,30,3563870,6,721169,0,596753
2023-09-09,śląskie,SL,9,655940,0,12479,32,3563902,9,721178,0,596753
2023-09-10,śląskie,SL,0,655940,0,12479,1,3563903,0,721178,0,596753
2023-09-11,śląskie,SL,0,655940,0,12479,15,3563918,0,721178,0,596753
2023-09-12,śląskie,SL,10,655950,0,12479,45,3563963,10,721188,0,596753
2023-09-13,śląskie,SL,12,655962,0,12479,58,3564021,12,721200,0,596753
2023-09-14,śląskie,SL,11,655973,0,12479,61,3564082,12,721212,0,596753
2023-09-15,śląskie,SL,10,655983,0,12479,42,3564124,10,721222,0,596753
2023-09-16,śląskie,SL,10,655993,0,12479,39,3564163,10,721232,0,596753
2023-09-17,śląskie,SL,0,655993,0,12479,3,3564166,0,721232,0,596753
2023-09-18,śląskie,SL,1,655994,0,12479,10,3564176,1,721233,0,596753
2023-09-19,śląskie,SL,14,656008,0,12479,64,3564240,14,721247,0,596753
2023-09-20,śląskie,SL,17,656025,0,12479,75,3564315,17,721264,0,596753
2023-09-21,śląskie,SL,15,656040,0,12479,64,3564379,15,721279,0,596753
2023-09-22,śląskie,SL,14,656054,0,12479,71,3564450,14,721293,0,596753
2023-09-23,śląskie,SL,13,656067,0,12479,57,3564507,14,721307,0,596753
2023-09-24,śląskie,SL,2,656069,0,12479,18,3564525,2,721309,0,596753
2023-09-25,śląskie,SL,0,656069,0,12479,7,3564532,0,721309,0,596753
2023-09-26,śląskie,SL,20,656089,0,12479,93,3564625,21,721330,0,596753
2023-09-27,śląskie,SL,21,656110,0,12479,62,3564687,21,721351,0,596753
2023-09-28,śląskie,SL,11,656121,0,12479,58,3564745,11,721362,0,596753
2023-09-29,śląskie,SL,19,656140,0,12479,92,3564837,19,721381,0,596753
2023-09-30,śląskie,SL,21,656161,0,12479,71,3564908,21,721402,0,596753
2023-10-01,śląskie,SL,3,656164,0,12479,6,3564914,3,721405,0,596753
2023-10-02,śląskie,SL,2,656166,0,12479,9,3564923,2,721407,0,596753
2023-10-03,śląskie,SL,29,656195,0,12479,93,3565016,29,721436,0,596753
2023-10-04,śląskie,SL,27,656222,0,12479,87,3565103,27,721463,0,596753
2023-10-05,śląskie,SL,21,656243,0,12479,97,3565200,22,721485,0,596753
2023-10-06,śląskie,SL,21,656264,0,12479,81,3565281,21,721506,0,596753
2023-10-07,śląskie,SL,21,656285,0,12479,88,3565369,21,721527,0,596753
2023-10-08,śląskie,SL,0,656285,0,12479,6,3565375,0,721527,0,596753
2023-10-09,śląskie,SL,2,656287,0,12479,9,3565384,2,721529,0,596753
2023-10-10,śląskie,SL,34,656321,0,12479,107,3565491,35,721564,0,596753
2023-10-11,śląskie,SL,15,656336,0,12479,90,3565581,15,721579,0,596753
2023-10-12,śląskie,SL,27,656363,0,12479,109,3565690,28,721607,0,596753
2023-10-13,śląskie,SL,25,656388,0,12479,108,3565798,25,721632,0,596753
2023-10-14,śląskie,SL,30,656418,0,12479,101,3565899,31,721663,0,596753
2023-10-15,śląskie,SL,2,656420,0,12479,20,3565919,2,721665,0,596753
2023-10-16,śląskie,SL,1,656421,0,12479,10,3565929,1,721666,0,596753
2023-10-17,śląskie,SL,63,656484,0,12479,153,3566082,64,721730,0,596753
2023-10-18,śląskie,SL,30,656514,0,12479,102,3566184,32,721762,0,596753
2023-10-19,śląskie,SL,38,656552,0,12479,141,3566325,40,721802,0,596753
2023-10-20,śląskie,SL,39,656591,0,12479,137,3566462,39,721841,0,596753
2023-10-21,śląskie,SL,24,656615,0,12479,101,3566563,24,721865,0,596753
2023-10-22,śląskie,SL,5,656620,0,12479,32,3566595,5,721870,0,596753
2023-10-23,śląskie,SL,1,656621,0,12479,7,3566602,1,721871,0,596753
2023-10-24,śląskie,SL,52,656673,0,12479,139,3566741,52,721923,0,596753
2023-10-25,śląskie,SL,45,656718,0,12479,146,3566887,47,721970,0,596753
2023-10-26,śląskie,SL,65,656783,1,12480,158,3567045,70,722040,0,596753
2023-10-27,śląskie,SL,46,656829,0,12480,142,3567187,48,722088,0,596753
2023-10-28,śląskie,SL,44,656873,0,12480,136,3567323,47,722135,0,596753
2023-10-29,śląskie,SL,4,656877,0,12480,19,3567342,4,722139,0,596753
2023-10-30,śląskie,SL,3,656880,0,12480,17,3567359,3,722142,0,596753
2023-10-31,śląskie,SL,78,656958,0,12480,206,3567565,80,722222,0,596753
2023-11-01,śląskie,SL,62,657020,0,12480,159,3567724,63,722285,0,596753
2023-11-02,śląskie,SL,3,657023,0,12480,18,3567742,3,722288,0,596753
2023-11-03,śląskie,SL,98,657121,0,12480,232,3567974,102,722390,0,596753
2023-11-04,śląskie,SL,107,657228,0,12480,207,3568181,108,722498,0,596753
2023-11-05,śląskie,SL,2,657230,0,12480,5,3568186,2,722500,0,596753
2023-11-06,śląskie,SL,5,657235,0,12480,31,3568217,5,722505,0,596753
2023-11-07,śląskie,SL,122,657357,0,12480,295,3568512,125,722630,0,596753
2023-11-08,śląskie,SL,110,657467,0,12480,317,3568829,111,722741,0,596753
2023-11-09,śląskie,SL,77,657544,0,12480,195,3569024,79,722820,0,596753
2023-11-10,śląskie,SL,73,657617,0,12480,197,3569221,75,722895,0,596753
2023-11-11,śląskie,SL,61,657678,0,12480,138,3569359,61,722956,0,596753
2023-11-12,śląskie,SL,2,657680,0,12480,8,3569367,2,722958,0,596753
2023-11-13,śląskie,SL,3,657683,0,12480,15,3569382,3,722961,0,596753
2023-11-14,śląskie,SL,137,657820,2,12482,356,3569738,144,723105,0,596753
2023-11-15,śląskie,SL,126,657946,1,12483,305,3570043,128,723233,0,596753
2023-11-16,śląskie,SL,109,658055,1,12484,240,3570283,111,723344,0,596753
2023-11-17,śląskie,SL,119,658174,0,12484,277,3570560,121,723465,0,596753
2023-11-18,śląskie,SL,114,658288,0,12484,249,3570809,115,723580,0,596753
2023-11-19,śląskie,SL,4,658292,0,12484,16,3570825,4,723584,0,596753
2023-11-20,śląskie,SL,8,658300,0,12484,27,3570852,10,723594,0,596753
2023-11-21,śląskie,SL,189,658489,0,12484,408,3571260,192,723786,0,596753
2023-11-22,śląskie,SL,187,658676,0,12484,424,3571684,195,723981,0,596753
2023-11-23,śląskie,SL,161,658837,3,12487,331,3572015,169,724150,0,596753
2023-11-24,śląskie,SL,161,658998,1,12488,404,3572419,171,724321,0,596753
2023-11-25,śląskie,SL,149,659147,1,12489,378,3572797,152,724473,0,596753
2023-11-26,śląskie,SL,4,659151,0,12489,24,3572821,5,724478,0,596753
2023-11-27,śląskie,SL,9,659160,0,12489,34,3572855,9,724487,0,596753
2023-11-28,śląskie,SL,288,659448,0,12489,508,3573363,295,724782,0,596753
2023-11-29,śląskie,SL,253,659701,0,12489,497,3573860,258,725040,0,596753
2023-11-30,śląskie,SL,196,659897,0,12489,423,3574283,205,725245,0,596753
2023-12-01,śląskie,SL,251,660148,0,12489,437,3574720,264,725509,0,596753
2023-12-02,śląskie,SL,195,660343,1,12490,451,3575171,207,725716,0,596753
2023-12-03,śląskie,SL,8,660351,0,12490,23,3575194,8,725724,0,596753
2023-12-04,śląskie,SL,8,660359,0,12490,31,3575225,9,725733,0,596753
2023-12-05,śląskie,SL,419,660778,0,12490,737,3575962,425,726158,0,596753
2023-12-06,śląskie,SL,315,661093,3,12493,657,3576619,324,726482,0,596753
2023-12-07,śląskie,SL,317,661410,2,12495,590,3577209,335,726817,0,596753
2023-12-08,śląskie,SL,302,661712,2,12497,591,3577800,307,727124,0,596753
2023-12-09,śląskie,SL,327,662039,0,12497,658,3578458,341,727465,0,596753
2023-12-10,śląskie,SL,7,662046,0,12497,37,3578495,7,727472,0,596753
2023-12-11,śląskie,SL,20,662066,0,12497,38,3578533,21,727493,0,596753
2023-12-12,śląskie,SL,525,662591,0,12497,973,3579506,537,728030,0,596753
2023-12-13,śląskie,SL,399,662990,5,12502,731,3580237,413,728443,0,596753
2023-12-14,śląskie,SL,430,663420,1,12503,750,3580987,443,728886,0,596753
2023-12-15,śląskie,SL,311,663731,4,12507,699,3581686,316,729202,0,596753
2023-12-16,śląskie,SL,316,664047,4,12511,679,3582365,325,729527,0,596753
2023-12-17,śląskie,SL,34,664081,0,12511,111,3582476,36,729563,0,596753
2023-12-18,śląskie,SL,18,664099,0,12511,88,3582564,23,729586,0,596753
2023-12-19,śląskie,SL,516,664615,0,12511,1093,3583657,532,730118,0,596753
2023-12-20,śląskie,SL,414,665029,2,12513,879,3584536,424,730542,0,596753
2023-12-21,śląskie,SL,421,665450,2,12515,827,3585363,430,730972,0,596753
2023-12-22,śląskie,SL,364,665814,1,12516,731,3586094,380,731352,0,596753
2023-12-23,śląskie,SL,319,666133,0,12516,710,3586804,348,731700,0,596753
2023-12-24,śląskie,SL,13,666146,0,12516,36,3586840,13,731713,0,596753
2023-12-25,śląskie,SL,16,666162,0,12516,33,3586873,18,731731,0,596753
2023-12-26,śląskie,SL,13,666175,0,12516,67,3586940,13,731744,0,596753
2023-12-27,śląskie,SL,14,666189,0,12516,46,3586986,14,731758,0,596753
2023-12-28,śląskie,SL,308,666497,3,12519,800,3587786,320,732078,0,596753
2023-12-29,śląskie,SL,232,666729,2,12521,586,3588372,256,732334,0,596753
2023-12-30,śląskie,SL,230,666959,1,12522,587,3588959,239,732573,0,596753
2023-12-31,śląskie,SL,17,666976,0,12522,61,3589020,18,732591,0,596753
2024-01-01,śląskie,SL,5,666981,0,12522,49,3589069,8,732599,0,596753
2024-01-02,śląskie,SL,7,666988,0,12522,32,3589101,9,732608,0,596753
2024-01-03,śląskie,SL,186,667174,4,12526,555,3589656,191,732799,0,596753
2024-01-04,śląskie,SL,453,667627,0,12526,1751,3591407,475,733274,0,596753
2024-01-05,śląskie,SL,331,667958,2,12528,1229,3592636,354,733628,0,596753
2024-01-06,śląskie,SL,111,668069,3,12531,418,3593054,112,733740,0,596753
2024-01-07,śląskie,SL,6,668075,0,12531,62,3593116,6,733746,0,596753
2024-01-08,śląskie,SL,12,668087,0,12531,61,3593177,12,733758,0,596753
2024-01-09,śląskie,SL,156,668243,1,12532,567,3593744,158,733916,0,596753
2024-01-10,śląskie,SL,96,668339,1,12533,436,3594180,105,734021,0,596753
2024-01-11,śląskie,SL,71,668410,0,12533,357,3594537,74,734095,0,596753
2024-01-12,śląskie,SL,74,668484,1,12534,319,3594856,74,734169,0,596753
2024-01-13,śląskie,SL,68,668552,1,12535,368,3595224,72,734241,0,596753
2024-01-14,śląskie,SL,6,668558,0,12535,38,3595262,7,734248,0,596753
2024-01-15,śląskie,SL,7,668565,0,12535,66,3595328,7,734255,0,596753
2024-01-16,śląskie,SL,133,668698,1,12536,671,3595999,137,734392,0,596753
2024-01-17,śląskie,SL,78,668776,2,12538,438,3596437,79,734471,0,596753
2024-01-18,śląskie,SL,68,668844,1,12539,433,3596870,70,734541,0,596753
2024-01-19,śląskie,SL,49,668893,1,12540,385,3597255,51,734592,0,596753
2024-01-20,śląskie,SL,63,668956,2,12542,407,3597662,67,734659,0,596753
2024-01-21,śląskie,SL,6,668962,0,12542,60,3597722,6,734665,0,596753
2024-01-22,śląskie,SL,5,668967,0,12542,55,3597777,5,734670,0,596753
2024-01-23,śląskie,SL,80,669047,2,12544,605,3598382,81,734751,0,596753
2024-01-24,śląskie,SL,60,669107,0,12544,670,3599052,62,734813,0,596753
2024-01-25,śląskie,SL,66,669173,1,12545,630,3599682,70,734883,0,596753
2024-01-26,śląskie,SL,54,669227,0,12545,519,3600201,54,734937,0,596753
2024-01-27,śląskie,SL,48,669275,0,12545,486,3600687,51,734988,0,596753
2024-01-28,śląskie,SL,4,669279,0,12545,121,3600808,4,734992,0,596753
2024-01-29,śląskie,SL,6,669285,0,12545,59,3600867,6,734998,0,596753
2024-01-30,śląskie,SL,56,669341,3,12548,567,3601434,58,735056,0,596753
2024-01-31,śląskie,SL,35,669376,1,12549,630,3602064,39,735095,0,596753
2024-02-01,śląskie,SL,37,669413,1,12550,543,3602607,37,735132,0,596753
2024-02-02,śląskie,SL,30,669443,0,12550,503,3603110,33,735165,0,596753
2024-02-03,śląskie,SL,36,669479,0,12550,453,3603563,37,735202,0,596753
2024-02-04,śląskie,SL,3,669482,0,12550,33,3603596,3,735205,0,596753
2024-02-05,śląskie,SL,2,669484,0,12550,31,3603627,3,735208,0,596753
2024-02-06,śląskie,SL,43,669527,0,12550,654,3604281,44,735252,0,596753
2024-02-07,śląskie,SL,33,669560,0,12550,535,3604816,33,735285,0,596753
2024-02-08,śląskie,SL,27,669587,0,12550,504,3605320,27,735312,0,596753
2024-02-09,śląskie,SL,24,669611,0,12550,328,3605648,24,735336,0,596753
2024-02-10,śląskie,SL,25,669636,0,12550,357,3606005,33,735369,0,596753
2024-02-11,śląskie,SL,1,669637,0,12550,68,3606073,1,735370,0,596753
2024-02-12,śląskie,SL,1,669638,0,12550,62,3606135,1,735371,0,596753
2024-02-13,śląskie,SL,36,669674,0,12550,456,3606591,39,735410,0,596753
2024-02-14,śląskie,SL,18,669692,0,12550,394,3606985,18,735428,0,596753
2024-02-15,śląskie,SL,23,669715,0,12550,319,3607304,23,735451,0,596753
2024-02-16,śląskie,SL,18,669733,1,12551,513,3607817,19,735470,0,596753
2024-02-17,śląskie,SL,8,669741,0,12551,309,3608126,8,735478,0,596753
2024-02-18,śląskie,SL,2,669743,0,12551,47,3608173,2,735480,0,596753
2024-02-19,śląskie,SL,0,669743,0,12551,38,3608211,0,735480,0,596753
2024-02-20,śląskie,SL,15,669758,0,12551,442,3608653,15,735495,0,596753
2024-02-21,śląskie,SL,18,669776,1,12552,342,3608995,19,735514,0,596753
2024-02-22,śląskie,SL,9,669785,1,12553,327,3609322,9,735523,0,596753
2024-02-23,śląskie,SL,30,669815,0,12553,236,3609558,31,735554,0,596753
2024-02-24,śląskie,SL,11,669826,0,12553,258,3609816,11,735565,0,596753
2024-02-25,śląskie,SL,1,669827,0,12553,35,3609851,1,735566,0,596753
2024-02-26,śląskie,SL,0,669827,0,12553,57,3609908,0,735566,0,596753
2024-02-27,śląskie,SL,13,669840,1,12554,322,3610230,14,735580,0,596753
2024-02-28,śląskie,SL,3,669843,1,12555,273,3610503,3,735583,0,596753
2024-02-29,śląskie,SL,11,669854,0,12555,267,3610770,11,735594,0,596753
2024-03-01,śląskie,SL,5,669859,0,12555,214,3610984,5,735599,0,596753
2024-03-02,śląskie,SL,4,669863,0,12555,186,3611170,4,735603,0,596753
2024-03-03,śląskie,SL,0,669863,0,12555,35,3611205,0,735603,0,596753
2024-03-04,śląskie,SL,0,669863,0,12555,24,3611229,0,735603,0,596753
2024-03-05,śląskie,SL,9,669872,1,12556,265,3611494,9,735612,0,596753
2024-03-06,śląskie,SL,6,669878,0,12556,222,3611716,6,735618,0,596753
2024-03-07,śląskie,SL,7,669885,0,12556,232,3611948,10,735628,0,596753
2024-03-08,śląskie,SL,3,669888,0,12556,147,3612095,3,735631,0,596753
2024-03-09,śląskie,SL,2,669890,0,12556,158,3612253,2,735633,0,596753
2024-03-10,śląskie,SL,0,669890,0,12556,32,3612285,0,735633,0,596753
2024-03-11,śląskie,SL,0,669890,0,12556,29,3612314,0,735633,0,596753
2024-03-12,śląskie,SL,6,669896,1,12557,245,3612559,9,735642,0,596753
2024-03-13,śląskie,SL,4,669900,0,12557,233,3612792,5,735647,0,596753
2024-03-14,śląskie,SL,2,669902,0,12557,175,3612967,2,735649,0,596753
2024-03-15,śląskie,SL,4,669906,0,12557,117,3613084,4,735653,0,596753
2024-03-16,śląskie,SL,4,669910,0,12557,136,3613220,4,735657,0,596753
2024-03-17,śląskie,SL,1,669911,0,12557,16,3613236,1,735658,0,596753
2024-03-18,śląskie,SL,0,669911,0,12557,21,3613257,0,735658,0,596753
2024-03-19,śląskie,SL,6,669917,0,12557,196,3613453,6,735664,0,596753
2024-03-20,śląskie,SL,2,669919,0,12557,145,3613598,2,735666,0,596753
2024-03-21,śląskie,SL,4,669923,0,12557,129,3613727,4,735670,0,596753
2024-03-22,śląskie,SL,1,669924,0,12557,97,3613824,1,735671,0,596753
2024-03-23,śląskie,SL,4,669928,0,12557,132,3613956,4,735675,0,596753
2024-03-24,śląskie,SL,0,669928,0,12557,11,3613967,0,735675,0,596753
2024-03-25,śląskie,SL,0,669928,0,12557,17,3613984,0,735675,0,596753
2024-03-26,śląskie,SL,5,669933,0,12557,154,3614138,6,735681,0,596753
2024-03-27,śląskie,SL,2,669935,0,12557,175,3614313,2,735683,0,596753
2024-03-28,śląskie,SL,0,669935,0,12557,108,3614421,0,735683,0,596753
2024-03-29,śląskie,SL,2,669937,0,12557,91,3614512,2,735685,0,596753
2024-03-30,śląskie,SL,1,669938,0,12557,77,3614589,1,735686,0,596753
2024-03-31,śląskie,SL,0,669938,0,12557,28,3614617,0,735686,0,596753
2024-04-01,śląskie,SL,0,669938,0,12557,12,3614629,0,735686,0,596753
2024-04-02,śląskie,SL,0,669938,0,12557,22,3614651,0,735686,0,596753
2024-04-03,śląskie,SL,3,669941,0,12557,110,3614761,4,735690,0,596753
2024-04-19,śląskie,SL,1,669942,0,12557,71,3614832,1,735691,0,596753
2024-04-20,śląskie,SL,1,669943,0,12557,50,3614882,1,735692,0,596753
2024-04-21,śląskie,SL,0,669943,0,12557,4,3614886,0,735692,0,596753
2024-04-22,śląskie,SL,0,669943,0,12557,12,3614898,0,735692,0,596753
2024-04-23,śląskie,SL,5,669948,0,12557,78,3614976,5,735697,0,596753
2024-04-24,śląskie,SL,1,669949,0,12557,32,3615008,1,735698,0,596753
2024-04-25,śląskie,SL,0,669949,0,12557,53,3615061,0,735698,0,596753
2024-04-26,śląskie,SL,2,669951,0,12557,41,3615102,2,735700,0,596753
2024-04-27,śląskie,SL,2,669953,0,12557,52,3615154,2,735702,0,596753
2024-04-28,śląskie,SL,0,669953,0,12557,12,3615166,0,735702,0,596753
2024-04-29,śląskie,SL,0,669953,0,12557,14,3615180,0,735702,0,596753
2024-04-30,śląskie,SL,0,669953,0,12557,97,3615277,0,735702,0,596753
2024-05-01,śląskie,SL,1,669954,0,12557,62,3615339,1,735703,0,596753
2024-05-02,śląskie,SL,0,669954,0,12557,7,3615346,0,735703,0,596753
2024-05-03,śląskie,SL,2,669956,0,12557,80,3615426,2,735705,0,596753
2024-05-04,śląskie,SL,0,669956,0,12557,6,3615432,0,735705,0,596753
2024-05-05,śląskie,SL,0,669956,0,12557,14,3615446,0,735705,0,596753
2024-05-06,śląskie,SL,0,669956,0,12557,16,3615462,0,735705,0,596753
2024-05-07,śląskie,SL,3,669959,0,12557,71,3615533,7,735712,0,596753
2024-05-08,śląskie,SL,2,669961,0,12557,42,3615575,2,735714,0,596753
2024-05-09,śląskie,SL,3,669964,0,12557,41,3615616,3,735717,0,596753
2024-05-10,śląskie,SL,0,669964,0,12557,33,3615649,0,735717,0,596753
2024-05-11,śląskie,SL,1,669965,0,12557,46,3615695,1,735718,0,596753
2024-05-12,śląskie,SL,0,669965,0,12557,5,3615700,0,735718,0,596753
2024-05-13,śląskie,SL,0,669965,0,12557,8,3615708,0,735718,0,596753
2024-05-14,śląskie,SL,3,669968,0,12557,49,3615757,3,735721,0,596753
2024-05-15,śląskie,SL,1,669969,0,12557,49,3615806,2,735723,0,596753
2024-05-16,śląskie,SL,4,669973,0,12557,37,3615843,4,735727,0,596753
2024-05-17,śląskie,SL,3,669976,0,12557,55,3615898,3,735730,0,596753
2024-05-18,śląskie,SL,1,669977,0,12557,24,3615922,1,735731,0,596753
2024-05-19,śląskie,SL,1,669978,0,12557,9,3615931,1,735732,0,596753
2024-05-20,śląskie,SL,2,669980,0,12557,11,3615942,2,735734,0,596753
2024-05-21,śląskie,SL,3,669983,0,12557,66,3616008,3,735737,0,596753
2024-05-22,śląskie,SL,1,669984,0,12557,30,3616038,1,735738,0,596753
2024-05-23,śląskie,SL,2,669986,0,12557,54,3616092,2,735740,0,596753
2024-05-24,śląskie,SL,5,669991,0,12557,37,3616129,5,735745,0,596753
2024-05-25,śląskie,SL,2,669993,0,12557,38,3616167,2,735747,0,596753
2024-05-26,śląskie,SL,0,669993,0,12557,6,3616173,0,735747,0,596753
2024-05-27,śląskie,SL,0,669993,0,12557,16,3616189,0,735747,0,596753
2024-05-28,śląskie,SL,2,669995,0,12557,52,3616241,2,735749,0,596753
2024-05-29,śląskie,SL,4,669999,0,12557,31,3616272,4,735753,0,596753
2024-05-30,śląskie,SL,2,670001,0,12557,25,3616297,2,735755,0,596753
2024-05-31,śląskie,SL,0,670001,0,12557,10,3616307,0,735755,0,596753
2024-06-01,śląskie,SL,0,670001,0,12557,41,3616348,0,735755,0,596753
2024-06-02,śląskie,SL,0,670001,0,12557,7,3616355,0,735755,0,596753
2024-06-03,śląskie,SL,0,670001,0,12557,9,3616364,0,735755,0,596753
2024-06-04,śląskie,SL,6,670007,0,12557,44,3616408,6,735761,0,596753
2024-06-05,śląskie,SL,3,670010,0,12557,29,3616437,3,735764,0,596753
2024-06-06,śląskie,SL,6,670016,0,12557,39,3616476,6,735770,0,596753
2024-06-07,śląskie,SL,4,670020,0,12557,28,3616504,4,735774,0,596753
2024-06-08,śląskie,SL,1,670021,0,12557,37,3616541,1,735775,0,596753
2024-06-09,śląskie,SL,0,670021,0,12557,5,3616546,0,735775,0,596753
2024-06-10,śląskie,SL,0,670021,0,12557,4,3616550,0,735775,0,596753
2024-06-11,śląskie,SL,6,670027,0,12557,49,3616599,6,735781,0,596753
2024-06-12,śląskie,SL,2,670029,0,12557,33,3616632,2,735783,0,596753
2024-06-13,śląskie,SL,3,670032,0,12557,31,3616663,3,735786,0,596753
2024-06-14,śląskie,SL,5,670037,0,12557,20,3616683,5,735791,0,596753
2024-06-15,śląskie,SL,1,670038,0,12557,26,3616709,1,735792,0,596753
2024-06-16,śląskie,SL,0,670038,0,12557,3,3616712,0,735792,0,596753
2024-06-17,śląskie,SL,0,670038,0,12557,5,3616717,0,735792,0,596753
2024-06-18,śląskie,SL,10,670048,0,12557,50,3616767,11,735803,0,596753
2024-06-19,śląskie,SL,10,670058,0,12557,62,3616829,10,735813,0,596753
2024-06-20,śląskie,SL,5,670063,0,12557,30,3616859,5,735818,0,596753
2024-06-21,śląskie,SL,12,670075,0,12557,40,3616899,13,735831,0,596753
2024-06-22,śląskie,SL,7,670082,0,12557,33,3616932,7,735838,0,596753
2024-06-23,śląskie,SL,0,670082,0,12557,9,3616941,0,735838,0,596753
2024-06-24,śląskie,SL,0,670082,0,12557,8,3616949,0,735838,0,596753
2024-06-25,śląskie,SL,7,670089,0,12557,46,3616995,7,735845,0,596753
2024-06-26,śląskie,SL,8,670097,0,12557,30,3617025,8,735853,0,596753
2024-06-27,śląskie,SL,10,670107,0,12557,29,3617054,10,735863,0,596753
2024-06-28,śląskie,SL,6,670113,0,12557,41,3617095,6,735869,0,596753
2024-06-29,śląskie,SL,3,670116,0,12557,41,3617136,3,735872,0,596753
2024-06-30,śląskie,SL,0,670116,0,12557,10,3617146,0,735872,0,596753
2024-07-01,śląskie,SL,1,670117,0,12557,18,3617164,1,735873,0,596753
2020-11-24,mazowieckie,MZ,1181,1181,51,51,5979,5979,1453,1453,0,0
2020-11-25,mazowieckie,MZ,1586,2767,94,145,6598,12577,1791,3244,0,0
2020-11-26,mazowieckie,MZ,1788,4555,74,219,7510,20087,1993,5237,0,0
2020-11-27,mazowieckie,MZ,2072,6627,81,300,9800,29887,2287,7524,0,0
2020-11-28,mazowieckie,MZ,1994,8621,60,360,10696,40583,2202,9726,0,0
2020-11-29,mazowieckie,MZ,1419,10040,57,417,5668,46251,1568,11294,0,0
2020-11-30,mazowieckie,MZ,675,10715,15,432,3350,49601,785,12079,0,0
2020-12-01,mazowieckie,MZ,732,11447,16,448,4964,54565,925,13004,0,0
2020-12-02,mazowieckie,MZ,1644,13091,71,519,8409,62974,1831,14835,0,0
2020-12-03,mazowieckie,MZ,1794,14885,75,594,7767,70741,1931,16766,0,0
2020-12-04,mazowieckie,MZ,1649,16534,85,679,9037,79778,1927,18693,0,0
2020-12-05,mazowieckie,MZ,1579,18113,45,724,10354,90132,2038,20731,0,0
2020-12-06,mazowieckie,MZ,1172,19285,23,747,5091,95223,1317,22048,0,0
2020-12-07,mazowieckie,MZ,618,19903,18,765,3701,98924,774,22822,0,0
2020-12-08,mazowieckie,MZ,973,20876,38,803,7316,106240,1302,24124,0,0
2020-12-09,mazowieckie,MZ,1500,22376,41,844,7233,113473,1743,25867,0,0
2020-12-10,mazowieckie,MZ,1703,24079,48,892,8053,121526,1886,27753,0,0
2020-12-11,mazowieckie,MZ,1728,25807,58,950,9376,130902,2047,29800,0,0
2020-12-12,mazowieckie,MZ,1529,27336,75,1025,8933,139835,1919,31719,0,0
2020-12-13,mazowieckie,MZ,1286,28622,24,1049,6124,145959,1473,33192,0,0
2020-12-14,mazowieckie,MZ,730,29352,12,1061,3503,149462,887,34079,0,0
2020-12-15,mazowieckie,MZ,776,30128,23,1084,6677,156139,1094,35173,0,0
2020-12-16,mazowieckie,MZ,1467,31595,66,1150,8381,164520,1693,36866,0,0
2020-12-17,mazowieckie,MZ,1322,32917,61,1211,7016,171536,1457,38323,0,0
2020-12-18,mazowieckie,MZ,1428,34345,46,1257,7383,178919,1571,39894,0,0
2020-12-19,mazowieckie,MZ,1389,35734,47,1304,7845,186764,1559,41453,0,0
2020-12-20,mazowieckie,MZ,1114,36848,17,1321,5352,192116,1203,42656,0,0
2020-12-21,mazowieckie,MZ,635,37483,10,1331,3423,195539,711,43367,0,0
2020-12-22,mazowieckie,MZ,889,38372,29,1360,5782,201321,1094,44461,0,0
2020-12-23,mazowieckie,MZ,1524,39896,48,1408,7737,209058,1682,46143,0,0
2020-12-24,mazowieckie,MZ,1829,41725,53,1461,10132,219190,2218,48361,957,957
2020-12-25,mazowieckie,MZ,1166,42891,20,1481,5743,224933,1267,49628,1652,2609
2020-12-26,mazowieckie,MZ,741,43632,19,1500,3121,228054,814,50442,1331,3940
2020-12-27,mazowieckie,MZ,532,44164,8,1508,2361,230415,629,51071,1161,5101
2020-12-28,mazowieckie,MZ,409,44573,4,1512,2343,232758,487,51558,1455,6556
2020-12-29,mazowieckie,MZ,957,45530,25,1537,7011,239769,1184,52742,1349,7905
2020-12-30,mazowieckie,MZ,1600,47130,80,1617,7768,247537,1766,54508,547,8452
2020-12-31,mazowieckie,MZ,1739,48869,68,1685,8189,255726,1903,56411,1123,9575
2021-01-01,mazowieckie,MZ,1453,50322,52,1737,6346,262072,1594,58005,1859,11434
2021-01-02,mazowieckie,MZ,1045,51367,15,1752,3901,265973,1139,59144,1587,13021
2021-01-03,mazowieckie,MZ,903,52270,2,1754,3849,269822,1054,60198,856,13877
2021-01-04,mazowieckie,MZ,745,53015,1,1755,4037,273859,850,61048,810,14687
2021-01-05,mazowieckie,MZ,824,53839,27,1782,5560,279419,1008,62056,754,15441
2021-01-06,mazowieckie,MZ,1683,55522,39,1821,7568,286987,1823,63879,513,15954
2021-01-08,mazowieckie,MZ,1213,56735,29,1850,6845,293832,1403,65282,1652,17606
2021-01-09,mazowieckie,MZ,1330,58065,44,1894,7272,301104,1453,66735,1675,19281
2021-01-10,mazowieckie,MZ,1305,59370,40,1934,6248,307352,1394,68129,1312,20593
2021-01-11,mazowieckie,MZ,626,59996,9,1943,3369,310721,695,68824,974,21567
2021-01-12,mazowieckie,MZ,693,60689,26,1969,6476,317197,902,69726,1155,22722
2021-01-13,mazowieckie,MZ,1067,61756,50,2019,9745,326942,1213,70939,707,23429
2021-01-14,mazowieckie,MZ,1230,62986,41,2060,12747,339689,1362,72301,1087,24516
2021-01-15,mazowieckie,MZ,946,63932,56,2116,11171,350860,1072,73373,1816,26332
2021-01-16,mazowieckie,MZ,1038,64970,43,2159,11444,362304,1214,74587,1532,27864
2021-01-17,mazowieckie,MZ,816,65786,13,2172,8815,371119,907,75494,1060,28924
2021-01-18,mazowieckie,MZ,474,66260,11,2183,5495,376614,530,76024,1403,30327
2021-01-19,mazowieckie,MZ,682,66942,20,2203,6408,383022,868,76892,1352,31679
2021-01-20,mazowieckie,MZ,890,67832,49,2252,7003,390025,1032,77924,688,32367
2021-01-21,mazowieckie,MZ,874,68706,63,2315,6345,396370,986,78910,851,33218
2021-01-22,mazowieckie,MZ,856,69562,64,2379,6223,402593,975,79885,1117,34335
2021-01-23,mazowieckie,MZ,935,70497,43,2422,6689,409282,1043,80928,1252,35587
2021-01-24,mazowieckie,MZ,687,71184,14,2436,4722,414004,754,81682,1075,36662
2021-01-25,mazowieckie,MZ,371,71555,4,2440,2969,416973,420,82102,1069,37731
2021-01-26,mazowieckie,MZ,570,72125,34,2474,5442,422415,719,82821,896,38627
2021-01-27,mazowieckie,MZ,934,73059,50,2524,6767,429182,1085,83906,515,39142
2021-01-28,mazowieckie,MZ,1046,74105,43,2567,6696,435878,1172,85078,680,39822
2021-01-29,mazowieckie,MZ,972,75077,74,2641,7264,443142,1131,86209,859,40681
2021-01-30,mazowieckie,MZ,949,76026,46,2687,6820,449962,1066,87275,1004,41685
2021-01-31,mazowieckie,MZ,765,76791,33,2720,5283,455245,838,88113,831,42516
2021-02-01,mazowieckie,MZ,439,77230,22,2742,3468,458713,502,88615,950,43466
2021-02-02,mazowieckie,MZ,585,77815,44,2786,5202,463915,692,89307,820,44286
2021-02-03,mazowieckie,MZ,1128,78943,93,2879,6935,470850,1254,90561,405,44691
2021-02-04,mazowieckie,MZ,959,79902,91,2970,6421,477271,1075,91636,696,45387
2021-02-05,mazowieckie,MZ,959,80861,64,3034,5993,483264,1046,92682,979,46366
2021-02-06,mazowieckie,MZ,986,81847,42,3076,7139,490403,1121,93803,1082,47448
2021-02-07,mazowieckie,MZ,743,82590,14,3090,4726,495129,798,94601,894,48342
2021-02-08,mazowieckie,MZ,435,83025,10,3100,3107,498236,482,95083,981,49323
2021-02-09,mazowieckie,MZ,602,83627,19,3119,5748,503984,714,95797,748,50071
2021-02-10,mazowieckie,MZ,1074,84701,54,3173,7735,511719,1211,97008,529,50600
2021-02-11,mazowieckie,MZ,1087,85788,88,3261,8091,519810,1220,98228,706,51306
2021-02-12,mazowieckie,MZ,1008,86796,25,3286,7920,527730,1117,99345,1100,52406
2021-02-13,mazowieckie,MZ,1090,87886,45,3331,8390,536120,1212,100557,1025,53431
2021-02-14,mazowieckie,MZ,1001,88887,30,3361,5191,541311,1067,101624,938,54369
2021-02-15,mazowieckie,MZ,473,89360,0,3361,3239,544550,524,102148,959,55328
2021-02-16,mazowieckie,MZ,823,90183,24,3385,5941,550491,939,103087,849,56177
2021-02-17,mazowieckie,MZ,1399,91582,38,3423,7758,558249,1512,104599,415,56592
2021-02-18,mazowieckie,MZ,1633,93215,53,3476,8656,566905,1792,106391,662,57254
2021-02-19,mazowieckie,MZ,1427,94642,24,3500,7242,574147,1535,107926,1157,58411
2021-02-20,mazowieckie,MZ,1392,96034,53,3553,7524,581671,1516,109442,1208,59619
2021-02-21,mazowieckie,MZ,1338,97372,16,3569,6074,587745,1414,110856,1081,60700
2021-02-22,mazowieckie,MZ,699,98071,2,3571,3811,591556,759,111615,963,61663
2021-02-23,mazowieckie,MZ,1026,99097,43,3614,5600,597156,1162,112777,1006,62669
2021-02-24,mazowieckie,MZ,1959,101056,59,3673,8727,605883,2102,114879,616,63285
2021-02-25,mazowieckie,MZ,1983,103039,45,3718,9678,615561,2181,117060,878,64163
2021-02-26,mazowieckie,MZ,2093,105132,35,3753,7930,623491,2202,119262,1437,65600
2021-02-27,mazowieckie,MZ,2271,107403,33,3786,9257,632748,2431,121693,1645,67245
2021-02-28,mazowieckie,MZ,2068,109471,23,3809,7173,639921,2208,123901,1525,68770
2021-03-01,mazowieckie,MZ,1049,110520,4,3813,4591,644512,1146,125047,1434,70204
2021-03-02,mazowieckie,MZ,1275,111795,39,3852,7217,651729,1466,126513,1338,71542
2021-03-03,mazowieckie,MZ,2749,114544,42,3894,9863,661592,2959,129472,738,72280
2021-03-04,mazowieckie,MZ,2559,117103,45,3939,9918,671510,2758,132230,1312,73592
2021-03-05,mazowieckie,MZ,2905,120008,41,3980,9546,681056,3135,135365,1950,75542
2021-03-06,mazowieckie,MZ,2491,122499,27,4007,9380,690436,2657,138022,1939,77481
2021-03-07,mazowieckie,MZ,2800,125299,23,4030,9069,699505,2957,140979,2304,79785
2021-03-08,mazowieckie,MZ,1282,126581,2,4032,5131,704636,1430,142409,2030,81815
2021-03-09,mazowieckie,MZ,1769,128350,37,4069,7892,712528,1978,144387,2069,83884
2021-03-10,mazowieckie,MZ,2586,130936,89,4158,9416,721944,2774,147161,1077,84961
2021-03-11,mazowieckie,MZ,3754,134690,72,4230,12935,734879,4035,151196,1623,86584
2021-03-12,mazowieckie,MZ,3067,137757,65,4295,9622,744501,3283,154479,2771,89355
2021-03-13,mazowieckie,MZ,3886,141643,46,4341,11936,756437,4212,158691,2762,92117
2021-03-14,mazowieckie,MZ,3421,145064,22,4363,11233,767670,4179,162870,2643,94760
2021-03-15,mazowieckie,MZ,2306,147370,6,4369,8416,776086,2971,165841,2740,97500
2021-03-16,mazowieckie,MZ,2342,149712,36,4405,9733,785819,2829,168670,2795,100295
2021-03-17,mazowieckie,MZ,4132,153844,70,4475,13466,799285,4735,173405,1230,101525
2021-03-18,mazowieckie,MZ,4402,158246,44,4519,14611,813896,5101,178506,1937,103462
2021-03-19,mazowieckie,MZ,4213,162459,50,4569,13769,827665,4835,183341,2576,106038
2021-03-20,mazowieckie,MZ,4161,166620,40,4609,15159,842824,4815,188156,2902,108940
2021-03-21,mazowieckie,MZ,3851,170471,36,4645,11135,853959,4051,192207,2768,111708
2021-03-22,mazowieckie,MZ,2894,173365,12,4657,8236,862195,3045,195252,3623,115331
2021-03-23,mazowieckie,MZ,3096,176461,58,4715,11976,874171,3827,199079,3600,118931
2021-03-24,mazowieckie,MZ,4301,180762,69,4784,14575,888746,5019,204098,2105,121036
2021-03-25,mazowieckie,MZ,5102,185864,59,4843,17314,906060,6013,210111,2990,124026
2021-03-26,mazowieckie,MZ,5257,191121,53,4896,16005,922065,5617,215728,4146,128172
2021-03-27,mazowieckie,MZ,5199,196320,49,4945,16878,938943,5617,221345,4874,133046
2021-03-28,mazowieckie,MZ,4647,200967,21,4966,13945,952888,5046,226391,3849,136895
2021-03-29,mazowieckie,MZ,2830,203797,1,4967,9444,962332,3069,229460,4313,141208
2021-03-30,mazowieckie,MZ,3568,207365,47,5014,12919,975251,4008,233468,4249,145457
2021-03-31,mazowieckie,MZ,4809,212174,75,5089,15354,990605,5114,238582,3119,148576
2021-04-01,mazowieckie,MZ,4800,216974,100,5189,17347,1007952,5186,243768,3574,152150
2021-04-02,mazowieckie,MZ,4461,221435,65,5254,16317,1024269,4766,248534,4881,157031
2021-04-03,mazowieckie,MZ,4112,225547,77,5331,15125,1039394,4483,253017,5283,162314
2021-04-04,mazowieckie,MZ,3559,229106,39,5370,12264,1051658,3848,256865,5298,167612
2021-04-05,mazowieckie,MZ,913,230019,4,5374,4806,1056464,1168,258033,5138,172750
2021-04-06,mazowieckie,MZ,1788,231807,7,5381,7487,1063951,2180,260213,4347,177097
2021-04-07,mazowieckie,MZ,2153,233960,63,5444,10236,1074187,2450,262663,3136,180233
2021-04-08,mazowieckie,MZ,3909,237869,137,5581,15204,1089391,4181,266844,4137,184370
2021-04-09,mazowieckie,MZ,3675,241544,88,5669,15038,1104429,3978,270822,5046,189416
2021-04-10,mazowieckie,MZ,3230,244774,98,5767,13754,1118183,3438,274260,4927,194343
2021-04-11,mazowieckie,MZ,3141,247915,47,5814,12277,1130460,3326,277586,4288,198631
2021-04-12,mazowieckie,MZ,1806,249721,6,5820,8134,1138594,1965,279551,4016,202647
2021-04-13,mazowieckie,MZ,1763,251484,70,5890,10840,1149434,2002,281553,3443,206090
2021-04-14,mazowieckie,MZ,2924,254408,106,5996,13534,1162968,3148,284701,1572,207662
2021-04-15,mazowieckie,MZ,2552,256960,93,6089,12660,1175628,2801,287502,1472,209134
2021-04-16,mazowieckie,MZ,2344,259304,70,6159,11205,1186833,2555,290057,2730,211864
2021-04-17,mazowieckie,MZ,1995,261299,73,6232,11165,1197998,2193,292250,4465,216329
2021-04-18,mazowieckie,MZ,1811,263110,45,6277,9513,1207511,2001,294251,3160,219489
2021-04-19,mazowieckie,MZ,1098,264208,3,6280,7251,1214762,1549,295800,3265,222754
2021-04-20,mazowieckie,MZ,1247,265455,52,6332,9686,1224448,1436,297236,3003,225757
2021-04-21,mazowieckie,MZ,1614,267069,98,6430,10935,1235383,1841,299077,1777,227534
2021-04-22,mazowieckie,MZ,1395,268464,71,6501,10434,1245817,1565,300642,2288,229822
2021-04-23,mazowieckie,MZ,1344,269808,80,6581,9121,1254938,1680,302322,3030,232852
2021-04-24,mazowieckie,MZ,1236,271044,50,6631,9886,1264824,1415,303737,2850,235702
2021-04-25,mazowieckie,MZ,992,272036,33,6664,7410,1272234,1100,304837,2053,237755
2021-04-26,mazowieckie,MZ,506,272542,0,6664,4734,1276968,599,305436,2120,239875
2021-04-27,mazowieckie,MZ,699,273241,34,6698,8557,1285525,969,306405,1744,241619
2021-04-28,mazowieckie,MZ,1087,274328,72,6770,9811,1295336,1253,307658,1137,242756
2021-04-29,mazowieckie,MZ,1025,275353,83,6853,9849,1305185,1179,308837,1483,244239
2021-04-30,mazowieckie,MZ,802,276155,49,6902,8734,1313919,921,309758,1639,245878
2021-05-01,mazowieckie,MZ,782,276937,31,6933,8273,1322192,860,310618,1612,247490
2021-05-02,mazowieckie,MZ,595,277532,13,6946,6593,1328785,673,311291,1339,248829
2021-05-03,mazowieckie,MZ,366,277898,2,6948,4274,1333059,400,311691,1245,250074
2021-05-04,mazowieckie,MZ,278,278176,4,6952,4238,1337297,324,312015,917,250991
2021-05-05,mazowieckie,MZ,461,278637,34,6986,7828,1345125,602,312617,658,251649
2021-05-06,mazowieckie,MZ,793,279430,40,7026,10247,1355372,894,313511,861,252510
2021-05-07,mazowieckie,MZ,697,280127,63,7089,9887,1365259,815,314326,1155,253665
2021-05-08,mazowieckie,MZ,583,280710,45,7134,9480,1374739,663,314989,1028,254693
2021-05-09,mazowieckie,MZ,528,281238,13,7147,8412,1383151,595,315584,844,255537
2021-05-10,mazowieckie,MZ,318,281556,0,7147,6424,1389575,347,315931,787,256324
2021-05-11,mazowieckie,MZ,388,281944,19,7166,9454,1399029,493,316424,630,256954
2021-05-12,mazowieckie,MZ,503,282447,49,7215,10267,1409296,593,317017,321,257275
2021-05-13,mazowieckie,MZ,463,282910,40,7255,9497,1418793,531,317548,316,257591
2021-05-14,mazowieckie,MZ,399,283309,42,7297,8893,1427686,465,318013,667,258258
2021-05-15,mazowieckie,MZ,380,283689,25,7322,8738,1436424,437,318450,813,259071
2021-05-16,mazowieckie,MZ,270,283959,8,7330,7343,1443767,301,318751,678,259749
2021-05-17,mazowieckie,MZ,145,284104,0,7330,6045,1449812,178,318929,662,260411
2021-05-18,mazowieckie,MZ,204,284308,16,7346,9052,1458864,280,319209,492,260903
2021-05-19,mazowieckie,MZ,273,284581,22,7368,8873,1467737,318,319527,291,261194
2021-05-20,mazowieckie,MZ,236,284817,40,7408,8318,1476055,287,319814,475,261669
2021-05-21,mazowieckie,MZ,221,285038,19,7427,9127,1485182,267,320081,555,262224
2021-05-22,mazowieckie,MZ,187,285225,13,7440,8919,1494101,225,320306,450,262674
2021-05-23,mazowieckie,MZ,141,285366,6,7446,6820,1500921,159,320465,388,263062
2021-05-24,mazowieckie,MZ,83,285449,1,7447,6249,1507170,111,320576,364,263426
2021-05-25,mazowieckie,MZ,137,285586,9,7456,8709,1515879,182,320758,277,263703
2021-05-26,mazowieckie,MZ,148,285734,45,7501,8316,1524195,179,320937,149,263852
2021-05-27,mazowieckie,MZ,150,285884,23,7524,9814,1534009,229,321166,265,264117
2021-05-28,mazowieckie,MZ,113,285997,9,7533,8406,1542415,150,321316,289,264406
2021-05-29,mazowieckie,MZ,106,286103,8,7541,10484,1552899,151,321467,270,264676
2021-05-30,mazowieckie,MZ,78,286181,11,7552,7323,1560222,92,321559,227,264903
2021-05-31,mazowieckie,MZ,54,286235,0,7552,6106,1566328,83,321642,205,265108
2021-06-01,mazowieckie,MZ,55,286290,7,7559,8613,1574941,87,321729,145,265253
2021-06-02,mazowieckie,MZ,87,286377,8,7567,8809,1583750,109,321838,105,265358
2021-06-03,mazowieckie,MZ,58,286435,3,7570,8597,1592347,132,321970,168,265526
2021-06-04,mazowieckie,MZ,57,286492,2,7572,6783,1599130,84,322054,163,265689
2021-06-05,mazowieckie,MZ,49,286541,4,7576,7133,1606263,140,322194,140,265829
2021-06-06,mazowieckie,MZ,36,286577,0,7576,7011,1613274,52,322246,121,265950
2021-06-07,mazowieckie,MZ,27,286604,1,7577,5964,1619238,38,322284,134,266084
2021-06-08,mazowieckie,MZ,56,286660,6,7583,10053,1629291,102,322386,77,266161
2021-06-09,mazowieckie,MZ,58,286718,19,7602,9279,1638570,183,322569,56,266217
2021-06-10,mazowieckie,MZ,41,286759,13,7615,8374,1646944,53,322622,67,266284
2021-06-11,mazowieckie,MZ,54,286813,13,7628,9024,1655968,71,322693,97,266381
2021-06-12,mazowieckie,MZ,40,286853,3,7631,8342,1664310,93,322786,79,266460
2021-06-13,mazowieckie,MZ,37,286890,0,7631,7284,1671594,42,322828,56,266516
2021-06-14,mazowieckie,MZ,29,286919,0,7631,6156,1677750,36,322864,60,266576
2021-06-15,mazowieckie,MZ,30,286949,4,7635,8608,1686358,51,322915,39,266615
2021-06-16,mazowieckie,MZ,25,286974,10,7645,7886,1694244,36,322951,31,266646
2021-06-17,mazowieckie,MZ,30,287004,9,7654,8083,1702327,39,322990,61,266707
2021-06-18,mazowieckie,MZ,27,287031,3,7657,7959,1710286,38,323028,55,266762
2021-06-19,mazowieckie,MZ,24,287055,3,7660,7868,1718154,42,323070,50,266812
2021-06-20,mazowieckie,MZ,15,287070,0,7660,6025,1724179,17,323087,47,266859
2021-06-21,mazowieckie,MZ,6,287076,0,7660,4995,1729174,13,323100,38,266897
2021-06-22,mazowieckie,MZ,22,287098,2,7662,8901,1738075,35,323135,42,266939
2021-06-23,mazowieckie,MZ,29,287127,2,7664,8985,1747060,40,323175,29,266968
2021-06-24,mazowieckie,MZ,14,287141,2,7666,7890,1754950,20,323195,38,267006
2021-06-25,mazowieckie,MZ,8,287149,12,7678,6074,1761024,20,323215,31,267037
2021-06-26,mazowieckie,MZ,10,287159,1,7679,6004,1767028,22,323237,22,267059
2021-06-27,mazowieckie,MZ,9,287168,0,7679,4622,1771650,15,323252,35,267094
2021-06-28,mazowieckie,MZ,10,287178,0,7679,3281,1774931,13,323265,30,267124
2021-06-29,mazowieckie,MZ,9,287187,1,7680,6814,1781745,19,323284,11,267135
2021-06-30,mazowieckie,MZ,16,287203,0,7680,6265,1788010,22,323306,15,267150
2021-07-01,mazowieckie,MZ,10,287213,2,7682,5963,1793973,18,323324,25,267175
2021-07-02,mazowieckie,MZ,18,287231,5,7687,5864,1799837,21,323345,26,267201
2021-07-03,mazowieckie,MZ,20,287251,3,7690,6556,1806393,25,323370,14,267215
2021-07-04,mazowieckie,MZ,9,287260,0,7690,4681,1811074,10,323380,21,267236
2021-07-05,mazowieckie,MZ,6,287266,0,7690,3642,1814716,7,323387,14,267250
2021-07-06,mazowieckie,MZ,15,287281,2,7692,6730,1821446,21,323408,8,267258
2021-07-07,mazowieckie,MZ,8,287289,1,7693,5891,1827337,11,323419,15,267273
2021-07-08,mazowieckie,MZ,17,287306,1,7694,6066,1833403,24,323443,17,267290
2021-07-09,mazowieckie,MZ,11,287317,0,7694,5699,1839102,16,323459,13,267303
2021-07-10,mazowieckie,MZ,13,287330,2,7696,5973,1845075,20,323479,13,267316
2021-07-11,mazowieckie,MZ,12,287342,1,7697,5037,1850112,15,323494,16,267332
2021-07-12,mazowieckie,MZ,4,287346,0,7697,3699,1853811,9,323503,18,267350
2021-07-13,mazowieckie,MZ,8,287354,0,7697,6097,1859908,12,323515,7,267357
2021-07-14,mazowieckie,MZ,7,287361,0,7697,5858,1865766,14,323529,11,267368
2021-07-15,mazowieckie,MZ,18,287379,1,7698,6225,1871991,20,323549,18,267386
2021-07-16,mazowieckie,MZ,14,287393,6,7704,5334,1877325,17,323566,12,267398
2021-07-17,mazowieckie,MZ,16,287409,0,7704,5751,1883076,20,323586,16,267414
2021-07-18,mazowieckie,MZ,18,287427,1,7705,4536,1887612,20,323606,13,267427
2021-07-19,mazowieckie,MZ,11,287438,0,7705,3607,1891219,13,323619,13,267440
2021-07-20,mazowieckie,MZ,11,287449,0,7705,6071,1897290,16,323635,21,267461
2021-07-21,mazowieckie,MZ,22,287471,0,7705,6222,1903512,31,323666,12,267473
2021-07-22,mazowieckie,MZ,15,287486,0,7705,5198,1908710,21,323687,10,267483
2021-07-23,mazowieckie,MZ,16,287502,0,7705,5429,1914139,25,323712,15,267498
2021-07-24,mazowieckie,MZ,17,287519,1,7706,5282,1919421,22,323734,23,267521
2021-07-25,mazowieckie,MZ,11,287530,0,7706,4335,1923756,16,323750,16,267537
2021-07-26,mazowieckie,MZ,16,287546,0,7706,3220,1926976,20,323770,21,267558
2021-07-27,mazowieckie,MZ,11,287557,0,7706,5480,1932456,16,323786,16,267574
2021-07-28,mazowieckie,MZ,18,287575,0,7706,5409,1937865,22,323808,21,267595
2021-07-29,mazowieckie,MZ,15,287590,0,7706,5290,1943155,18,323826,14,267609
2021-07-30,mazowieckie,MZ,16,287606,0,7706,5084,1948239,19,323845,20,267629
2021-07-31,mazowieckie,MZ,18,287624,0,7706,5849,1954088,21,323866,17,267646
2021-08-01,mazowieckie,MZ,16,287640,0,7706,4479,1958567,16,323882,25,267671
2021-08-02,mazowieckie,MZ,9,287649,0,7706,2945,1961512,11,323893,17,267688
2021-08-03,mazowieckie,MZ,22,287671,0,7706,5817,1967329,28,323921,21,267709
2021-08-04,mazowieckie,MZ,29,287700,0,7706,5576,1972905,40,323961,19,267728
2021-08-05,mazowieckie,MZ,21,287721,2,7708,5344,1978249,27,323988,20,267748
2021-08-06,mazowieckie,MZ,35,287756,0,7708,4856,1983105,37,324025,18,267766
2021-08-07,mazowieckie,MZ,23,287779,0,7708,5089,1988194,25,324050,17,267783
2021-08-08,mazowieckie,MZ,14,287793,0,7708,4178,1992372,18,324068,25,267808
2021-08-09,mazowieckie,MZ,7,287800,0,7708,2978,1995350,7,324075,15,267823
2021-08-10,mazowieckie,MZ,24,287824,0,7708,5804,2001154,30,324105,16,267839
2021-08-11,mazowieckie,MZ,25,287849,0,7708,5320,2006474,34,324139,12,267851
2021-08-12,mazowieckie,MZ,36,287885,0,7708,5000,2011474,38,324177,16,267867
2021-08-13,mazowieckie,MZ,26,287911,1,7709,4548,2016022,28,324205,30,267897
2021-08-14,mazowieckie,MZ,24,287935,0,7709,5191,2021213,25,324230,35,267932
2021-08-15,mazowieckie,MZ,21,287956,0,7709,4086,2025299,26,324256,29,267961
2021-08-16,mazowieckie,MZ,20,287976,0,7709,3014,2028313,22,324278,19,267980
2021-08-17,mazowieckie,MZ,27,288003,0,7709,6399,2034712,40,324318,15,267995
2021-08-18,mazowieckie,MZ,37,288040,0,7709,5520,2040232,45,324363,12,268007
2021-08-19,mazowieckie,MZ,29,288069,2,7711,5055,2045287,33,324396,27,268034
2021-08-20,mazowieckie,MZ,31,288100,2,7713,4635,2049922,36,324432,41,268075
2021-08-21,mazowieckie,MZ,27,288127,0,7713,5669,2055591,35,324467,39,268114
2021-08-22,mazowieckie,MZ,32,288159,0,7713,4085,2059676,37,324504,29,268143
2021-08-23,mazowieckie,MZ,11,288170,0,7713,2786,2062462,12,324516,31,268174
2021-08-24,mazowieckie,MZ,45,288215,0,7713,5647,2068109,51,324567,31,268205
2021-08-25,mazowieckie,MZ,24,288239,1,7714,5071,2073180,27,324594,22,268227
2021-08-26,mazowieckie,MZ,37,288276,0,7714,4821,2078001,44,324638,36,268263
2021-08-27,mazowieckie,MZ,51,288327,0,7714,4714,2082715,62,324700,39,268302
2021-08-28,mazowieckie,MZ,51,288378,0,7714,5015,2087730,61,324761,30,268332
2021-08-29,mazowieckie,MZ,33,288411,0,7714,3632,2091362,38,324799,30,268362
2021-08-30,mazowieckie,MZ,29,288440,0,7714,2775,2094137,32,324831,30,268392
2021-08-31,mazowieckie,MZ,45,288485,0,7714,5310,2099447,54,324885,32,268424
2021-09-01,mazowieckie,MZ,47,288532,1,7715,5408,2104855,63,324948,23,268447
2021-09-02,mazowieckie,MZ,47,288579,1,7716,5356,2110211,55,325003,45,268492
2021-09-03,mazowieckie,MZ,48,288627,0,7716,4635,2114846,54,325057,37,268529
2021-09-04,mazowieckie,MZ,40,288667,0,7716,4912,2119758,44,325101,50,268579
2021-09-05,mazowieckie,MZ,54,288721,0,7716,3588,2123346,57,325158,48,268627
2021-09-06,mazowieckie,MZ,22,288743,0,7716,2675,2126021,24,325182,50,268677
2021-09-07,mazowieckie,MZ,53,288796,5,7721,5476,2131497,58,325240,48,268725
2021-09-08,mazowieckie,MZ,63,288859,0,7721,5716,2137213,69,325309,35,268760
2021-09-09,mazowieckie,MZ,54,288913,3,7724,4855,2142068,62,325371,45,268805
2021-09-10,mazowieckie,MZ,91,289004,0,7724,5469,2147537,112,325483,79,268884
2021-09-11,mazowieckie,MZ,60,289064,1,7725,5592,2153129,70,325553,44,268928
2021-09-12,mazowieckie,MZ,63,289127,0,7725,4234,2157363,75,325628,52,268980
2021-09-13,mazowieckie,MZ,35,289162,0,7725,3061,2160424,36,325664,50,269030
2021-09-14,mazowieckie,MZ,87,289249,0,7725,5948,2166372,93,325757,50,269080
2021-09-15,mazowieckie,MZ,106,289355,0,7725,5720,2172092,123,325880,21,269101
2021-09-16,mazowieckie,MZ,93,289448,2,7727,6169,2178261,107,325987,61,269162
2021-09-17,mazowieckie,MZ,85,289533,1,7728,4904,2183165,93,326080,54,269216
2021-09-18,mazowieckie,MZ,134,289667,2,7730,6233,2189398,154,326234,74,269290
2021-09-19,mazowieckie,MZ,83,289750,0,7730,4291,2193689,93,326327,99,269389
2021-09-20,mazowieckie,MZ,64,289814,0,7730,3031,2196720,69,326396,57,269446
2021-09-21,mazowieckie,MZ,107,289921,1,7731,6032,2202752,130,326526,73,269519
2021-09-22,mazowieckie,MZ,146,290067,0,7731,5997,2208749,166,326692,41,269560
2021-09-23,mazowieckie,MZ,156,290223,2,7733,6046,2214795,169,326861,103,269663
2021-09-24,mazowieckie,MZ,118,290341,2,7735,5962,2220757,128,326989,113,269776
2021-09-25,mazowieckie,MZ,158,290499,3,7738,5993,2226750,173,327162,84,269860
2021-09-26,mazowieckie,MZ,131,290630,0,7738,4217,2230967,146,327308,89,269949
2021-09-27,mazowieckie,MZ,80,290710,0,7738,3154,2234121,89,327397,137,270086
2021-09-28,mazowieckie,MZ,150,290860,4,7742,6571,2240692,169,327566,82,270168
2021-09-29,mazowieckie,MZ,194,291054,5,7747,7287,2247979,215,327781,84,270252
2021-09-30,mazowieckie,MZ,205,291259,7,7754,6621,2254600,227,328008,118,270370
2021-10-01,mazowieckie,MZ,228,291487,1,7755,6208,2260808,256,328264,154,270524
2021-10-02,mazowieckie,MZ,242,291729,1,7756,6942,2267750,272,328536,161,270685
2021-10-03,mazowieckie,MZ,226,291955,3,7759,4325,2272075,256,328792,120,270805
2021-10-04,mazowieckie,MZ,149,292104,0,7759,3235,2275310,171,328963,134,270939
2021-10-05,mazowieckie,MZ,197,292301,1,7760,6242,2281552,228,329191,156,271095
2021-10-06,mazowieckie,MZ,345,292646,1,7761,6346,2287898,387,329578,81,271176
2021-10-07,mazowieckie,MZ,376,293022,3,7764,6144,2294042,413,329991,187,271363
2021-10-08,mazowieckie,MZ,394,293416,4,7768,5874,2299916,441,330432,196,271559
2021-10-09,mazowieckie,MZ,322,293738,6,7774,5661,2305577,353,330785,232,271791
2021-10-10,mazowieckie,MZ,317,294055,2,7776,3933,2309510,329,331114,205,271996
2021-10-11,mazowieckie,MZ,214,294269,0,7776,3358,2312868,233,331347,256,272252
2021-10-12,mazowieckie,MZ,326,294595,4,7780,6166,2319034,368,331715,239,272491
2021-10-13,mazowieckie,MZ,456,295051,3,7783,6547,2325581,502,332217,130,272621
2021-10-14,mazowieckie,MZ,538,295589,11,7794,6709,2332290,599,332816,225,272846
2021-10-15,mazowieckie,MZ,501,296090,5,7799,5752,2338042,560,333376,336,273182
2021-10-16,mazowieckie,MZ,567,296657,2,7801,6759,2344801,645,334021,413,273595
2021-10-17,mazowieckie,MZ,495,297152,0,7801,4372,2349173,550,334571,363,273958
2021-10-18,mazowieckie,MZ,341,297493,0,7801,3493,2352666,381,334952,340,274298
2021-10-19,mazowieckie,MZ,727,298220,7,7808,7384,2360050,814,335766,326,274624
2021-10-20,mazowieckie,MZ,1003,299223,20,7828,7899,2367949,1094,336860,228,274852
2021-10-21,mazowieckie,MZ,1046,300269,3,7831,8076,2376025,1130,337990,334,275186
2021-10-22,mazowieckie,MZ,1069,301338,4,7835,8074,2384099,1171,339161,487,275673
2021-10-23,mazowieckie,MZ,1254,302592,8,7843,8181,2392280,1337,340498,567,276240
2021-10-24,mazowieckie,MZ,1024,303616,9,7852,5874,2398154,1112,341610,535,276775
2021-10-25,mazowieckie,MZ,734,304350,0,7852,4525,2402679,810,342420,538,277313
2021-10-26,mazowieckie,MZ,1126,305476,14,7866,8334,2411013,1267,343687,496,277809
2021-10-27,mazowieckie,MZ,1686,307162,21,7887,9941,2420954,1833,345520,373,278182
2021-10-28,mazowieckie,MZ,1671,308833,16,7903,9845,2430799,1819,347339,750,278932
2021-10-29,mazowieckie,MZ,2034,310867,7,7910,10496,2441295,2195,349534,983,279915
2021-10-30,mazowieckie,MZ,2008,312875,18,7928,10718,2452013,2193,351727,1062,280977
2021-10-31,mazowieckie,MZ,1765,314640,6,7934,7584,2459597,1901,353628,1012,281989
2021-11-01,mazowieckie,MZ,1150,315790,6,7940,5310,2464907,1280,354908,1308,283297
2021-11-02,mazowieckie,MZ,1090,316880,8,7948,4914,2469821,1251,356159,993,284290
2021-11-03,mazowieckie,MZ,2034,318914,8,7956,10356,2480177,2242,358401,768,285058
2021-11-04,mazowieckie,MZ,3204,322118,30,7986,13904,2494081,3431,361832,1227,286285
2021-11-05,mazowieckie,MZ,3374,325492,27,8013,13896,2507977,3625,365457,1726,288011
2021-11-06,mazowieckie,MZ,3467,328959,17,8030,14666,2522643,3749,369206,1788,289799
2021-11-07,mazowieckie,MZ,2843,331802,19,8049,10561,2533204,3049,372255,1881,291680
2021-11-08,mazowieckie,MZ,1874,333676,1,8050,7713,2540917,2074,374329,2069,293749
2021-11-09,mazowieckie,MZ,2819,336495,28,8078,13220,2554137,3131,377460,1762,295511
2021-11-10,mazowieckie,MZ,3870,340365,32,8110,15568,2569705,4150,381610,1150,296661
2021-11-11,mazowieckie,MZ,4024,344389,48,8158,15703,2585408,4350,385960,1285,297946
2021-11-12,mazowieckie,MZ,3077,347466,15,8173,10288,2595696,3307,389267,2151,300097
2021-11-13,mazowieckie,MZ,2963,350429,32,8205,12181,2607877,3252,392519,3186,303283
2021-11-14,mazowieckie,MZ,3506,353935,23,8228,11203,2619080,3790,396309,3415,306698
2021-11-15,mazowieckie,MZ,2469,356404,0,8228,8560,2627640,2678,398987,3470,310168
2021-11-16,mazowieckie,MZ,3210,359614,28,8256,13544,2641184,3504,402491,2841,313009
2021-11-17,mazowieckie,MZ,5076,364690,64,8320,17843,2659027,5434,407925,2034,315043
2021-11-18,mazowieckie,MZ,5104,369794,52,8372,18470,2677497,5410,413335,3050,318093
2021-11-19,mazowieckie,MZ,4203,373997,84,8456,16124,2693621,4539,417874,3835,321928
2021-11-20,mazowieckie,MZ,4833,378830,73,8529,17600,2711221,5150,423024,4154,326082
2021-11-21,mazowieckie,MZ,3674,382504,26,8555,12586,2723807,3943,426967,3099,329181
2021-11-22,mazowieckie,MZ,2633,385137,2,8557,9121,2732928,2846,429813,3232,332413
2021-11-23,mazowieckie,MZ,3752,388889,53,8610,15469,2748397,4127,433940,3503,335916
2021-11-24,mazowieckie,MZ,5272,394161,61,8671,18897,2767294,5597,439537,2422,338338
2021-11-25,mazowieckie,MZ,4885,399046,71,8742,18824,2786118,5199,444736,3652,341990
2021-11-26,mazowieckie,MZ,4363,403409,51,8793,17277,2803395,4634,449370,4979,346969
2021-11-27,mazowieckie,MZ,4729,408138,67,8860,18006,2821401,5083,454453,5137,352106
2021-11-28,mazowieckie,MZ,3291,411429,27,8887,12155,2833556,3560,458013,4396,356502
2021-11-29,mazowieckie,MZ,2747,414176,5,8892,9941,2843497,2969,460982,4867,361369
2021-11-30,mazowieckie,MZ,3185,417361,49,8941,14495,2857992,3529,464511,3885,365254
2021-12-01,mazowieckie,MZ,4801,422162,76,9017,18870,2876862,5157,469668,2885,368139
2021-12-02,mazowieckie,MZ,4042,426204,69,9086,16924,2893786,4365,474033,4184,372323
2021-12-03,mazowieckie,MZ,3729,429933,52,9138,15952,2909738,4056,478089,5197,377520
2021-12-04,mazowieckie,MZ,4269,434202,58,9196,18586,2928324,4573,482662,5110,382630
2021-12-05,mazowieckie,MZ,3469,437671,29,9225,12945,2941269,3756,486418,4477,387107
2021-12-06,mazowieckie,MZ,2114,439785,1,9226,8519,2949788,2315,488733,4690,391797
2021-12-07,mazowieckie,MZ,2786,442571,62,9288,14187,2963975,3083,491816,3475,395272
2021-12-08,mazowieckie,MZ,4033,446604,78,9366,17754,2981729,4349,496165,2594,397866
2021-12-09,mazowieckie,MZ,3967,450571,80,9446,17614,2999343,4328,500493,3644,401510
2021-12-10,mazowieckie,MZ,3530,454101,86,9532,16496,3015839,3842,504335,4698,406208
2021-12-11,mazowieckie,MZ,3339,457440,58,9590,15992,3031831,3617,507952,4446,410654
2021-12-12,mazowieckie,MZ,2649,460089,29,9619,11503,3043334,2886,510838,3767,414421
2021-12-13,mazowieckie,MZ,1875,461964,6,9625,8257,3051591,2065,512903,4228,418649
2021-12-14,mazowieckie,MZ,2475,464439,63,9688,13594,3065185,2737,515640,3556,422205
2021-12-15,mazowieckie,MZ,3569,468008,93,9781,17104,3082289,3845,519485,2347,424552
2021-12-16,mazowieckie,MZ,2809,470817,89,9870,15055,3097344,3086,522571,3026,427578
2021-12-17,mazowieckie,MZ,2621,473438,89,9959,14707,3112051,2861,525432,4056,431634
2021-12-18,mazowieckie,MZ,2877,476315,50,10009,16671,3128722,3138,528570,4075,435709
2021-12-19,mazowieckie,MZ,2036,478351,39,10048,11323,3140045,2260,530830,3666,439375
2021-12-20,mazowieckie,MZ,1627,479978,6,10054,9889,3149934,1776,532606,3501,442876
2021-12-21,mazowieckie,MZ,1761,481739,31,10085,14524,3164458,2075,534681,2786,445662
2021-12-22,mazowieckie,MZ,2784,484523,85,10170,17950,3182408,3049,537730,1852,447514
2021-12-23,mazowieckie,MZ,2268,486791,72,10242,15492,3197900,2549,540279,2707,450221
2021-12-24,mazowieckie,MZ,2117,488908,55,10297,15574,3213474,2350,542629,3652,453873
2021-12-25,mazowieckie,MZ,1541,490449,27,10324,10566,3224040,1717,544346,3005,456878
2021-12-26,mazowieckie,MZ,1002,491451,3,10327,7078,3231118,1132,545478,2672,459550
2021-12-27,mazowieckie,MZ,774,492225,4,10331,7320,3238438,913,546391,2909,462459
2021-12-28,mazowieckie,MZ,1392,493617,42,10373,13255,3251693,1602,547993,2179,464638
2021-12-29,mazowieckie,MZ,2130,495747,96,10469,16312,3268005,2415,550408,1677,466315
2021-12-30,mazowieckie,MZ,1882,497629,78,10547,14410,3282415,2121,552529,2006,468321
2021-12-31,mazowieckie,MZ,1820,499449,88,10635,15245,3297660,2103,554632,2710,471031
2022-01-01,mazowieckie,MZ,1718,501167,34,10669,12350,3310010,1928,556560,2488,473519
2022-01-02,mazowieckie,MZ,1131,502298,18,10687,8221,3318231,1264,557824,2142,475661
2022-01-03,mazowieckie,MZ,968,503266,1,10688,8328,3326559,1122,558946,1538,477199
2022-01-04,mazowieckie,MZ,1688,504954,28,10716,14818,3341377,1978,560924,1060,478259
2022-01-05,mazowieckie,MZ,2600,507554,90,10806,17493,3358870,3006,563930,879,479138
2022-01-06,mazowieckie,MZ,2410,509964,50,10856,16257,3375127,2707,566637,1577,480715
2022-01-07,mazowieckie,MZ,2145,512109,46,10902,11208,3386335,2415,569052,2085,482800
2022-01-08,mazowieckie,MZ,1620,513729,16,10918,11979,3398314,1857,570909,2165,484965
2022-01-09,mazowieckie,MZ,1818,515547,9,10927,11906,3410220,2094,573003,1841,486806
2022-01-10,mazowieckie,MZ,1513,517060,4,10931,10020,3420240,1745,574748,1921,488727
2022-01-11,mazowieckie,MZ,1749,518809,42,10973,13231,3433471,2010,576758,1183,489910
2022-01-12,mazowieckie,MZ,2811,521620,61,11034,16791,3450262,3270,580028,1153,491063
2022-01-13,mazowieckie,MZ,2908,524528,70,11104,15247,3465509,3290,583318,2008,493071
2022-01-14,mazowieckie,MZ,2812,527340,40,11144,15286,3480795,3219,586537,2676,495747
2022-01-15,mazowieckie,MZ,2757,530097,54,11198,15313,3496108,3164,589701,2767,498514
2022-01-16,mazowieckie,MZ,2577,532674,19,11217,12818,3508926,2925,592626,2183,500697
2022-01-17,mazowieckie,MZ,2273,534947,0,11217,10867,3519793,2598,595224,1747,502444
2022-01-18,mazowieckie,MZ,3607,538554,46,11263,16601,3536394,4168,599392,2020,504464
2022-01-19,mazowieckie,MZ,5594,544148,34,11297,21354,3557748,6382,605774,1696,506160
2022-01-20,mazowieckie,MZ,5862,550010,34,11331,22187,3579935,6658,612432,2196,508356
2022-01-21,mazowieckie,MZ,6227,556237,37,11368,24209,3604144,7116,619548,2821,511177
2022-01-22,mazowieckie,MZ,7118,563355,14,11382,25617,3629761,8135,627683,3494,514671
2022-01-23,mazowieckie,MZ,5780,569135,8,11390,20341,3650102,6527,634210,3073,517744
2022-01-24,mazowieckie,MZ,5346,574481,0,11390,18835,3668937,6022,640232,3083,520827
2022-01-25,mazowieckie,MZ,6339,580820,19,11409,24596,3693533,7291,647523,3095,523922
2022-01-26,mazowieckie,MZ,8520,589340,21,11430,29461,3722994,9780,657303,2534,526456
2022-01-27,mazowieckie,MZ,9784,599124,24,11454,31937,3754931,11250,668553,4037,530493
2022-01-28,mazowieckie,MZ,8261,607385,32,11486,29197,3784128,9492,678045,6161,536654
2022-01-29,mazowieckie,MZ,8365,615750,17,11503,33916,3818044,9672,687717,6859,543513
2022-01-30,mazowieckie,MZ,6789,622539,9,11512,23567,3841611,7749,695466,7006,550519
2022-01-31,mazowieckie,MZ,4978,627517,1,11513,17714,3859325,5708,701174,8120,558639
2022-02-01,mazowieckie,MZ,6233,633750,13,11526,24361,3883686,7211,708385,6258,564897
2022-02-02,mazowieckie,MZ,7606,641356,15,11541,26873,3910559,8874,717259,5692,570589
2022-02-03,mazowieckie,MZ,7855,649211,21,11562,27308,3937867,9155,726414,7303,577892
2022-02-04,mazowieckie,MZ,7078,656289,29,11591,25717,3963584,8208,734622,9999,587891
2022-02-05,mazowieckie,MZ,6532,662821,20,11611,26383,3989967,7560,742182,10915,598806
2022-02-06,mazowieckie,MZ,4959,667780,11,11622,19577,4009544,5709,747891,9700,608506
2022-02-07,mazowieckie,MZ,3377,671157,4,11626,14504,4024048,3932,751823,8889,617395
2022-02-08,mazowieckie,MZ,4923,676080,27,11653,22313,4046361,5343,757166,7745,625140
2022-02-09,mazowieckie,MZ,6656,682736,26,11679,24086,4070447,6999,764165,5831,630971
2022-02-10,mazowieckie,MZ,5601,688337,29,11708,21160,4091607,5952,770117,8069,639040
2022-02-11,mazowieckie,MZ,4573,692910,27,11735,19405,4111012,4945,775062,8525,647565
2022-02-12,mazowieckie,MZ,4253,697163,29,11764,18735,4129747,4615,779677,9060,656625
2022-02-13,mazowieckie,MZ,2926,700089,12,11776,13488,4143235,3167,782844,7720,664345
2022-02-14,mazowieckie,MZ,2152,702241,0,11776,11977,4155212,2398,785242,7142,671487
2022-02-15,mazowieckie,MZ,3568,705809,42,11818,18588,4173800,3912,789154,5580,677067
2022-02-16,mazowieckie,MZ,3908,709717,29,11847,17455,4191255,4221,793375,4066,681133
2022-02-17,mazowieckie,MZ,3904,713621,42,11889,18474,4209729,4415,797790,5533,686666
2022-02-18,mazowieckie,MZ,3601,717222,24,11913,17825,4227554,4063,801853,6256,692922
2022-02-19,mazowieckie,MZ,2974,720196,29,11942,15906,4243460,3357,805210,5810,698732
2022-02-20,mazowieckie,MZ,2019,722215,8,11950,10748,4254208,2296,807506,4364,703096
2022-02-21,mazowieckie,MZ,1790,724005,2,11952,9423,4263631,2034,809540,4656,707752
2022-02-22,mazowieckie,MZ,2599,726604,34,11986,14930,4278561,2903,812443,7104,714856
2022-02-23,mazowieckie,MZ,3394,729998,51,12037,16439,4295000,3715,816158,5635,720491
2022-02-24,mazowieckie,MZ,2577,732575,52,12089,14086,4309086,2829,818987,5830,726321
2022-02-25,mazowieckie,MZ,2724,735299,27,12116,13714,4322800,2983,821970,3203,729524
2022-02-26,mazowieckie,MZ,2229,737528,12,12128,12870,4335670,2456,824426,2257,731781
2022-02-27,mazowieckie,MZ,1556,739084,13,12141,8491,4344161,1684,826110,1714,733495
2022-02-28,mazowieckie,MZ,1217,740301,1,12142,7189,4351350,1351,827461,2913,736408
2022-03-01,mazowieckie,MZ,2022,742323,36,12178,13566,4364916,2239,829700,3355,739763
2022-03-02,mazowieckie,MZ,2451,744774,38,12216,13011,4377927,2645,832345,2897,742660
2022-03-03,mazowieckie,MZ,2379,747153,19,12235,13014,4390941,2607,834952,2735,745395
2022-03-04,mazowieckie,MZ,2042,749195,16,12251,12282,4403223,2234,837186,2291,747686
2022-03-05,mazowieckie,MZ,2007,751202,17,12268,11797,4415020,2178,839364,1702,749388
2022-03-06,mazowieckie,MZ,1481,752683,5,12273,8905,4423925,1587,840951,1240,750628
2022-03-07,mazowieckie,MZ,1081,753764,0,12273,7614,4431539,1184,842135,2152,752780
2022-03-08,mazowieckie,MZ,2144,755908,19,12292,14137,4445676,2350,844485,2652,755432
2022-03-09,mazowieckie,MZ,2320,758228,32,12324,13696,4459372,2475,846960,2394,757826
2022-03-10,mazowieckie,MZ,2327,760555,7,12331,13935,4473307,2473,849433,2145,759971
2022-03-11,mazowieckie,MZ,1798,762353,16,12347,11902,4485209,1989,851422,2077,762048
2022-03-12,mazowieckie,MZ,1804,764157,12,12359,11314,4496523,1991,853413,1590,763638
2022-03-13,mazowieckie,MZ,1436,765593,2,12361,9629,4506152,1570,854983,1146,764784
2022-03-14,mazowieckie,MZ,1050,766643,0,12361,7589,4513741,1159,856142,2235,767019
2022-03-15,mazowieckie,MZ,2181,768824,8,12369,14986,4528727,2407,858549,2323,769342
2022-03-16,mazowieckie,MZ,2473,771297,14,12383,14480,4543207,2670,861219,2278,771620
2022-03-17,mazowieckie,MZ,1980,773277,28,12411,12059,4555266,2148,863367,2062,773682
2022-03-18,mazowieckie,MZ,2056,775333,4,12415,12571,4567837,2213,865580,1827,775509
2022-03-19,mazowieckie,MZ,1890,777223,11,12426,11894,4579731,2049,867629,1577,777086
2022-03-20,mazowieckie,MZ,977,778200,7,12433,8010,4587741,1074,868703,1139,778225
2022-03-21,mazowieckie,MZ,931,779131,2,12435,6871,4594612,1022,869725,2132,780357
2022-03-22,mazowieckie,MZ,1770,780901,14,12449,12933,4607545,1955,871680,2566,782923
2022-03-23,mazowieckie,MZ,1646,782547,13,12462,12165,4619710,1811,873491,2120,785043
2022-03-24,mazowieckie,MZ,1473,784020,15,12477,10891,4630601,1593,875084,2005,787048
2022-03-25,mazowieckie,MZ,1442,785462,12,12489,10560,4641161,1567,876651,1916,788964
2022-03-26,mazowieckie,MZ,1240,786702,17,12506,9981,4651142,1355,878006,1164,790128
2022-03-27,mazowieckie,MZ,675,787377,6,12512,6872,4658014,766,878772,974,791102
2022-03-28,mazowieckie,MZ,494,787871,0,12512,5796,4663810,543,879315,1791,792893
2022-03-29,mazowieckie,MZ,1231,789102,10,12522,10975,4674785,1373,880688,1730,794623
2022-03-30,mazowieckie,MZ,980,790082,7,12529,9355,4684140,1083,881771,2135,796758
2022-03-31,mazowieckie,MZ,784,790866,22,12551,8156,4692296,895,882666,1317,798075
2022-04-01,mazowieckie,MZ,640,791506,3,12554,7860,4700156,804,883470,1107,799182
2022-04-02,mazowieckie,MZ,458,791964,14,12568,4584,4704740,542,884012,624,799806
2022-04-03,mazowieckie,MZ,81,792045,0,12568,2321,4707061,222,884234,274,800080
2022-04-04,mazowieckie,MZ,88,792133,0,12568,1954,4709015,149,884383,4,800084
2022-04-05,mazowieckie,MZ,363,792496,8,12576,4065,4713080,450,884833,14,800098
2022-04-06,mazowieckie,MZ,296,792792,7,12583,3640,4716720,355,885188,6,800104
2022-04-07,mazowieckie,MZ,266,793058,8,12591,3167,4719887,332,885520,24,800128
2022-04-08,mazowieckie,MZ,233,793291,6,12597,3318,4723205,410,885930,11,800139
2022-04-09,mazowieckie,MZ,232,793523,2,12599,2821,4726026,318,886248,9,800148
2022-04-10,mazowieckie,MZ,92,793615,0,12599,1812,4727838,139,886387,12,800160
2022-04-11,mazowieckie,MZ,74,793689,0,12599,1381,4729219,84,886471,7,800167
2022-04-12,mazowieckie,MZ,257,793946,6,12605,3109,4732328,324,886795,8,800175
2022-04-13,mazowieckie,MZ,249,794195,3,12608,3014,4735342,288,887083,3,800178
2022-04-14,mazowieckie,MZ,226,794421,2,12610,3246,4738588,323,887406,5,800183
2022-04-15,mazowieckie,MZ,242,794663,4,12614,3068,4741656,360,887766,7,800190
2022-04-16,mazowieckie,MZ,203,794866,7,12621,3217,4744873,297,888063,5,800195
2022-04-17,mazowieckie,MZ,51,794917,0,12621,1208,4746081,68,888131,8,800203
2022-04-18,mazowieckie,MZ,38,794955,0,12621,970,4747051,43,888174,0,800203
2022-04-19,mazowieckie,MZ,57,795012,0,12621,1260,4748311,65,888239,4,800207
2022-04-20,mazowieckie,MZ,279,795291,4,12625,3994,4752305,365,888604,9,800216
2022-04-21,mazowieckie,MZ,213,795504,9,12634,2729,4755034,255,888859,8,800224
2022-04-22,mazowieckie,MZ,195,795699,9,12643,2764,4757798,224,889083,9,800233
2022-04-23,mazowieckie,MZ,192,795891,4,12647,2578,4760376,215,889298,7,800240
2022-04-24,mazowieckie,MZ,54,795945,0,12647,1412,4761788,67,889365,9,800249
2022-04-25,mazowieckie,MZ,36,795981,0,12647,1190,4762978,44,889409,1,800250
2022-04-26,mazowieckie,MZ,227,796208,1,12648,3057,4766035,276,889685,23,800273
2022-04-27,mazowieckie,MZ,191,796399,1,12649,2708,4768743,220,889905,2,800275
2022-04-28,mazowieckie,MZ,169,796568,3,12652,2485,4771228,187,890092,9,800284
2022-04-29,mazowieckie,MZ,163,796731,1,12653,2779,4774007,196,890288,4,800288
2022-04-30,mazowieckie,MZ,127,796858,0,12653,2603,4776610,142,890430,4,800292
2022-05-01,mazowieckie,MZ,37,796895,0,12653,1454,4778064,45,890475,2,800294
2022-05-02,mazowieckie,MZ,30,796925,0,12653,1078,4779142,36,890511,6,800300
2022-05-03,mazowieckie,MZ,155,797080,4,12657,1957,4781099,174,890685,1,800301
2022-05-04,mazowieckie,MZ,27,797107,0,12657,1045,4782144,31,890716,0,800301
2022-05-05,mazowieckie,MZ,178,797285,3,12660,2249,4784393,205,890921,3,800304
2022-05-06,mazowieckie,MZ,124,797409,3,12663,2085,4786478,144,891065,7,800311
2022-05-07,mazowieckie,MZ,134,797543,2,12665,1966,4788444,153,891218,12,800323
2022-05-08,mazowieckie,MZ,37,797580,0,12665,1278,4789722,42,891260,5,800328
2022-05-09,mazowieckie,MZ,40,797620,0,12665,1004,4790726,43,891303,3,800331
2022-05-10,mazowieckie,MZ,125,797745,1,12666,2022,4792748,137,891440,5,800336
2022-05-11,mazowieckie,MZ,93,797838,1,12667,1909,4794657,115,891555,5,800341
2022-05-12,mazowieckie,MZ,102,797940,3,12670,1936,4796593,116,891671,4,800345
2022-05-13,mazowieckie,MZ,87,798027,0,12670,2054,4798647,103,891774,0,800345
2022-05-14,mazowieckie,MZ,63,798090,15,12685,1895,4800542,73,891847,12,800357
2022-05-15,mazowieckie,MZ,34,798124,0,12685,1157,4801699,39,891886,3,800360
2022-05-16,mazowieckie,MZ,19,798143,0,12685,964,4802663,24,891910,7,800367
2022-05-17,mazowieckie,MZ,96,798239,4,12689,1961,4804624,112,892022,1,800368
2022-05-18,mazowieckie,MZ,74,798313,6,12695,1850,4806474,85,892107,4,800372
2022-05-19,mazowieckie,MZ,70,798383,3,12698,1860,4808334,85,892192,2,800374
2022-05-20,mazowieckie,MZ,56,798439,3,12701,1552,4809886,66,892258,1,800375
2022-05-21,mazowieckie,MZ,68,798507,5,12706,1641,4811527,80,892338,5,800380
2022-05-22,mazowieckie,MZ,17,798524,0,12706,997,4812524,20,892358,2,800382
2022-05-23,mazowieckie,MZ,12,798536,0,12706,906,4813430,16,892374,0,800382
2022-05-24,mazowieckie,MZ,90,798626,1,12707,1912,4815342,104,892478,1,800383
2022-05-25,mazowieckie,MZ,61,798687,1,12708,1610,4816952,70,892548,1,800384
2022-05-26,mazowieckie,MZ,51,798738,1,12709,1470,4818422,64,892612,2,800386
2022-05-27,mazowieckie,MZ,63,798801,2,12711,1534,4819956,72,892684,5,800391
2022-05-28,mazowieckie,MZ,66,798867,0,12711,1689,4821645,71,892755,1,800392
2022-05-29,mazowieckie,MZ,12,798879,0,12711,1085,4822730,15,892770,1,800393
2022-05-30,mazowieckie,MZ,15,798894,0,12711,844,4823574,18,892788,1,800394
2022-05-31,mazowieckie,MZ,60,798954,0,12711,1754,4825328,67,892855,2,800396
2022-06-01,mazowieckie,MZ,51,799005,2,12713,1583,4826911,59,892914,1,800397
2022-06-02,mazowieckie,MZ,55,799060,2,12715,1208,4828119,58,892972,0,800397
2022-06-03,mazowieckie,MZ,54,799114,1,12716,1151,4829270,56,893028,4,800401
2022-06-04,mazowieckie,MZ,41,799155,1,12717,1122,4830392,49,893077,7,800408
2022-06-05,mazowieckie,MZ,11,799166,0,12717,811,4831203,13,893090,1,800409
2022-06-06,mazowieckie,MZ,16,799182,0,12717,674,4831877,17,893107,0,800409
2022-06-07,mazowieckie,MZ,54,799236,1,12718,1188,4833065,63,893170,1,800410
2022-06-08,mazowieckie,MZ,50,799286,1,12719,1141,4834206,55,893225,1,800411
2022-06-09,mazowieckie,MZ,70,799356,2,12721,1110,4835316,76,893301,0,800411
2022-06-10,mazowieckie,MZ,49,799405,0,12721,1130,4836446,55,893356,0,800411
2022-06-11,mazowieckie,MZ,41,799446,0,12721,1170,4837616,46,893402,0,800411
2022-06-12,mazowieckie,MZ,11,799457,0,12721,780,4838396,13,893415,1,800412
2022-06-13,mazowieckie,MZ,13,799470,0,12721,593,4838989,15,893430,0,800412
2022-06-14,mazowieckie,MZ,72,799542,2,12723,1093,4840082,85,893515,0,800412
2022-06-15,mazowieckie,MZ,44,799586,1,12724,1006,4841088,54,893569,0,800412
2022-06-16,mazowieckie,MZ,70,799656,3,12727,999,4842087,74,893643,3,800415
2022-06-17,mazowieckie,MZ,9,799665,0,12727,520,4842607,11,893654,0,800415
2022-06-18,mazowieckie,MZ,54,799719,3,12730,898,4843505,67,893721,0,800415
2022-06-19,mazowieckie,MZ,18,799737,0,12730,574,4844079,19,893740,2,800417
2022-06-20,mazowieckie,MZ,9,799746,0,12730,466,4844545,13,893753,1,800418
2022-06-21,mazowieckie,MZ,79,799825,2,12732,1018,4845563,83,893836,0,800418
2022-06-22,mazowieckie,MZ,77,799902,1,12733,916,4846479,84,893920,0,800418
2022-06-23,mazowieckie,MZ,65,799967,1,12734,967,4847446,72,893992,1,800419
2022-06-24,mazowieckie,MZ,64,800031,0,12734,994,4848440,72,894064,1,800420
2022-06-25,mazowieckie,MZ,78,800109,0,12734,894,4849334,84,894148,0,800420
2022-06-26,mazowieckie,MZ,30,800139,0,12734,578,4849912,33,894181,1,800421
2022-06-27,mazowieckie,MZ,23,800162,0,12734,533,4850445,25,894206,0,800421
2022-06-28,mazowieckie,MZ,159,800321,0,12734,1125,4851570,171,894377,0,800421
2022-06-29,mazowieckie,MZ,123,800444,1,12735,1037,4852607,134,894511,0,800421
2022-06-30,mazowieckie,MZ,140,800584,0,12735,1033,4853640,145,894656,1,800422
2022-07-01,mazowieckie,MZ,135,800719,0,12735,1216,4854856,144,894800,1,800423
2022-07-02,mazowieckie,MZ,130,800849,1,12736,1117,4855973,143,894943,0,800423
2022-07-03,mazowieckie,MZ,31,800880,0,12736,633,4856606,35,894978,2,800425
2022-07-04,mazowieckie,MZ,38,800918,0,12736,537,4857143,41,895019,2,800427
2022-07-05,mazowieckie,MZ,253,801171,0,12736,1246,4858389,260,895279,0,800427
2022-07-06,mazowieckie,MZ,188,801359,0,12736,1171,4859560,200,895479,1,800428
2022-07-07,mazowieckie,MZ,239,801598,2,12738,1219,4860779,257,895736,0,800428
2022-07-08,mazowieckie,MZ,220,801818,0,12738,1157,4861936,234,895970,2,800430
2022-07-09,mazowieckie,MZ,273,802091,0,12738,1293,4863229,293,896263,1,800431
2022-07-10,mazowieckie,MZ,58,802149,0,12738,638,4863867,63,896326,1,800432
2022-07-11,mazowieckie,MZ,52,802201,0,12738,583,4864450,56,896382,0,800432
2022-07-12,mazowieckie,MZ,434,802635,0,12738,1509,4865959,458,896840,2,800434
2022-07-13,mazowieckie,MZ,326,802961,0,12738,1351,4867310,341,897181,0,800434
2022-07-14,mazowieckie,MZ,381,803342,1,12739,1532,4868842,403,897584,2,800436
2022-07-15,mazowieckie,MZ,253,803595,0,12739,1093,4869935,272,897856,0,800436
2022-07-16,mazowieckie,MZ,227,803822,0,12739,1107,4871042,242,898098,1,800437
2022-07-17,mazowieckie,MZ,43,803865,0,12739,523,4871565,50,898148,1,800438
2022-07-18,mazowieckie,MZ,42,803907,0,12739,497,4872062,44,898192,0,800438
2022-07-19,mazowieckie,MZ,462,804369,2,12741,1590,4873652,493,898685,4,800442
2022-07-20,mazowieckie,MZ,511,804880,0,12741,1700,4875352,536,899221,0,800442
2022-07-21,mazowieckie,MZ,538,805418,0,12741,1744,4877096,557,899778,2,800444
2022-07-22,mazowieckie,MZ,529,805947,1,12742,1836,4878932,557,900335,4,800448
2022-07-23,mazowieckie,MZ,665,806612,1,12743,1939,4880871,705,901040,1,800449
2022-07-24,mazowieckie,MZ,105,806717,0,12743,772,4881643,117,901157,1,800450
2022-07-25,mazowieckie,MZ,103,806820,0,12743,693,4882336,116,901273,1,800451
2022-07-26,mazowieckie,MZ,858,807678,3,12746,2355,4884691,919,902192,1,800452
2022-07-27,mazowieckie,MZ,644,808322,4,12750,2027,4886718,673,902865,0,800452
2022-07-28,mazowieckie,MZ,597,808919,4,12754,1902,4888620,635,903500,0,800452
2022-07-29,mazowieckie,MZ,583,809502,1,12755,1779,4890399,615,904115,0,800452
2022-07-30,mazowieckie,MZ,625,810127,1,12756,2063,4892462,655,904770,2,800454
2022-07-31,mazowieckie,MZ,109,810236,0,12756,785,4893247,119,904889,0,800454
2022-08-01,mazowieckie,MZ,86,810322,0,12756,550,4893797,100,904989,1,800455
2022-08-02,mazowieckie,MZ,872,811194,5,12761,2294,4896091,918,905907,0,800455
2022-08-03,mazowieckie,MZ,744,811938,1,12762,2110,4898201,792,906699,2,800457
2022-08-04,mazowieckie,MZ,779,812717,5,12767,2106,4900307,812,907511,0,800457
2022-08-05,mazowieckie,MZ,773,813490,2,12769,2159,4902466,799,908310,0,800457
2022-08-06,mazowieckie,MZ,782,814272,2,12771,2140,4904606,811,909121,0,800457
2022-08-07,mazowieckie,MZ,103,814375,0,12771,409,4905015,116,909237,0,800457
2022-08-08,mazowieckie,MZ,104,814479,0,12771,336,4905351,115,909352,0,800457
2022-08-09,mazowieckie,MZ,869,815348,4,12775,2233,4907584,907,910259,0,800457
2022-08-10,mazowieckie,MZ,722,816070,2,12777,2258,4909842,780,911039,1,800458
2022-08-11,mazowieckie,MZ,741,816811,1,12778,2122,4911964,779,911818,0,800458
2022-08-12,mazowieckie,MZ,713,817524,6,12784,2010,4913974,756,912574,1,800459
2022-08-13,mazowieckie,MZ,737,818261,3,12787,2139,4916113,772,913346,0,800459
2022-08-14,mazowieckie,MZ,105,818366,0,12787,671,4916784,113,913459,3,800462
2022-08-15,mazowieckie,MZ,128,818494,0,12787,708,4917492,140,913599,0,800462
2022-08-16,mazowieckie,MZ,126,818620,0,12787,704,4918196,141,913740,0,800462
2022-08-17,mazowieckie,MZ,1063,819683,4,12791,2698,4920894,1114,914854,2,800464
2022-08-18,mazowieckie,MZ,824,820507,1,12792,2395,4923289,879,915733,3,800467
2022-08-19,mazowieckie,MZ,808,821315,3,12795,2226,4925515,848,916581,0,800467
2022-08-20,mazowieckie,MZ,733,822048,1,12796,2187,4927702,776,917357,4,800471
2022-08-21,mazowieckie,MZ,106,822154,0,12796,721,4928423,113,917470,1,800472
2022-08-22,mazowieckie,MZ,112,822266,0,12796,683,4929106,117,917587,1,800473
2022-08-23,mazowieckie,MZ,944,823210,3,12799,2674,4931780,986,918573,0,800473
2022-08-24,mazowieckie,MZ,703,823913,2,12801,2193,4933973,739,919312,0,800473
2022-08-25,mazowieckie,MZ,565,824478,5,12806,1999,4935972,595,919907,0,800473
2022-08-26,mazowieckie,MZ,587,825065,6,12812,1986,4937958,633,920540,0,800473
2022-08-27,mazowieckie,MZ,573,825638,2,12814,1832,4939790,603,921143,0,800473
2022-08-28,mazowieckie,MZ,91,825729,0,12814,673,4940463,94,921237,0,800473
2022-08-29,mazowieckie,MZ,71,825800,0,12814,613,4941076,76,921313,0,800473
2022-08-30,mazowieckie,MZ,798,826598,4,12818,2740,4943816,830,922143,0,800473
2022-08-31,mazowieckie,MZ,601,827199,6,12824,3040,4946856,648,922791,0,800473
2022-09-01,mazowieckie,MZ,539,827738,6,12830,2811,4949667,588,923379,0,800473
2022-09-02,mazowieckie,MZ,278,828016,0,12830,1396,4951063,310,923689,0,800473
2022-09-03,mazowieckie,MZ,258,828274,0,12830,1247,4952310,284,923973,0,800473
2022-09-04,mazowieckie,MZ,55,828329,0,12830,596,4952906,64,924037,0,800473
2022-09-05,mazowieckie,MZ,63,828392,0,12830,567,4953473,71,924108,0,800473
2022-09-06,mazowieckie,MZ,482,828874,1,12831,1846,4955319,529,924637,0,800473
2022-09-07,mazowieckie,MZ,418,829292,5,12836,1449,4956768,449,925086,0,800473
2022-09-08,mazowieckie,MZ,550,829842,7,12843,1838,4958606,586,925672,0,800473
2022-09-09,mazowieckie,MZ,685,830527,6,12849,2194,4960800,710,926382,0,800473
2022-09-10,mazowieckie,MZ,578,831105,3,12852,1763,4962563,609,926991,0,800473
2022-09-11,mazowieckie,MZ,81,831186,0,12852,698,4963261,87,927078,0,800473
2022-09-12,mazowieckie,MZ,80,831266,0,12852,641,4963902,90,927168,0,800473
2022-09-13,mazowieckie,MZ,795,832061,2,12854,2425,4966327,842,928010,0,800473
2022-09-14,mazowieckie,MZ,1083,833144,0,12854,3043,4969370,1111,929121,0,800473
2022-09-15,mazowieckie,MZ,1073,834217,6,12860,3050,4972420,1124,930245,0,800473
2022-09-16,mazowieckie,MZ,510,834727,2,12862,1911,4974331,546,930791,0,800473
2022-09-17,mazowieckie,MZ,456,835183,1,12863,1615,4975946,496,931287,0,800473
2022-09-18,mazowieckie,MZ,85,835268,0,12863,663,4976609,94,931381,0,800473
2022-09-19,mazowieckie,MZ,87,835355,0,12863,686,4977295,95,931476,0,800473
2022-09-20,mazowieckie,MZ,822,836177,1,12864,3218,4980513,881,932357,0,800473
2022-09-21,mazowieckie,MZ,550,836727,6,12870,2108,4982621,581,932938,0,800473
2022-09-22,mazowieckie,MZ,809,837536,1,12871,2914,4985535,852,933790,0,800473
2022-09-23,mazowieckie,MZ,709,838245,4,12875,2570,4988105,740,934530,0,800473
2022-09-24,mazowieckie,MZ,466,838711,4,12879,1910,4990015,529,935059,0,800473
2022-09-25,mazowieckie,MZ,60,838771,0,12879,620,4990635,65,935124,0,800473
2022-09-26,mazowieckie,MZ,66,838837,0,12879,584,4991219,77,935201,0,800473
2022-09-27,mazowieckie,MZ,664,839501,2,12881,2380,4993599,689,935890,0,800473
2022-09-28,mazowieckie,MZ,479,839980,2,12883,2120,4995719,516,936406,0,800473
2022-09-29,mazowieckie,MZ,628,840608,9,12892,2389,4998108,663,937069,0,800473
2022-09-30,mazowieckie,MZ,558,841166,7,12899,2254,5000362,595,937664,0,800473
2022-10-01,mazowieckie,MZ,526,841692,5,12904,2135,5002497,554,938218,0,800473
2022-10-02,mazowieckie,MZ,42,841734,0,12904,476,5002973,48,938266,0,800473
2022-10-03,mazowieckie,MZ,38,841772,0,12904,479,5003452,48,938314,0,800473
2022-10-04,mazowieckie,MZ,634,842406,8,12912,2341,5005793,684,938998,0,800473
2022-10-05,mazowieckie,MZ,439,842845,1,12913,2139,5007932,478,939476,0,800473
2022-10-06,mazowieckie,MZ,426,843271,12,12925,1903,5009835,453,939929,0,800473
2022-10-07,mazowieckie,MZ,385,843656,7,12932,1849,5011684,402,940331,0,800473
2022-10-08,mazowieckie,MZ,559,844215,2,12934,2980,5014664,603,940934,0,800473
2022-10-09,mazowieckie,MZ,69,844284,0,12934,699,5015363,77,941011,0,800473
2022-10-10,mazowieckie,MZ,57,844341,0,12934,629,5015992,61,941072,0,800473
2022-10-11,mazowieckie,MZ,435,844776,7,12941,2410,5018402,481,941553,0,800473
2022-10-12,mazowieckie,MZ,307,845083,2,12943,2014,5020416,327,941880,0,800473
2022-10-13,mazowieckie,MZ,265,845348,1,12944,1796,5022212,310,942190,0,800473
2022-10-14,mazowieckie,MZ,248,845596,5,12949,1678,5023890,269,942459,0,800473
2022-10-15,mazowieckie,MZ,195,845791,6,12955,1564,5025454,210,942669,0,800473
2022-10-16,mazowieckie,MZ,54,845845,0,12955,559,5026013,58,942727,0,800473
2022-10-17,mazowieckie,MZ,42,845887,0,12955,553,5026566,45,942772,0,800473
2022-10-18,mazowieckie,MZ,281,846168,5,12960,1936,5028502,307,943079,0,800473
2022-10-19,mazowieckie,MZ,207,846375,3,12963,2749,5031251,227,943306,0,800473
2022-10-20,mazowieckie,MZ,187,846562,5,12968,1646,5032897,198,943504,0,800473
2022-10-21,mazowieckie,MZ,154,846716,3,12971,1383,5034280,168,943672,0,800473
2022-10-22,mazowieckie,MZ,137,846853,0,12971,1297,5035577,150,943822,0,800473
2022-10-23,mazowieckie,MZ,18,846871,0,12971,538,5036115,21,943843,0,800473
2022-10-24,mazowieckie,MZ,26,846897,0,12971,562,5036677,33,943876,0,800473
2022-10-25,mazowieckie,MZ,187,847084,6,12977,1861,5038538,214,944090,0,800473
2022-10-26,mazowieckie,MZ,120,847204,7,12984,1482,5040020,127,944217,0,800473
2022-10-27,mazowieckie,MZ,123,847327,2,12986,1288,5041308,134,944351,0,800473
2022-10-28,mazowieckie,MZ,81,847408,1,12987,1211,5042519,89,944440,0,800473
2022-10-29,mazowieckie,MZ,89,847497,4,12991,1143,5043662,103,944543,0,800473
2022-10-30,mazowieckie,MZ,28,847525,0,12991,530,5044192,29,944572,0,800473
2022-10-31,mazowieckie,MZ,14,847539,0,12991,489,5044681,16,944588,0,800473
2022-11-01,mazowieckie,MZ,109,847648,0,12991,1165,5045846,122,944710,0,800473
2022-11-02,mazowieckie,MZ,18,847666,0,12991,548,5046394,19,944729,0,800473
2022-11-03,mazowieckie,MZ,115,847781,1,12992,1390,5047784,123,944852,0,800473
2022-11-04,mazowieckie,MZ,95,847876,0,12992,1323,5049107,108,944960,0,800473
2022-11-05,mazowieckie,MZ,58,847934,3,12995,1222,5050329,71,945031,0,800473
2022-11-06,mazowieckie,MZ,8,847942,0,12995,471,5050800,11,945042,0,800473
2022-11-07,mazowieckie,MZ,19,847961,0,12995,474,5051274,19,945061,0,800473
2022-11-08,mazowieckie,MZ,72,848033,2,12997,1370,5052644,82,945143,0,800473
2022-11-09,mazowieckie,MZ,68,848101,3,13000,1361,5054005,75,945218,0,800473
2022-11-10,mazowieckie,MZ,72,848173,0,13000,1059,5055064,78,945296,0,800473
2022-11-11,mazowieckie,MZ,70,848243,2,13002,924,5055988,74,945370,0,800473
2022-11-12,mazowieckie,MZ,7,848250,0,13002,411,5056399,9,945379,0,800473
2022-11-13,mazowieckie,MZ,8,848258,0,13002,463,5056862,9,945388,0,800473
2022-11-14,mazowieckie,MZ,13,848271,0,13002,500,5057362,15,945403,0,800473
2022-11-15,mazowieckie,MZ,96,848367,3,13005,1246,5058608,101,945504,0,800473
2022-11-16,mazowieckie,MZ,64,848431,3,13008,1202,5059810,68,945572,0,800473
2022-11-17,mazowieckie,MZ,46,848477,3,13011,1099,5060909,56,945628,0,800473
2022-11-18,mazowieckie,MZ,47,848524,3,13014,1107,5062016,50,945678,0,800473
2022-11-19,mazowieckie,MZ,40,848564,0,13014,932,5062948,44,945722,0,800473
2022-11-20,mazowieckie,MZ,8,848572,0,13014,466,5063414,10,945732,0,800473
2022-11-21,mazowieckie,MZ,5,848577,0,13014,464,5063878,6,945738,0,800473
2022-11-22,mazowieckie,MZ,79,848656,1,13015,1221,5065099,89,945827,0,800473
2022-11-23,mazowieckie,MZ,71,848727,4,13019,1121,5066220,81,945908,0,800473
2022-11-24,mazowieckie,MZ,48,848775,2,13021,1066,5067286,52,945960,0,800473
2022-11-25,mazowieckie,MZ,44,848819,0,13021,924,5068210,48,946008,0,800473
2022-11-26,mazowieckie,MZ,47,848866,0,13021,1000,5069210,59,946067,0,800473
2022-11-27,mazowieckie,MZ,9,848875,0,13021,475,5069685,13,946080,0,800473
2022-11-28,mazowieckie,MZ,10,848885,0,13021,453,5070138,11,946091,0,800473
2022-11-29,mazowieckie,MZ,80,848965,1,13022,1138,5071276,81,946172,0,800473
2022-11-30,mazowieckie,MZ,77,849042,2,13024,1386,5072662,86,946258,0,800473
2022-12-01,mazowieckie,MZ,77,849119,1,13025,1069,5073731,81,946339,0,800473
2022-12-02,mazowieckie,MZ,71,849190,2,13027,1196,5074927,75,946414,0,800473
2022-12-03,mazowieckie,MZ,39,849229,2,13029,925,5075852,44,946458,0,800473
2022-12-04,mazowieckie,MZ,16,849245,0,13029,478,5076330,17,946475,0,800473
2022-12-05,mazowieckie,MZ,25,849270,0,13029,471,5076801,26,946501,0,800473
2022-12-06,mazowieckie,MZ,114,849384,2,13031,1181,5077982,122,946623,0,800473
2022-12-07,mazowieckie,MZ,78,849462,1,13032,1268,5079250,79,946702,0,800473
2022-12-08,mazowieckie,MZ,78,849540,0,13032,987,5080237,80,946782,0,800473
2022-12-09,mazowieckie,MZ,21,849561,0,13032,703,5080940,24,946806,0,800473
2022-12-10,mazowieckie,MZ,66,849627,5,13037,2634,5083574,76,946882,0,800473
2022-12-11,mazowieckie,MZ,15,849642,0,13037,481,5084055,18,946900,0,800473
2022-12-12,mazowieckie,MZ,24,849666,0,13037,507,5084562,28,946928,0,800473
2022-12-13,mazowieckie,MZ,145,849811,0,13037,1528,5086090,155,947083,0,800473
2022-12-14,mazowieckie,MZ,104,849915,2,13039,1148,5087238,110,947193,0,800473
2022-12-15,mazowieckie,MZ,109,850024,1,13040,1357,5088595,116,947309,0,800473
2022-12-16,mazowieckie,MZ,76,850100,0,13040,1298,5089893,90,947399,0,800473
2022-12-17,mazowieckie,MZ,70,850170,1,13041,1230,5091123,76,947475,0,800473
2022-12-18,mazowieckie,MZ,22,850192,0,13041,492,5091615,23,947498,0,800473
2022-12-19,mazowieckie,MZ,18,850210,0,13041,500,5092115,19,947517,0,800473
2022-12-20,mazowieckie,MZ,101,850311,0,13041,1625,5093740,118,947635,0,800473
2022-12-21,mazowieckie,MZ,109,850420,3,13044,1390,5095130,119,947754,0,800473
2022-12-22,mazowieckie,MZ,98,850518,0,13044,1238,5096368,112,947866,0,800473
2022-12-23,mazowieckie,MZ,112,850630,3,13047,1245,5097613,123,947989,0,800473
2022-12-24,mazowieckie,MZ,85,850715,1,13048,1016,5098629,91,948080,0,800473
2022-12-25,mazowieckie,MZ,19,850734,0,13048,546,5099175,25,948105,0,800473
2022-12-26,mazowieckie,MZ,20,850754,0,13048,514,5099689,23,948128,0,800473
2022-12-27,mazowieckie,MZ,22,850776,0,13048,565,5100254,28,948156,0,800473
2022-12-28,mazowieckie,MZ,114,850890,0,13048,1497,5101751,128,948284,0,800473
2022-12-29,mazowieckie,MZ,93,850983,4,13052,1155,5102906,96,948380,0,800473
2022-12-30,mazowieckie,MZ,95,851078,1,13053,1371,5104277,104,948484,0,800473
2022-12-31,mazowieckie,MZ,95,851173,2,13055,1098,5105375,103,948587,0,800473
2023-01-01,mazowieckie,MZ,14,851187,0,13055,493,5105868,16,948603,0,800473
2023-01-02,mazowieckie,MZ,17,851204,0,13055,520,5106388,17,948620,0,800473
2023-01-03,mazowieckie,MZ,97,851301,2,13057,1287,5107675,108,948728,0,800473
2023-01-04,mazowieckie,MZ,74,851375,3,13060,1130,5108805,83,948811,0,800473
2023-01-05,mazowieckie,MZ,80,851455,5,13065,1064,5109869,85,948896,0,800473
2023-01-06,mazowieckie,MZ,73,851528,5,13070,1027,5110896,81,948977,0,800473
2023-01-07,mazowieckie,MZ,12,851540,0,13070,488,5111384,15,948992,0,800473
2023-01-08,mazowieckie,MZ,14,851554,0,13070,465,5111849,14,949006,0,800473
2023-01-09,mazowieckie,MZ,16,851570,0,13070,489,5112338,18,949024,0,800473
2023-01-10,mazowieckie,MZ,67,851637,5,13075,1128,5113466,84,949108,0,800473
2023-01-11,mazowieckie,MZ,60,851697,1,13076,1166,5114632,65,949173,0,800473
2023-01-12,mazowieckie,MZ,43,851740,5,13081,805,5115437,49,949222,0,800473
2023-01-13,mazowieckie,MZ,46,851786,0,13081,869,5116306,57,949279,0,800473
2023-01-14,mazowieckie,MZ,47,851833,3,13084,922,5117228,57,949336,0,800473
2023-01-15,mazowieckie,MZ,11,851844,0,13084,430,5117658,12,949348,0,800473
2023-01-16,mazowieckie,MZ,6,851850,0,13084,424,5118082,8,949356,0,800473
2023-01-17,mazowieckie,MZ,82,851932,0,13084,975,5119057,91,949447,0,800473
2023-01-18,mazowieckie,MZ,56,851988,2,13086,874,5119931,59,949506,0,800473
2023-01-19,mazowieckie,MZ,55,852043,1,13087,654,5120585,61,949567,0,800473
2023-01-20,mazowieckie,MZ,55,852098,1,13088,911,5121496,59,949626,0,800473
2023-01-21,mazowieckie,MZ,72,852170,0,13088,785,5122281,77,949703,0,800473
2023-01-22,mazowieckie,MZ,9,852179,0,13088,423,5122704,11,949714,0,800473
2023-01-23,mazowieckie,MZ,15,852194,0,13088,430,5123134,15,949729,0,800473
2023-01-24,mazowieckie,MZ,118,852312,3,13091,936,5124070,123,949852,0,800473
2023-01-25,mazowieckie,MZ,90,852402,2,13093,884,5124954,96,949948,0,800473
2023-01-26,mazowieckie,MZ,94,852496,2,13095,791,5125745,98,950046,0,800473
2023-01-27,mazowieckie,MZ,106,852602,0,13095,736,5126481,115,950161,0,800473
2023-01-28,mazowieckie,MZ,95,852697,2,13097,853,5127334,98,950259,0,800473
2023-01-29,mazowieckie,MZ,8,852705,0,13097,355,5127689,8,950267,0,800473
2023-01-30,mazowieckie,MZ,6,852711,0,13097,341,5128030,8,950275,0,800473
2023-01-31,mazowieckie,MZ,161,852872,6,13103,871,5128901,175,950450,0,800473
2023-02-01,mazowieckie,MZ,146,853018,2,13105,951,5129852,149,950599,0,800473
2023-02-02,mazowieckie,MZ,134,853152,0,13105,771,5130623,140,950739,0,800473
2023-02-03,mazowieckie,MZ,212,853364,1,13106,2975,5133598,232,950971,0,800473
2023-02-04,mazowieckie,MZ,142,853506,3,13109,869,5134467,151,951122,0,800473
2023-02-05,mazowieckie,MZ,19,853525,0,13109,434,5134901,22,951144,0,800473
2023-02-06,mazowieckie,MZ,19,853544,0,13109,436,5135337,21,951165,0,800473
2023-02-07,mazowieckie,MZ,221,853765,4,13113,1109,5136446,234,951399,0,800473
2023-02-08,mazowieckie,MZ,188,853953,0,13113,1119,5137565,191,951590,0,800473
2023-02-09,mazowieckie,MZ,203,854156,0,13113,962,5138527,218,951808,0,800473
2023-02-10,mazowieckie,MZ,224,854380,2,13115,1008,5139535,238,952046,0,800473
2023-02-11,mazowieckie,MZ,221,854601,0,13115,1045,5140580,227,952273,0,800473
2023-02-12,mazowieckie,MZ,24,854625,0,13115,476,5141056,25,952298,0,800473
2023-02-13,mazowieckie,MZ,47,854672,0,13115,482,5141538,49,952347,0,800473
2023-02-14,mazowieckie,MZ,324,854996,1,13116,1194,5142732,346,952693,0,800473
2023-02-15,mazowieckie,MZ,285,855281,2,13118,1159,5143891,296,952989,0,800473
2023-02-16,mazowieckie,MZ,274,855555,1,13119,989,5144880,288,953277,0,800473
2023-02-17,mazowieckie,MZ,243,855798,1,13120,984,5145864,254,953531,0,800473
2023-02-18,mazowieckie,MZ,291,856089,0,13120,1080,5146944,307,953838,0,800473
2023-02-19,mazowieckie,MZ,55,856144,0,13120,480,5147424,59,953897,0,800473
2023-02-20,mazowieckie,MZ,40,856184,0,13120,497,5147921,46,953943,0,800473
2023-02-21,mazowieckie,MZ,428,856612,2,13122,1508,5149429,459,954402,0,800473
2023-02-22,mazowieckie,MZ,324,856936,0,13122,1118,5150547,339,954741,0,800473
2023-02-23,mazowieckie,MZ,289,857225,2,13124,1118,5151665,303,955044,0,800473
2023-02-24,mazowieckie,MZ,298,857523,4,13128,1055,5152720,314,955358,0,800473
2023-02-25,mazowieckie,MZ,318,857841,1,13129,1101,5153821,329,955687,0,800473
2023-02-26,mazowieckie,MZ,46,857887,0,13129,540,5154361,48,955735,0,800473
2023-02-27,mazowieckie,MZ,43,857930,0,13129,452,5154813,46,955781,0,800473
2023-02-28,mazowieckie,MZ,426,858356,0,13129,1250,5156063,452,956233,0,800473
2023-03-01,mazowieckie,MZ,364,858720,2,13131,1262,5157325,383,956616,0,800473
2023-03-02,mazowieckie,MZ,342,859062,6,13137,1148,5158473,366,956982,0,800473
2023-03-03,mazowieckie,MZ,387,859449,5,13142,1239,5159712,407,957389,0,800473
2023-03-04,mazowieckie,MZ,418,859867,1,13143,1209,5160921,438,957827,0,800473
2023-03-05,mazowieckie,MZ,61,859928,0,13143,535,5161456,66,957893,0,800473
2023-03-06,mazowieckie,MZ,64,859992,0,13143,501,5161957,68,957961,0,800473
2023-03-07,mazowieckie,MZ,714,860706,2,13145,1674,5163631,750,958711,0,800473
2023-03-08,mazowieckie,MZ,571,861277,6,13151,1591,5165222,593,959304,0,800473
2023-03-09,mazowieckie,MZ,501,861778,6,13157,1290,5166512,539,959843,0,800473
2023-03-10,mazowieckie,MZ,532,862310,0,13157,1428,5167940,567,960410,0,800473
2023-03-11,mazowieckie,MZ,517,862827,7,13164,1485,5169425,556,960966,0,800473
2023-03-12,mazowieckie,MZ,57,862884,0,13164,546,5169971,58,961024,0,800473
2023-03-13,mazowieckie,MZ,94,862978,0,13164,587,5170558,101,961125,0,800473
2023-03-14,mazowieckie,MZ,845,863823,0,13164,2089,5172647,907,962032,0,800473
2023-03-15,mazowieckie,MZ,661,864484,6,13170,1785,5174432,690,962722,0,800473
2023-03-16,mazowieckie,MZ,564,865048,4,13174,1651,5176083,602,963324,0,800473
2023-03-17,mazowieckie,MZ,537,865585,1,13175,1684,5177767,560,963884,0,800473
2023-03-18,mazowieckie,MZ,514,866099,4,13179,1571,5179338,547,964431,0,800473
2023-03-19,mazowieckie,MZ,61,866160,0,13179,528,5179866,64,964495,0,800473
2023-03-20,mazowieckie,MZ,55,866215,0,13179,508,5180374,61,964556,0,800473
2023-03-21,mazowieckie,MZ,727,866942,4,13183,2070,5182444,779,965335,0,800473
2023-03-22,mazowieckie,MZ,557,867499,4,13187,1732,5184176,591,965926,0,800473
2023-03-23,mazowieckie,MZ,471,867970,1,13188,1492,5185668,502,966428,0,800473
2023-03-24,mazowieckie,MZ,438,868408,2,13190,1377,5187045,476,966904,0,800473
2023-03-25,mazowieckie,MZ,399,868807,1,13191,1512,5188557,442,967346,0,800473
2023-03-26,mazowieckie,MZ,52,868859,1,13192,534,5189091,60,967406,0,800473
2023-03-27,mazowieckie,MZ,46,868905,0,13192,504,5189595,52,967458,0,800473
2023-03-28,mazowieckie,MZ,519,869424,0,13192,1614,5191209,553,968011,0,800473
2023-03-29,mazowieckie,MZ,329,869753,3,13195,1314,5192523,345,968356,0,800473
2023-03-30,mazowieckie,MZ,282,870035,6,13201,1281,5193804,322,968678,0,800473
2023-03-31,mazowieckie,MZ,269,870304,8,13209,1121,5194925,287,968965,0,800473
2023-04-01,mazowieckie,MZ,233,870537,1,13210,1123,5196048,252,969217,0,800473
2023-04-02,mazowieckie,MZ,44,870581,0,13210,509,5196557,51,969268,0,800473
2023-04-03,mazowieckie,MZ,34,870615,0,13210,508,5197065,44,969312,0,800473
2023-04-04,mazowieckie,MZ,346,870961,4,13214,1287,5198352,380,969692,0,800473
2023-04-05,mazowieckie,MZ,240,871201,2,13216,1206,5199558,260,969952,0,800473
2023-04-06,mazowieckie,MZ,214,871415,2,13218,1739,5201297,249,970201,0,800473
2023-04-07,mazowieckie,MZ,166,871581,1,13219,906,5202203,179,970380,0,800473
2023-04-08,mazowieckie,MZ,148,871729,0,13219,840,5203043,160,970540,0,800473
2023-04-09,mazowieckie,MZ,27,871756,0,13219,452,5203495,29,970569,0,800473
2023-04-10,mazowieckie,MZ,18,871774,0,13219,402,5203897,19,970588,0,800473
2023-04-11,mazowieckie,MZ,28,871802,0,13219,474,5204371,29,970617,0,800473
2023-04-12,mazowieckie,MZ,242,872044,2,13221,1258,5205629,250,970867,0,800473
2023-04-13,mazowieckie,MZ,165,872209,5,13226,1124,5206753,179,971046,0,800473
2023-04-14,mazowieckie,MZ,140,872349,5,13231,787,5207540,145,971191,0,800473
2023-04-15,mazowieckie,MZ,176,872525,3,13234,1033,5208573,185,971376,0,800473
2023-04-16,mazowieckie,MZ,16,872541,2,13236,459,5209032,18,971394,0,800473
2023-04-17,mazowieckie,MZ,18,872559,0,13236,456,5209488,20,971414,0,800473
2023-04-18,mazowieckie,MZ,123,872682,2,13238,997,5210485,138,971552,0,800473
2023-04-19,mazowieckie,MZ,110,872792,0,13238,914,5211399,119,971671,0,800473
2023-04-20,mazowieckie,MZ,63,872855,0,13238,748,5212147,74,971745,0,800473
2023-04-21,mazowieckie,MZ,71,872926,1,13239,753,5212900,79,971824,0,800473
2023-04-22,mazowieckie,MZ,69,872995,2,13241,1065,5213965,79,971903,0,800473
2023-04-23,mazowieckie,MZ,7,873002,0,13241,419,5214384,7,971910,0,800473
2023-04-24,mazowieckie,MZ,13,873015,0,13241,423,5214807,16,971926,0,800473
2023-04-25,mazowieckie,MZ,93,873108,0,13241,901,5215708,106,972032,0,800473
2023-04-26,mazowieckie,MZ,51,873159,0,13241,848,5216556,52,972084,0,800473
2023-04-27,mazowieckie,MZ,58,873217,0,13241,764,5217320,62,972146,0,800473
2023-04-28,mazowieckie,MZ,53,873270,1,13242,711,5218031,56,972202,0,800473
2023-04-29,mazowieckie,MZ,40,873310,1,13243,646,5218677,53,972255,0,800473
2023-04-30,mazowieckie,MZ,9,873319,0,13243,427,5219104,10,972265,0,800473
2023-05-01,mazowieckie,MZ,10,873329,0,13243,393,5219497,12,972277,0,800473
2023-05-02,mazowieckie,MZ,7,873336,0,13243,415,5219912,8,972285,0,800473
2023-05-03,mazowieckie,MZ,32,873368,0,13243,620,5220532,38,972323,0,800473
2023-05-04,mazowieckie,MZ,8,873376,0,13243,447,5220979,11,972334,0,800473
2023-05-05,mazowieckie,MZ,33,873409,1,13244,660,5221639,36,972370,0,800473
2023-05-06,mazowieckie,MZ,34,873443,3,13247,707,5222346,41,972411,0,800473
2023-05-07,mazowieckie,MZ,1,873444,0,13247,385,5222731,1,972412,0,800473
2023-05-08,mazowieckie,MZ,5,873449,0,13247,385,5223116,5,972417,0,800473
2023-05-09,mazowieckie,MZ,28,873477,0,13247,632,5223748,37,972454,0,800473
2023-05-10,mazowieckie,MZ,13,873490,1,13248,646,5224394,14,972468,0,800473
2023-05-11,mazowieckie,MZ,17,873507,0,13248,613,5225007,19,972487,0,800473
2023-05-12,mazowieckie,MZ,12,873519,0,13248,576,5225583,15,972502,0,800473
2023-05-13,mazowieckie,MZ,46,873565,1,13249,616,5226199,48,972550,0,800473
2023-05-14,mazowieckie,MZ,3,873568,0,13249,380,5226579,4,972554,0,800473
2023-05-15,mazowieckie,MZ,2,873570,0,13249,365,5226944,2,972556,0,800473
2023-05-16,mazowieckie,MZ,32,873602,1,13250,649,5227593,34,972590,0,800473
2023-05-17,mazowieckie,MZ,16,873618,1,13251,587,5228180,17,972607,0,800473
2023-05-18,mazowieckie,MZ,17,873635,0,13251,580,5228760,20,972627,0,800473
2023-05-19,mazowieckie,MZ,11,873646,0,13251,553,5229313,12,972639,0,800473
2023-05-20,mazowieckie,MZ,9,873655,0,13251,527,5229840,9,972648,0,800473
2023-05-21,mazowieckie,MZ,3,873658,0,13251,371,5230211,3,972651,0,800473
2023-05-22,mazowieckie,MZ,2,873660,0,13251,361,5230572,2,972653,0,800473
2023-05-23,mazowieckie,MZ,19,873679,0,13251,583,5231155,21,972674,0,800473
2023-05-24,mazowieckie,MZ,10,873689,0,13251,539,5231694,10,972684,0,800473
2023-05-25,mazowieckie,MZ,10,873699,2,13253,452,5232146,12,972696,0,800473
2023-05-26,mazowieckie,MZ,11,873710,0,13253,526,5232672,11,972707,0,800473
2023-05-27,mazowieckie,MZ,13,873723,0,13253,525,5233197,14,972721,0,800473
2023-05-28,mazowieckie,MZ,3,873726,0,13253,347,5233544,3,972724,0,800473
2023-05-29,mazowieckie,MZ,1,873727,0,13253,338,5233882,1,972725,0,800473
2023-05-30,mazowieckie,MZ,14,873741,0,13253,543,5234425,16,972741,0,800473
2023-05-31,mazowieckie,MZ,3,873744,0,13253,492,5234917,5,972746,0,800473
2023-06-01,mazowieckie,MZ,32,873776,2,13255,535,5235452,46,972792,0,800473
2023-06-02,mazowieckie,MZ,12,873788,0,13255,518,5235970,14,972806,0,800473
2023-06-03,mazowieckie,MZ,10,873798,0,13255,553,5236523,12,972818,0,800473
2023-06-04,mazowieckie,MZ,4,873802,0,13255,362,5236885,4,972822,0,800473
2023-06-05,mazowieckie,MZ,1,873803,0,13255,342,5237227,1,972823,0,800473
2023-06-06,mazowieckie,MZ,10,873813,0,13255,588,5237815,12,972835,0,800473
2023-06-07,mazowieckie,MZ,9,873822,1,13256,508,5238323,13,972848,0,800473
2023-06-08,mazowieckie,MZ,8,873830,0,13256,481,5238804,10,972858,0,800473
2023-06-09,mazowieckie,MZ,4,873834,0,13256,353,5239157,4,972862,0,800473
2023-06-10,mazowieckie,MZ,4,873838,0,13256,489,5239646,5,972867,0,800473
2023-06-11,mazowieckie,MZ,4,873842,0,13256,355,5240001,5,972872,0,800473
2023-06-12,mazowieckie,MZ,2,873844,0,13256,345,5240346,2,972874,0,800473
2023-06-13,mazowieckie,MZ,11,873855,0,13256,561,5240907,15,972889,0,800473
2023-06-14,mazowieckie,MZ,7,873862,0,13256,494,5241401,8,972897,0,800473
2023-06-15,mazowieckie,MZ,6,873868,0,13256,477,5241878,6,972903,0,800473
2023-06-16,mazowieckie,MZ,9,873877,0,13256,517,5242395,10,972913,0,800473
2023-06-17,mazowieckie,MZ,4,873881,1,13257,422,5242817,5,972918,0,800473
2023-06-18,mazowieckie,MZ,2,873883,0,13257,325,5243142,2,972920,0,800473
2023-06-19,mazowieckie,MZ,0,873883,0,13257,353,5243495,0,972920,0,800473
2023-06-20,mazowieckie,MZ,6,873889,0,13257,496,5243991,7,972927,0,800473
2023-06-21,mazowieckie,MZ,2,873891,0,13257,497,5244488,3,972930,0,800473
2023-06-22,mazowieckie,MZ,2,873893,0,13257,506,5244994,3,972933,0,800473
2023-06-23,mazowieckie,MZ,4,873897,0,13257,412,5245406,4,972937,0,800473
2023-06-24,mazowieckie,MZ,3,873900,0,13257,459,5245865,4,972941,0,800473
2023-06-25,mazowieckie,MZ,3,873903,0,13257,337,5246202,3,972944,0,800473
2023-06-26,mazowieckie,MZ,0,873903,0,13257,326,5246528,0,972944,0,800473
2023-06-27,mazowieckie,MZ,3,873906,0,13257,386,5246914,3,972947,0,800473
2023-06-28,mazowieckie,MZ,5,873911,0,13257,528,5247442,5,972952,0,800473
2023-06-29,mazowieckie,MZ,3,873914,0,13257,395,5247837,3,972955,0,800473
2023-06-30,mazowieckie,MZ,1,873915,0,13257,110,5247947,1,972956,0,800473
2023-07-01,mazowieckie,MZ,2,873917,0,13257,85,5248032,3,972959,0,800473
2023-07-02,mazowieckie,MZ,0,873917,0,13257,24,5248056,0,972959,0,800473
2023-07-03,mazowieckie,MZ,0,873917,0,13257,26,5248082,0,972959,0,800473
2023-07-04,mazowieckie,MZ,3,873920,0,13257,68,5248150,3,972962,0,800473
2023-07-05,mazowieckie,MZ,1,873921,0,13257,76,5248226,2,972964,0,800473
2023-07-06,mazowieckie,MZ,0,873921,1,13258,50,5248276,0,972964,0,800473
2023-07-07,mazowieckie,MZ,2,873923,0,13258,154,5248430,2,972966,0,800473
2023-07-08,mazowieckie,MZ,2,873925,0,13258,329,5248759,2,972968,0,800473
2023-07-09,mazowieckie,MZ,0,873925,0,13258,299,5249058,0,972968,0,800473
2023-07-10,mazowieckie,MZ,0,873925,0,13258,307,5249365,0,972968,0,800473
2023-07-11,mazowieckie,MZ,2,873927,0,13258,337,5249702,2,972970,0,800473
2023-07-12,mazowieckie,MZ,0,873927,0,13258,331,5250033,0,972970,0,800473
2023-07-13,mazowieckie,MZ,3,873930,0,13258,336,5250369,3,972973,0,800473
2023-07-14,mazowieckie,MZ,2,873932,0,13258,310,5250679,2,972975,0,800473
2023-07-15,mazowieckie,MZ,5,873937,0,13258,322,5251001,5,972980,0,800473
2023-07-16,mazowieckie,MZ,0,873937,0,13258,301,5251302,0,972980,0,800473
2023-07-17,mazowieckie,MZ,0,873937,0,13258,299,5251601,0,972980,0,800473
2023-07-18,mazowieckie,MZ,4,873941,0,13258,323,5251924,4,972984,0,800473
2023-07-19,mazowieckie,MZ,0,873941,0,13258,322,5252246,0,972984,0,800473
2023-07-20,mazowieckie,MZ,2,873943,0,13258,321,5252567,2,972986,0,800473
2023-07-21,mazowieckie,MZ,1,873944,0,13258,328,5252895,1,972987,0,800473
2023-07-22,mazowieckie,MZ,5,873949,0,13258,314,5253209,5,972992,0,800473
2023-07-23,mazowieckie,MZ,1,873950,0,13258,307,5253516,1,972993,0,800473
2023-07-24,mazowieckie,MZ,0,873950,0,13258,296,5253812,0,972993,0,800473
2023-07-25,mazowieckie,MZ,1,873951,1,13259,328,5254140,1,972994,0,800473
2023-07-26,mazowieckie,MZ,2,873953,0,13259,323,5254463,2,972996,0,800473
2023-07-27,mazowieckie,MZ,3,873956,1,13260,306,5254769,3,972999,0,800473
2023-07-28,mazowieckie,MZ,2,873958,0,13260,311,5255080,2,973001,0,800473
2023-07-29,mazowieckie,MZ,1,873959,0,13260,302,5255382,1,973002,0,800473
2023-07-30,mazowieckie,MZ,0,873959,0,13260,297,5255679,0,973002,0,800473
2023-07-31,mazowieckie,MZ,1,873960,0,13260,298,5255977,1,973003,0,800473
2023-08-01,mazowieckie,MZ,5,873965,0,13260,312,5256289,5,973008,0,800473
2023-08-02,mazowieckie,MZ,7,873972,0,13260,317,5256606,7,973015,0,800473
2023-08-03,mazowieckie,MZ,0,873972,0,13260,304,5256910,0,973015,0,800473
2023-08-04,mazowieckie,MZ,4,873976,0,13260,303,5257213,4,973019,0,800473
2023-08-05,mazowieckie,MZ,6,873982,0,13260,305,5257518,6,973025,0,800473
2023-08-06,mazowieckie,MZ,0,873982,0,13260,305,5257823,0,973025,0,800473
2023-08-07,mazowieckie,MZ,0,873982,0,13260,304,5258127,0,973025,0,800473
2023-08-08,mazowieckie,MZ,6,873988,0,13260,305,5258432,6,973031,0,800473
2023-08-09,mazowieckie,MZ,1,873989,0,13260,311,5258743,1,973032,0,800473
2023-08-10,mazowieckie,MZ,5,873994,0,13260,309,5259052,6,973038,0,800473
2023-08-11,mazowieckie,MZ,7,874001,0,13260,307,5259359,7,973045,0,800473
2023-08-12,mazowieckie,MZ,3,874004,0,13260,311,5259670,3,973048,0,800473
2023-08-13,mazowieckie,MZ,2,874006,0,13260,294,5259964,2,973050,0,800473
2023-08-14,mazowieckie,MZ,1,874007,0,13260,297,5260261,1,973051,0,800473
2023-08-15,mazowieckie,MZ,6,874013,0,13260,319,5260580,6,973057,0,800473
2023-08-16,mazowieckie,MZ,0,874013,0,13260,292,5260872,0,973057,0,800473
2023-08-17,mazowieckie,MZ,4,874017,0,13260,313,5261185,4,973061,0,800473
2023-08-18,mazowieckie,MZ,6,874023,0,13260,308,5261493,6,973067,0,800473
2023-08-19,mazowieckie,MZ,7,874030,0,13260,319,5261812,7,973074,0,800473
2023-08-20,mazowieckie,MZ,0,874030,0,13260,299,5262111,0,973074,0,800473
2023-08-21,mazowieckie,MZ,0,874030,0,13260,295,5262406,0,973074,0,800473
2023-08-22,mazowieckie,MZ,8,874038,0,13260,324,5262730,8,973082,0,800473
2023-08-23,mazowieckie,MZ,10,874048,0,13260,334,5263064,10,973092,0,800473
2023-08-24,mazowieckie,MZ,10,874058,0,13260,314,5263378,10,973102,0,800473
2023-08-25,mazowieckie,MZ,7,874065,0,13260,318,5263696,7,973109,0,800473
2023-08-26,mazowieckie,MZ,5,874070,0,13260,310,5264006,5,973114,0,800473
2023-08-27,mazowieckie,MZ,2,874072,0,13260,291,5264297,3,973117,0,800473
2023-08-28,mazowieckie,MZ,0,874072,0,13260,295,5264592,0,973117,0,800473
2023-08-29,mazowieckie,MZ,17,874089,0,13260,337,5264929,19,973136,0,800473
2023-08-30,mazowieckie,MZ,13,874102,0,13260,334,5265263,13,973149,0,800473
2023-08-31,mazowieckie,MZ,12,874114,0,13260,326,5265589,13,973162,0,800473
2023-09-01,mazowieckie,MZ,11,874125,0,13260,321,5265910,12,973174,0,800473
2023-09-02,mazowieckie,MZ,15,874140,0,13260,341,5266251,16,973190,0,800473
2023-09-03,mazowieckie,MZ,2,874142,0,13260,302,5266553,2,973192,0,800473
2023-09-04,mazowieckie,MZ,2,874144,0,13260,294,5266847,2,973194,0,800473
2023-09-05,mazowieckie,MZ,19,874163,0,13260,344,5267191,19,973213,0,800473
2023-09-06,mazowieckie,MZ,24,874187,0,13260,339,5267530,25,973238,0,800473
2023-09-07,mazowieckie,MZ,17,874204,0,13260,339,5267869,17,973255,0,800473
2023-09-08,mazowieckie,MZ,18,874222,1,13261,331,5268200,19,973274,0,800473
2023-09-09,mazowieckie,MZ,19,874241,0,13261,332,5268532,19,973293,0,800473
2023-09-10,mazowieckie,MZ,6,874247,0,13261,302,5268834,6,973299,0,800473
2023-09-11,mazowieckie,MZ,4,874251,0,13261,297,5269131,4,973303,0,800473
2023-09-12,mazowieckie,MZ,37,874288,0,13261,384,5269515,37,973340,0,800473
2023-09-13,mazowieckie,MZ,32,874320,0,13261,361,5269876,32,973372,0,800473
2023-09-14,mazowieckie,MZ,42,874362,0,13261,396,5270272,44,973416,0,800473
2023-09-15,mazowieckie,MZ,28,874390,0,13261,383,5270655,29,973445,0,800473
2023-09-16,mazowieckie,MZ,45,874435,0,13261,401,5271056,45,973490,0,800473
2023-09-17,mazowieckie,MZ,3,874438,0,13261,303,5271359,3,973493,0,800473
2023-09-18,mazowieckie,MZ,4,874442,0,13261,297,5271656,4,973497,0,800473
2023-09-19,mazowieckie,MZ,65,874507,0,13261,433,5272089,65,973562,0,800473
2023-09-20,mazowieckie,MZ,52,874559,0,13261,426,5272515,55,973617,0,800473
2023-09-21,mazowieckie,MZ,46,874605,0,13261,407,5272922,48,973665,0,800473
2023-09-22,mazowieckie,MZ,54,874659,0,13261,407,5273329,55,973720,0,800473
2023-09-23,mazowieckie,MZ,49,874708,0,13261,397,5273726,49,973769,0,800473
2023-09-24,mazowieckie,MZ,1,874709,0,13261,309,5274035,1,973770,0,800473
2023-09-25,mazowieckie,MZ,4,874713,0,13261,285,5274320,4,973774,0,800473
2023-09-26,mazowieckie,MZ,81,874794,3,13264,478,5274798,82,973856,0,800473
2023-09-27,mazowieckie,MZ,72,874866,0,13264,451,5275249,72,973928,0,800473
2023-09-28,mazowieckie,MZ,52,874918,0,13264,424,5275673,57,973985,0,800473
2023-09-29,mazowieckie,MZ,52,874970,0,13264,425,5276098,52,974037,0,800473
2023-09-30,mazowieckie,MZ,38,875008,0,13264,403,5276501,38,974075,0,800473
2023-10-01,mazowieckie,MZ,1,875009,0,13264,300,5276801,1,974076,0,800473
2023-10-02,mazowieckie,MZ,3,875012,0,13264,301,5277102,3,974079,0,800473
2023-10-03,mazowieckie,MZ,69,875081,0,13264,458,5277560,71,974150,0,800473
2023-10-04,mazowieckie,MZ,50,875131,0,13264,431,5277991,54,974204,0,800473
2023-10-05,mazowieckie,MZ,55,875186,1,13265,417,5278408,55,974259,0,800473
2023-10-06,mazowieckie,MZ,53,875239,0,13265,419,5278827,55,974314,0,800473
2023-10-07,mazowieckie,MZ,42,875281,0,13265,417,5279244,42,974356,0,800473
2023-10-08,mazowieckie,MZ,2,875283,0,13265,296,5279540,2,974358,0,800473
2023-10-09,mazowieckie,MZ,3,875286,0,13265,297,5279837,3,974361,0,800473
2023-10-10,mazowieckie,MZ,93,875379,0,13265,535,5280372,95,974456,0,800473
2023-10-11,mazowieckie,MZ,55,875434,1,13266,451,5280823,58,974514,0,800473
2023-10-12,mazowieckie,MZ,53,875487,0,13266,456,5281279,53,974567,0,800473
2023-10-13,mazowieckie,MZ,50,875537,0,13266,417,5281696,50,974617,0,800473
2023-10-14,mazowieckie,MZ,55,875592,0,13266,426,5282122,57,974674,0,800473
2023-10-15,mazowieckie,MZ,19,875611,0,13266,330,5282452,19,974693,0,800473
2023-10-16,mazowieckie,MZ,3,875614,0,13266,301,5282753,4,974697,0,800473
2023-10-17,mazowieckie,MZ,118,875732,0,13266,550,5283303,121,974818,0,800473
2023-10-18,mazowieckie,MZ,97,875829,1,13267,496,5283799,100,974918,0,800473
2023-10-19,mazowieckie,MZ,77,875906,0,13267,485,5284284,78,974996,0,800473
2023-10-20,mazowieckie,MZ,94,876000,0,13267,507,5284791,102,975098,0,800473
2023-10-21,mazowieckie,MZ,117,876117,1,13268,500,5285291,124,975222,0,800473
2023-10-22,mazowieckie,MZ,4,876121,0,13268,298,5285589,4,975226,0,800473
2023-10-23,mazowieckie,MZ,13,876134,0,13268,333,5285922,13,975239,0,800473
2023-10-24,mazowieckie,MZ,163,876297,0,13268,591,5286513,169,975408,0,800473
2023-10-25,mazowieckie,MZ,182,876479,1,13269,590,5287103,183,975591,0,800473
2023-10-26,mazowieckie,MZ,147,876626,0,13269,584,5287687,154,975745,0,800473
2023-10-27,mazowieckie,MZ,113,876739,0,13269,530,5288217,117,975862,0,800473
2023-10-28,mazowieckie,MZ,113,876852,0,13269,552,5288769,123,975985,0,800473
2023-10-29,mazowieckie,MZ,15,876867,0,13269,322,5289091,15,976000,0,800473
2023-10-30,mazowieckie,MZ,11,876878,0,13269,326,5289417,12,976012,0,800473
2023-10-31,mazowieckie,MZ,170,877048,0,13269,651,5290068,175,976187,0,800473
2023-11-01,mazowieckie,MZ,137,877185,0,13269,596,5290664,144,976331,0,800473
2023-11-02,mazowieckie,MZ,13,877198,0,13269,316,5290980,13,976344,0,800473
2023-11-03,mazowieckie,MZ,167,877365,1,13270,618,5291598,170,976514,0,800473
2023-11-04,mazowieckie,MZ,136,877501,0,13270,588,5292186,137,976651,0,800473
2023-11-05,mazowieckie,MZ,10,877511,0,13270,315,5292501,11,976662,0,800473
2023-11-06,mazowieckie,MZ,14,877525,0,13270,311,5292812,14,976676,0,800473
2023-11-07,mazowieckie,MZ,231,877756,1,13271,759,5293571,237,976913,0,800473
2023-11-08,mazowieckie,MZ,178,877934,1,13272,624,5294195,183,977096,0,800473
2023-11-09,mazowieckie,MZ,174,878108,4,13276,631,5294826,178,977274,0,800473
2023-11-10,mazowieckie,MZ,179,878287,1,13277,653,5295479,183,977457,0,800473
2023-11-11,mazowieckie,MZ,135,878422,1,13278,554,5296033,140,977597,0,800473
2023-11-12,mazowieckie,MZ,19,878441,0,13278,333,5296366,19,977616,0,800473
2023-11-13,mazowieckie,MZ,13,878454,0,13278,332,5296698,17,977633,0,800473
2023-11-14,mazowieckie,MZ,269,878723,0,13278,762,5297460,276,977909,0,800473
2023-11-15,mazowieckie,MZ,197,878920,0,13278,658,5298118,203,978112,0,800473
2023-11-16,mazowieckie,MZ,222,879142,0,13278,687,5298805,227,978339,0,800473
2023-11-17,mazowieckie,MZ,183,879325,1,13279,643,5299448,186,978525,0,800473
2023-11-18,mazowieckie,MZ,215,879540,5,13284,645,5300093,222,978747,0,800473
2023-11-19,mazowieckie,MZ,17,879557,0,13284,327,5300420,18,978765,0,800473
2023-11-20,mazowieckie,MZ,12,879569,0,13284,325,5300745,13,978778,0,800473
2023-11-21,mazowieckie,MZ,358,879927,1,13285,954,5301699,367,979145,0,800473
2023-11-22,mazowieckie,MZ,276,880203,0,13285,826,5302525,280,979425,0,800473
2023-11-23,mazowieckie,MZ,213,880416,2,13287,687,5303212,219,979644,0,800473
2023-11-24,mazowieckie,MZ,266,880682,1,13288,790,5304002,278,979922,0,800473
2023-11-25,mazowieckie,MZ,231,880913,1,13289,698,5304700,241,980163,0,800473
2023-11-26,mazowieckie,MZ,21,880934,0,13289,340,5305040,21,980184,0,800473
2023-11-27,mazowieckie,MZ,20,880954,0,13289,362,5305402,21,980205,0,800473
2023-11-28,mazowieckie,MZ,503,881457,2,13291,1099,5306501,518,980723,0,800473
2023-11-29,mazowieckie,MZ,429,881886,0,13291,1005,5307506,438,981161,0,800473
2023-11-30,mazowieckie,MZ,344,882230,0,13291,864,5308370,354,981515,0,800473
2023-12-01,mazowieckie,MZ,398,882628,5,13296,943,5309313,408,981923,0,800473
2023-12-02,mazowieckie,MZ,317,882945,2,13298,894,5310207,327,982250,0,800473
2023-12-03,mazowieckie,MZ,28,882973,0,13298,364,5310571,30,982280,0,800473
2023-12-04,mazowieckie,MZ,38,883011,0,13298,379,5310950,40,982320,0,800473
2023-12-05,mazowieckie,MZ,611,883622,1,13299,1307,5312257,622,982942,0,800473
2023-12-06,mazowieckie,MZ,524,884146,1,13300,1196,5313453,546,983488,0,800473
2023-12-07,mazowieckie,MZ,528,884674,1,13301,1135,5314588,544,984032,0,800473
2023-12-08,mazowieckie,MZ,481,885155,0,13301,1128,5315716,488,984520,0,800473
2023-12-09,mazowieckie,MZ,467,885622,1,13302,1125,5316841,486,985006,0,800473
2023-12-10,mazowieckie,MZ,37,885659,0,13302,386,5317227,37,985043,0,800473
2023-12-11,mazowieckie,MZ,47,885706,0,13302,386,5317613,49,985092,0,800473
2023-12-12,mazowieckie,MZ,730,886436,0,13302,1542,5319155,751,985843,0,800473
2023-12-13,mazowieckie,MZ,586,887022,0,13302,1315,5320470,601,986444,0,800473
2023-12-14,mazowieckie,MZ,546,887568,4,13306,1207,5321677,562,987006,0,800473
2023-12-15,mazowieckie,MZ,436,888004,4,13310,1100,5322777,449,987455,0,800473
2023-12-16,mazowieckie,MZ,412,888416,4,13314,1097,5323874,424,987879,0,800473
2023-12-17,mazowieckie,MZ,43,888459,0,13314,377,5324251,50,987929,0,800473
2023-12-18,mazowieckie,MZ,34,888493,0,13314,380,5324631,36,987965,0,800473
2023-12-19,mazowieckie,MZ,648,889141,6,13320,1490,5326121,666,988631,0,800473
2023-12-20,mazowieckie,MZ,515,889656,5,13325,1326,5327447,521,989152,0,800473
2023-12-21,mazowieckie,MZ,453,890109,6,13331,1113,5328560,461,989613,0,800473
2023-12-22,mazowieckie,MZ,415,890524,3,13334,1131,5329691,424,990037,0,800473
2023-12-23,mazowieckie,MZ,358,890882,7,13341,1017,5330708,372,990409,0,800473
2023-12-24,mazowieckie,MZ,28,890910,0,13341,361,5331069,29,990438,0,800473
2023-12-25,mazowieckie,MZ,20,890930,0,13341,346,5331415,24,990462,0,800473
2023-12-26,mazowieckie,MZ,24,890954,0,13341,352,5331767,24,990486,0,800473
2023-12-27,mazowieckie,MZ,33,890987,0,13341,407,5332174,35,990521,0,800473
2023-12-28,mazowieckie,MZ,376,891363,1,13342,1111,5333285,388,990909,0,800473
2023-12-29,mazowieckie,MZ,290,891653,4,13346,936,5334221,295,991204,0,800473
2023-12-30,mazowieckie,MZ,313,891966,4,13350,934,5335155,321,991525,0,800473
2023-12-31,mazowieckie,MZ,28,891994,0,13350,375,5335530,28,991553,0,800473
2024-01-01,mazowieckie,MZ,13,892007,0,13350,341,5335871,15,991568,0,800473
2024-01-02,mazowieckie,MZ,5,892012,0,13350,333,5336204,5,991573,0,800473
2024-01-03,mazowieckie,MZ,278,892290,0,13350,943,5337147,284,991857,0,800473
2024-01-04,mazowieckie,MZ,407,892697,0,13350,1503,5338650,438,992295,0,800473
2024-01-05,mazowieckie,MZ,294,892991,8,13358,1256,5339906,306,992601,0,800473
2024-01-06,mazowieckie,MZ,163,893154,1,13359,798,5340704,171,992772,0,800473
2024-01-07,mazowieckie,MZ,13,893167,0,13359,343,5341047,15,992787,0,800473
2024-01-08,mazowieckie,MZ,11,893178,0,13359,373,5341420,12,992799,0,800473
2024-01-09,mazowieckie,MZ,215,893393,0,13359,969,5342389,222,993021,0,800473
2024-01-10,mazowieckie,MZ,131,893524,3,13362,779,5343168,132,993153,0,800473
2024-01-11,mazowieckie,MZ,143,893667,1,13363,755,5343923,148,993301,0,800473
2024-01-12,mazowieckie,MZ,115,893782,1,13364,714,5344637,121,993422,0,800473
2024-01-13,mazowieckie,MZ,137,893919,3,13367,792,5345429,148,993570,0,800473
2024-01-14,mazowieckie,MZ,9,893928,0,13367,358,5345787,9,993579,0,800473
2024-01-15,mazowieckie,MZ,7,893935,0,13367,352,5346139,10,993589,0,800473
2024-01-16,mazowieckie,MZ,143,894078,2,13369,833,5346972,147,993736,0,800473
2024-01-17,mazowieckie,MZ,121,894199,2,13371,769,5347741,124,993860,0,800473
2024-01-18,mazowieckie,MZ,104,894303,2,13373,792,5348533,108,993968,0,800473
2024-01-19,mazowieckie,MZ,80,894383,1,13374,657,5349190,82,994050,0,800473
2024-01-20,mazowieckie,MZ,82,894465,1,13375,609,5349799,83,994133,0,800473
2024-01-21,mazowieckie,MZ,13,894478,0,13375,368,5350167,14,994147,0,800473
2024-01-22,mazowieckie,MZ,10,894488,0,13375,341,5350508,12,994159,0,800473
2024-01-23,mazowieckie,MZ,136,894624,0,13375,870,5351378,145,994304,0,800473
2024-01-24,mazowieckie,MZ,106,894730,0,13375,698,5352076,113,994417,0,800473
2024-01-25,mazowieckie,MZ,81,894811,0,13375,644,5352720,85,994502,0,800473
2024-01-26,mazowieckie,MZ,53,894864,1,13376,639,5353359,57,994559,0,800473
2024-01-27,mazowieckie,MZ,73,894937,0,13376,713,5354072,77,994636,0,800473
2024-01-28,mazowieckie,MZ,5,894942,0,13376,326,5354398,5,994641,0,800473
2024-01-29,mazowieckie,MZ,9,894951,0,13376,373,5354771,9,994650,0,800473
2024-01-30,mazowieckie,MZ,74,895025,2,13378,731,5355502,78,994728,0,800473
2024-01-31,mazowieckie,MZ,74,895099,2,13380,701,5356203,78,994806,0,800473
2024-02-01,mazowieckie,MZ,63,895162,3,13383,606,5356809,68,994874,0,800473
2024-02-02,mazowieckie,MZ,64,895226,3,13386,693,5357502,65,994939,0,800473
2024-02-03,mazowieckie,MZ,42,895268,0,13386,635,5358137,42,994981,0,800473
2024-02-04,mazowieckie,MZ,5,895273,0,13386,341,5358478,5,994986,0,800473
2024-02-05,mazowieckie,MZ,4,895277,0,13386,340,5358818,4,994990,0,800473
2024-02-06,mazowieckie,MZ,68,895345,1,13387,864,5359682,71,995061,0,800473
2024-02-07,mazowieckie,MZ,88,895433,0,13387,778,5360460,95,995156,0,800473
2024-02-08,mazowieckie,MZ,57,895490,0,13387,723,5361183,61,995217,0,800473
2024-02-09,mazowieckie,MZ,40,895530,0,13387,651,5361834,41,995258,0,800473
2024-02-10,mazowieckie,MZ,40,895570,0,13387,620,5362454,41,995299,0,800473
2024-02-11,mazowieckie,MZ,3,895573,0,13387,331,5362785,4,995303,0,800473
2024-02-12,mazowieckie,MZ,3,895576,0,13387,358,5363143,3,995306,0,800473
2024-02-13,mazowieckie,MZ,64,895640,2,13389,807,5363950,64,995370,0,800473
2024-02-14,mazowieckie,MZ,73,895713,1,13390,768,5364718,75,995445,0,800473
2024-02-15,mazowieckie,MZ,43,895756,1,13391,671,5365389,44,995489,0,800473
2024-02-16,mazowieckie,MZ,49,895805,1,13392,690,5366079,49,995538,0,800473
2024-02-17,mazowieckie,MZ,48,895853,0,13392,749,5366828,51,995589,0,800473
2024-02-18,mazowieckie,MZ,6,895859,0,13392,334,5367162,6,995595,0,800473
2024-02-19,mazowieckie,MZ,1,895860,0,13392,356,5367518,1,995596,0,800473
2024-02-20,mazowieckie,MZ,56,895916,0,13392,892,5368410,58,995654,0,800473
2024-02-21,mazowieckie,MZ,45,895961,0,13392,744,5369154,48,995702,0,800473
2024-02-22,mazowieckie,MZ,30,895991,0,13392,630,5369784,32,995734,0,800473
2024-02-23,mazowieckie,MZ,41,896032,1,13393,607,5370391,42,995776,0,800473
2024-02-24,mazowieckie,MZ,42,896074,0,13393,634,5371025,43,995819,0,800473
2024-02-25,mazowieckie,MZ,5,896079,0,13393,319,5371344,5,995824,0,800473
2024-02-26,mazowieckie,MZ,2,896081,0,13393,321,5371665,2,995826,0,800473
2024-02-27,mazowieckie,MZ,42,896123,0,13393,741,5372406,43,995869,0,800473
2024-02-28,mazowieckie,MZ,35,896158,0,13393,609,5373015,35,995904,0,800473
2024-02-29,mazowieckie,MZ,32,896190,0,13393,593,5373608,32,995936,0,800473
2024-03-01,mazowieckie,MZ,18,896208,0,13393,578,5374186,19,995955,0,800473
2024-03-02,mazowieckie,MZ,18,896226,1,13394,552,5374738,18,995973,0,800473
2024-03-03,mazowieckie,MZ,3,896229,0,13394,329,5375067,3,995976,0,800473
2024-03-04,mazowieckie,MZ,2,896231,0,13394,318,5375385,2,995978,0,800473
2024-03-05,mazowieckie,MZ,30,896261,3,13397,609,5375994,30,996008,0,800473
2024-03-06,mazowieckie,MZ,13,896274,0,13397,525,5376519,14,996022,0,800473
2024-03-07,mazowieckie,MZ,10,896284,0,13397,516,5377035,10,996032,0,800473
2024-03-08,mazowieckie,MZ,13,896297,0,13397,482,5377517,13,996045,0,800473
2024-03-09,mazowieckie,MZ,12,896309,0,13397,486,5378003,12,996057,0,800473
2024-03-10,mazowieckie,MZ,2,896311,0,13397,309,5378312,2,996059,0,800473
2024-03-11,mazowieckie,MZ,0,896311,0,13397,319,5378631,0,996059,0,800473
2024-03-12,mazowieckie,MZ,17,896328,0,13397,569,5379200,17,996076,0,800473
2024-03-13,mazowieckie,MZ,10,896338,1,13398,501,5379701,10,996086,0,800473
2024-03-14,mazowieckie,MZ,15,896353,0,13398,505,5380206,15,996101,0,800473
2024-03-15,mazowieckie,MZ,9,896362,0,13398,464,5380670,9,996110,0,800473
2024-03-16,mazowieckie,MZ,10,896372,0,13398,416,5381086,11,996121,0,800473
2024-03-17,mazowieckie,MZ,2,896374,0,13398,306,5381392,2,996123,0,800473
2024-03-18,mazowieckie,MZ,0,896374,0,13398,313,5381705,0,996123,0,800473
2024-03-19,mazowieckie,MZ,16,896390,1,13399,533,5382238,16,996139,0,800473
2024-03-20,mazowieckie,MZ,17,896407,0,13399,503,5382741,17,996156,0,800473
2024-03-21,mazowieckie,MZ,12,896419,0,13399,428,5383169,12,996168,0,800473
2024-03-22,mazowieckie,MZ,10,896429,0,13399,409,5383578,10,996178,0,800473
2024-03-23,mazowieckie,MZ,8,896437,0,13399,448,5384026,9,996187,0,800473
2024-03-24,mazowieckie,MZ,1,896438,0,13399,301,5384327,1,996188,0,800473
2024-03-25,mazowieckie,MZ,1,896439,0,13399,301,5384628,1,996189,0,800473
2024-03-26,mazowieckie,MZ,21,896460,0,13399,502,5385130,23,996212,0,800473
2024-03-27,mazowieckie,MZ,5,896465,0,13399,412,5385542,5,996217,0,800473
2024-03-28,mazowieckie,MZ,6,896471,0,13399,430,5385972,6,996223,0,800473
2024-03-29,mazowieckie,MZ,7,896478,0,13399,413,5386385,7,996230,0,800473
2024-03-30,mazowieckie,MZ,9,896487,0,13399,392,5386777,9,996239,0,800473
2024-03-31,mazowieckie,MZ,3,896490,0,13399,317,5387094,3,996242,0,800473
2024-04-01,mazowieckie,MZ,1,896491,0,13399,284,5387378,2,996244,0,800473
2024-04-02,mazowieckie,MZ,1,896492,0,13399,303,5387681,1,996245,0,800473
2024-04-03,mazowieckie,MZ,7,896499,0,13399,438,5388119,9,996254,0,800473
2024-04-19,mazowieckie,MZ,2,896501,0,13399,370,5388489,2,996256,0,800473
2024-04-20,mazowieckie,MZ,3,896504,0,13399,331,5388820,3,996259,0,800473
2024-04-21,mazowieckie,MZ,1,896505,0,13399,304,5389124,1,996260,0,800473
2024-04-22,mazowieckie,MZ,0,896505,0,13399,295,5389419,0,996260,0,800473
2024-04-23,mazowieckie,MZ,3,896508,0,13399,350,5389769,3,996263,0,800473
2024-04-24,mazowieckie,MZ,3,896511,0,13399,350,5390119,3,996266,0,800473
2024-04-25,mazowieckie,MZ,7,896518,0,13399,344,5390463,7,996273,0,800473
2024-04-26,mazowieckie,MZ,3,896521,0,13399,345,5390808,3,996276,0,800473
2024-04-27,mazowieckie,MZ,4,896525,0,13399,365,5391173,4,996280,0,800473
2024-04-28,mazowieckie,MZ,0,896525,0,13399,301,5391474,0,996280,0,800473
2024-04-29,mazowieckie,MZ,0,896525,0,13399,312,5391786,0,996280,0,800473
2024-04-30,mazowieckie,MZ,5,896530,0,13399,340,5392126,5,996285,0,800473
2024-05-01,mazowieckie,MZ,4,896534,0,13399,344,5392470,4,996289,0,800473
2024-05-02,mazowieckie,MZ,0,896534,0,13399,292,5392762,0,996289,0,800473
2024-05-03,mazowieckie,MZ,4,896538,0,13399,360,5393122,4,996293,0,800473
2024-05-04,mazowieckie,MZ,0,896538,0,13399,300,5393422,0,996293,0,800473
2024-05-05,mazowieckie,MZ,0,896538,0,13399,301,5393723,0,996293,0,800473
2024-05-06,mazowieckie,MZ,1,896539,0,13399,305,5394028,1,996294,0,800473
2024-05-07,mazowieckie,MZ,10,896549,0,13399,372,5394400,10,996304,0,800473
2024-05-08,mazowieckie,MZ,1,896550,0,13399,358,5394758,1,996305,0,800473
2024-05-09,mazowieckie,MZ,4,896554,0,13399,334,5395092,4,996309,0,800473
2024-05-10,mazowieckie,MZ,3,896557,0,13399,333,5395425,3,996312,0,800473
2024-05-11,mazowieckie,MZ,5,896562,0,13399,343,5395768,5,996317,0,800473
2024-05-12,mazowieckie,MZ,0,896562,0,13399,302,5396070,0,996317,0,800473
2024-05-13,mazowieckie,MZ,0,896562,0,13399,292,5396362,0,996317,0,800473
2024-05-14,mazowieckie,MZ,10,896572,0,13399,353,5396715,10,996327,0,800473
2024-05-15,mazowieckie,MZ,4,896576,0,13399,319,5397034,4,996331,0,800473
2024-05-16,mazowieckie,MZ,4,896580,0,13399,334,5397368,4,996335,0,800473
2024-05-17,mazowieckie,MZ,7,896587,0,13399,331,5397699,7,996342,0,800473
2024-05-18,mazowieckie,MZ,7,896594,0,13399,331,5398030,7,996349,0,800473
2024-05-19,mazowieckie,MZ,1,896595,0,13399,300,5398330,1,996350,0,800473
2024-05-20,mazowieckie,MZ,0,896595,0,13399,292,5398622,1,996351,0,800473
2024-05-21,mazowieckie,MZ,3,896598,0,13399,326,5398948,3,996354,0,800473
2024-05-22,mazowieckie,MZ,9,896607,0,13399,341,5399289,9,996363,0,800473
2024-05-23,mazowieckie,MZ,8,896615,0,13399,346,5399635,8,996371,0,800473
2024-05-24,mazowieckie,MZ,3,896618,0,13399,328,5399963,4,996375,0,800473
2024-05-25,mazowieckie,MZ,6,896624,0,13399,334,5400297,6,996381,0,800473
2024-05-26,mazowieckie,MZ,0,896624,0,13399,303,5400600,0,996381,0,800473
2024-05-27,mazowieckie,MZ,2,896626,0,13399,293,5400893,2,996383,0,800473
2024-05-28,mazowieckie,MZ,10,896636,0,13399,351,5401244,10,996393,0,800473
2024-05-29,mazowieckie,MZ,4,896640,0,13399,283,5401527,4,996397,0,800473
2024-05-30,mazowieckie,MZ,8,896648,0,13399,331,5401858,8,996405,0,800473
2024-05-31,mazowieckie,MZ,1,896649,0,13399,300,5402158,1,996406,0,800473
2024-06-01,mazowieckie,MZ,3,896652,0,13399,325,5402483,3,996409,0,800473
2024-06-02,mazowieckie,MZ,0,896652,0,13399,301,5402784,0,996409,0,800473
2024-06-03,mazowieckie,MZ,0,896652,0,13399,294,5403078,0,996409,0,800473
2024-06-04,mazowieckie,MZ,12,896664,0,13399,344,5403422,12,996421,0,800473
2024-06-05,mazowieckie,MZ,8,896672,0,13399,342,5403764,8,996429,0,800473
2024-06-06,mazowieckie,MZ,8,896680,0,13399,320,5404084,8,996437,0,800473
2024-06-07,mazowieckie,MZ,6,896686,0,13399,312,5404396,6,996443,0,800473
2024-06-08,mazowieckie,MZ,5,896691,0,13399,318,5404714,5,996448,0,800473
2024-06-09,mazowieckie,MZ,4,896695,0,13399,296,5405010,4,996452,0,800473
2024-06-10,mazowieckie,MZ,0,896695,0,13399,296,5405306,0,996452,0,800473
2024-06-11,mazowieckie,MZ,7,896702,0,13399,332,5405638,7,996459,0,800473
2024-06-12,mazowieckie,MZ,6,896708,0,13399,321,5405959,7,996466,0,800473
2024-06-13,mazowieckie,MZ,11,896719,0,13399,333,5406292,11,996477,0,800473
2024-06-14,mazowieckie,MZ,7,896726,0,13399,325,5406617,7,996484,0,800473
2024-06-15,mazowieckie,MZ,13,896739,0,13399,330,5406947,13,996497,0,800473
2024-06-16,mazowieckie,MZ,0,896739,0,13399,290,5407237,0,996497,0,800473
2024-06-17,mazowieckie,MZ,0,896739,0,13399,290,5407527,0,996497,0,800473
2024-06-18,mazowieckie,MZ,10,896749,0,13399,337,5407864,10,996507,0,800473
2024-06-19,mazowieckie,MZ,16,896765,0,13399,327,5408191,16,996523,0,800473
2024-06-20,mazowieckie,MZ,10,896775,0,13399,321,5408512,10,996533,0,800473
2024-06-21,mazowieckie,MZ,10,896785,0,13399,317,5408829,10,996543,0,800473
2024-06-22,mazowieckie,MZ,4,896789,0,13399,314,5409143,4,996547,0,800473
2024-06-23,mazowieckie,MZ,0,896789,0,13399,294,5409437,0,996547,0,800473
2024-06-24,mazowieckie,MZ,2,896791,0,13399,298,5409735,2,996549,0,800473
2024-06-25,mazowieckie,MZ,12,896803,0,13399,328,5410063,12,996561,0,800473
2024-06-26,mazowieckie,MZ,11,896814,0,13399,322,5410385,11,996572,0,800473
2024-06-27,mazowieckie,MZ,17,896831,0,13399,327,5410712,17,996589,0,800473
2024-06-28,mazowieckie,MZ,10,896841,0,13399,321,5411033,11,996600,0,800473
2024-06-29,mazowieckie,MZ,12,896853,0,13399,345,5411378,12,996612,0,800473
2024-06-30,mazowieckie,MZ,1,896854,0,13399,293,5411671,1,996613,0,800473
2024-07-01,mazowieckie,MZ,1,896855,0,13399,292,5411963,1,996614,0,800473
2020-11-24,pomorskie,PM,989,989,35,35,3711,3711,1101,1101,0,0
2020-11-25,pomorskie,PM,1138,2127,25,60,3486,7197,1215,2316,0,0
2020-11-26,pomorskie,PM,1112,3239,32,92,3486,10683,1197,3513,0,0
2020-11-27,pomorskie,PM,1268,4507,30,122,4799,15482,1363,4876,0,0
2020-11-28,pomorskie,PM,1038,5545,44,166,4037,19519,1147,6023,0,0
2020-11-29,pomorskie,PM,984,6529,19,185,3224,22743,1051,7074,0,0
2020-11-30,pomorskie,PM,446,6975,3,188,1886,24629,492,7566,0,0
2020-12-01,pomorskie,PM,449,7424,57,245,2420,27049,545,8111,0,0
2020-12-02,pomorskie,PM,1069,8493,46,291,3999,31048,1177,9288,0,0
2020-12-03,pomorskie,PM,1237,9730,25,316,4621,35669,1296,10584,0,0
2020-12-04,pomorskie,PM,818,10548,20,336,3720,39389,879,11463,0,0
2020-12-05,pomorskie,PM,970,11518,45,381,4082,43471,1042,12505,0,0
2020-12-06,pomorskie,PM,877,12395,19,400,3251,46722,934,13439,0,0
2020-12-07,pomorskie,PM,338,12733,7,407,1668,48390,373,13812,0,0
2020-12-08,pomorskie,PM,523,13256,23,430,2949,51339,668,14480,0,0
2020-12-09,pomorskie,PM,936,14192,33,463,3473,54812,1003,15483,0,0
2020-12-10,pomorskie,PM,891,15083,19,482,3638,58450,976,16459,0,0
2020-12-11,pomorskie,PM,1148,16231,22,504,4039,62489,1229,17688,0,0
2020-12-12,pomorskie,PM,753,16984,32,536,3543,66032,810,18498,0,0
2020-12-13,pomorskie,PM,1013,17997,3,539,3634,69666,1069,19567,0,0
2020-12-14,pomorskie,PM,428,18425,4,543,1769,71435,477,20044,0,0
2020-12-15,pomorskie,PM,505,18930,29,572,2808,74243,577,20621,0,0
2020-12-16,pomorskie,PM,878,19808,28,600,3468,77711,952,21573,0,0
2020-12-17,pomorskie,PM,959,20767,22,622,4008,81719,1017,22590,0,0
2020-12-18,pomorskie,PM,954,21721,23,645,3154,84873,1006,23596,0,0
2020-12-19,pomorskie,PM,1053,22774,30,675,4112,88985,1108,24704,0,0
2020-12-20,pomorskie,PM,824,23598,3,678,3200,92185,875,25579,0,0
2020-12-21,pomorskie,PM,551,24149,2,680,1912,94097,607,26186,0,0
2020-12-22,pomorskie,PM,708,24857,12,692,2980,97077,799,26985,0,0
2020-12-23,pomorskie,PM,974,25831,30,722,4151,101228,1050,28035,0,0
2020-12-24,pomorskie,PM,1108,26939,18,740,4146,105374,1186,29221,624,624
2020-12-25,pomorskie,PM,666,27605,10,750,2704,108078,712,29933,922,1546
2020-12-26,pomorskie,PM,487,28092,0,750,1583,109661,516,30449,899,2445
2020-12-27,pomorskie,PM,536,28628,4,754,1717,111378,561,31010,953,3398
2020-12-28,pomorskie,PM,404,29032,2,756,2114,113492,439,31449,970,4368
2020-12-29,pomorskie,PM,483,29515,23,779,2690,116182,567,32016,928,5296
2020-12-30,pomorskie,PM,1101,30616,45,824,4343,120525,1203,33219,623,5919
2020-12-31,pomorskie,PM,1288,31904,42,866,3955,124480,1404,34623,638,6557
2021-01-01,pomorskie,PM,1026,32930,24,890,3932,128412,1141,35764,1103,7660
2021-01-02,pomorskie,PM,787,33717,0,890,2408,130820,832,36596,1011,8671
2021-01-03,pomorskie,PM,704,34421,4,894,2664,133484,744,37340,808,9479
2021-01-04,pomorskie,PM,620,35041,2,896,2462,135946,667,38007,489,9968
2021-01-05,pomorskie,PM,530,35571,39,935,2921,138867,575,38582,553,10521
2021-01-06,pomorskie,PM,1145,36716,31,966,3852,142719,1197,39779,403,10924
2021-01-08,pomorskie,PM,984,37700,28,994,4035,146754,1047,40826,1055,11979
2021-01-09,pomorskie,PM,974,38674,27,1021,4287,151041,1015,41841,1334,13313
2021-01-10,pomorskie,PM,1010,39684,24,1045,3986,155027,1067,42908,894,14207
2021-01-11,pomorskie,PM,506,40190,22,1067,2210,157237,555,43463,792,14999
2021-01-12,pomorskie,PM,583,40773,25,1092,3128,160365,682,44145,836,15835
2021-01-13,pomorskie,PM,729,41502,32,1124,4738,165103,789,44934,604,16439
2021-01-14,pomorskie,PM,878,42380,16,1140,6208,171311,943,45877,669,17108
2021-01-15,pomorskie,PM,740,43120,17,1157,5612,176923,809,46686,1113,18221
2021-01-16,pomorskie,PM,740,43860,24,1181,4945,181868,801,47487,1244,19465
2021-01-17,pomorskie,PM,603,44463,1,1182,4506,186374,641,48128,746,20211
2021-01-18,pomorskie,PM,468,44931,1,1183,2763,189137,508,48636,966,21177
2021-01-19,pomorskie,PM,409,45340,22,1205,2599,191736,458,49094,1129,22306
2021-01-20,pomorskie,PM,581,45921,44,1249,3092,194828,627,49721,552,22858
2021-01-21,pomorskie,PM,738,46659,31,1280,3280,198108,781,50502,626,23484
2021-01-22,pomorskie,PM,770,47429,22,1302,3804,201912,848,51350,811,24295
2021-01-23,pomorskie,PM,512,47941,44,1346,2805,204717,565,51915,976,25271
2021-01-24,pomorskie,PM,457,48398,4,1350,2251,206968,494,52409,781,26052
2021-01-25,pomorskie,PM,357,48755,4,1354,1783,208751,388,52797,709,26761
2021-01-26,pomorskie,PM,360,49115,25,1379,2577,211328,396,53193,670,27431
2021-01-27,pomorskie,PM,635,49750,31,1410,3339,214667,677,53870,425,27856
2021-01-28,pomorskie,PM,658,50408,18,1428,3387,218054,713,54583,443,28299
2021-01-29,pomorskie,PM,556,50964,15,1443,2990,221044,603,55186,676,28975
2021-01-30,pomorskie,PM,521,51485,37,1480,3464,224508,574,55760,825,29800
2021-01-31,pomorskie,PM,448,51933,0,1480,2509,227017,488,56248,607,30407
2021-02-01,pomorskie,PM,242,52175,0,1480,1726,228743,270,56518,496,30903
2021-02-02,pomorskie,PM,326,52501,32,1512,2206,230949,366,56884,536,31439
2021-02-03,pomorskie,PM,644,53145,20,1532,3506,234455,685,57569,402,31841
2021-02-04,pomorskie,PM,563,53708,38,1570,2922,237377,601,58170,396,32237
2021-02-05,pomorskie,PM,507,54215,43,1613,2297,239674,548,58718,577,32814
2021-02-06,pomorskie,PM,599,54814,20,1633,3191,242865,638,59356,737,33551
2021-02-07,pomorskie,PM,553,55367,2,1635,2395,245260,582,59938,532,34083
2021-02-08,pomorskie,PM,330,55697,3,1638,2033,247293,351,60289,479,34562
2021-02-09,pomorskie,PM,402,56099,11,1649,2867,250160,449,60738,489,35051
2021-02-10,pomorskie,PM,539,56638,23,1672,3328,253488,569,61307,282,35333
2021-02-11,pomorskie,PM,701,57339,75,1747,3516,257004,731,62038,389,35722
2021-02-12,pomorskie,PM,581,57920,30,1777,3341,260345,635,62673,585,36307
2021-02-13,pomorskie,PM,576,58496,25,1802,3104,263449,612,63285,609,36916
2021-02-14,pomorskie,PM,649,59145,10,1812,3147,266596,675,63960,532,37448
2021-02-15,pomorskie,PM,342,59487,2,1814,2231,268827,364,64324,546,37994
2021-02-16,pomorskie,PM,399,59886,22,1836,2429,271256,434,64758,626,38620
2021-02-17,pomorskie,PM,682,60568,20,1856,3436,274692,719,65477,351,38971
2021-02-18,pomorskie,PM,802,61370,33,1889,3414,278106,842,66319,423,39394
2021-02-19,pomorskie,PM,787,62157,13,1902,3121,281227,832,67151,517,39911
2021-02-20,pomorskie,PM,776,62933,19,1921,3731,284958,814,67965,717,40628
2021-02-21,pomorskie,PM,724,63657,7,1928,3303,288261,759,68724,589,41217
2021-02-22,pomorskie,PM,544,64201,1,1929,2123,290384,577,69301,493,41710
2021-02-23,pomorskie,PM,512,64713,22,1951,2826,293210,548,69849,732,42442
2021-02-24,pomorskie,PM,1111,65824,33,1984,3927,297137,1164,71013,370,42812
2021-02-25,pomorskie,PM,1108,66932,23,2007,3683,300820,1152,72165,390,43202
2021-02-26,pomorskie,PM,1046,67978,20,2027,3736,304556,1098,73263,765,43967
2021-02-27,pomorskie,PM,1050,69028,38,2065,4320,308876,1104,74367,836,44803
2021-02-28,pomorskie,PM,941,69969,1,2066,3645,312521,987,75354,764,45567
2021-03-01,pomorskie,PM,640,70609,4,2070,2202,314723,678,76032,689,46256
2021-03-02,pomorskie,PM,594,71203,21,2091,2836,317559,631,76663,879,47135
2021-03-03,pomorskie,PM,1399,72602,18,2109,4729,322288,1455,78118,524,47659
2021-03-04,pomorskie,PM,1330,73932,23,2132,4573,326861,1386,79504,643,48302
2021-03-05,pomorskie,PM,1311,75243,10,2142,4140,331001,1428,80932,999,49301
2021-03-06,pomorskie,PM,1299,76542,20,2162,4986,335987,1352,82284,1102,50403
2021-03-07,pomorskie,PM,1096,77638,6,2168,3530,339517,1139,83423,1073,51476
2021-03-08,pomorskie,PM,709,78347,7,2175,2873,342390,765,84188,1078,52554
2021-03-09,pomorskie,PM,608,78955,24,2199,3052,345442,659,84847,1008,53562
2021-03-10,pomorskie,PM,1203,80158,20,2219,4451,349893,1262,86109,692,54254
2021-03-11,pomorskie,PM,1701,81859,6,2225,4809,354702,1756,87865,748,55002
2021-03-12,pomorskie,PM,1523,83382,24,2249,4769,359471,1574,89439,1214,56216
2021-03-13,pomorskie,PM,1491,84873,33,2282,4537,364008,1531,90970,1388,57604
2021-03-14,pomorskie,PM,1315,86188,8,2290,4566,368574,1373,92343,1243,58847
2021-03-15,pomorskie,PM,1095,87283,5,2295,3403,371977,1139,93482,1212,60059
2021-03-16,pomorskie,PM,1022,88305,26,2321,3559,375536,1093,94575,1101,61160
2021-03-17,pomorskie,PM,1673,89978,21,2342,6020,381556,1771,96346,876,62036
2021-03-18,pomorskie,PM,1747,91725,29,2371,4840,386396,1816,98162,796,62832
2021-03-19,pomorskie,PM,1600,93325,27,2398,5271,391667,1665,99827,1297,64129
2021-03-20,pomorskie,PM,1837,95162,11,2409,5318,396985,1908,101735,1723,65852
2021-03-21,pomorskie,PM,1212,96374,1,2410,4006,400991,1264,102999,1522,67374
2021-03-22,pomorskie,PM,1227,97601,10,2420,3917,404908,1300,104299,1457,68831
2021-03-23,pomorskie,PM,867,98468,27,2447,3687,408595,924,105223,1607,70438
2021-03-24,pomorskie,PM,1930,100398,42,2489,5479,414074,2002,107225,954,71392
2021-03-25,pomorskie,PM,1992,102390,35,2524,5677,419751,2046,109271,1100,72492
2021-03-26,pomorskie,PM,2620,105010,34,2558,7740,427491,2729,112000,1685,74177
2021-03-27,pomorskie,PM,1980,106990,26,2584,6478,433969,2055,114055,1840,76017
2021-03-28,pomorskie,PM,1869,108859,2,2586,5825,439794,1932,115987,1721,77738
2021-03-29,pomorskie,PM,1004,109863,3,2589,3453,443247,1060,117047,1610,79348
2021-03-30,pomorskie,PM,984,110847,46,2635,4267,447514,1042,118089,1866,81214
2021-03-31,pomorskie,PM,1429,112276,24,2659,5373,452887,1513,119602,1119,82333
2021-04-01,pomorskie,PM,1871,114147,41,2700,5973,458860,1938,121540,1336,83669
2021-04-02,pomorskie,PM,1335,115482,29,2729,5917,464777,1410,122950,1646,85315
2021-04-03,pomorskie,PM,2016,117498,24,2753,6801,471578,2088,125038,2244,87559
2021-04-04,pomorskie,PM,1272,118770,5,2758,4821,476399,1335,126373,2299,89858
2021-04-05,pomorskie,PM,549,119319,4,2762,2382,478781,584,126957,1847,91705
2021-04-06,pomorskie,PM,572,119891,5,2767,2875,481656,621,127578,1747,93452
2021-04-07,pomorskie,PM,728,120619,28,2795,7490,489146,874,128452,1194,94646
2021-04-08,pomorskie,PM,1479,122098,44,2839,6961,496107,1588,130040,1136,95782
2021-04-09,pomorskie,PM,1323,123421,47,2886,5817,501924,1382,131422,1719,97501
2021-04-10,pomorskie,PM,1214,124635,42,2928,5693,507617,1295,132717,1938,99439
2021-04-11,pomorskie,PM,1243,125878,8,2936,5753,513370,1317,134034,1467,100906
2021-04-12,pomorskie,PM,724,126602,0,2936,3751,517121,787,134821,1393,102299
2021-04-13,pomorskie,PM,612,127214,49,2985,4804,521925,666,135487,1240,103539
2021-04-14,pomorskie,PM,1107,128321,38,3023,5415,527340,1172,136659,648,104187
2021-04-15,pomorskie,PM,1008,129329,22,3045,5453,532793,1072,137731,649,104836
2021-04-16,pomorskie,PM,867,130196,43,3088,4564,537357,920,138651,842,105678
2021-04-17,pomorskie,PM,881,131077,46,3134,5108,542465,922,139573,1501,107179
2021-04-18,pomorskie,PM,588,131665,2,3136,4012,546477,639,140212,1295,108474
2021-04-19,pomorskie,PM,383,132048,0,3136,2966,549443,434,140646,1228,109702
2021-04-20,pomorskie,PM,417,132465,34,3170,3551,552994,458,141104,1140,110842
2021-04-21,pomorskie,PM,664,133129,37,3207,4640,557634,727,141831,782,111624
2021-04-22,pomorskie,PM,538,133667,40,3247,3648,561282,586,142417,695,112319
2021-04-23,pomorskie,PM,536,134203,25,3272,3695,564977,579,142996,1060,113379
2021-04-24,pomorskie,PM,416,134619,28,3300,3801,568778,446,143442,1047,114426
2021-04-25,pomorskie,PM,356,134975,3,3303,2812,571590,391,143833,879,115305
2021-04-26,pomorskie,PM,211,135186,0,3303,2347,573937,241,144074,809,116114
2021-04-27,pomorskie,PM,183,135369,21,3324,2906,576843,208,144282,659,116773
2021-04-28,pomorskie,PM,348,135717,27,3351,4023,580866,380,144662,380,117153
2021-04-29,pomorskie,PM,426,136143,39,3390,3897,584763,468,145130,437,117590
2021-04-30,pomorskie,PM,420,136563,19,3409,3553,588316,445,145575,628,118218
2021-05-01,pomorskie,PM,312,136875,13,3422,3725,592041,333,145908,644,118862
2021-05-02,pomorskie,PM,285,137160,4,3426,2738,594779,314,146222,491,119353
2021-05-03,pomorskie,PM,162,137322,1,3427,2299,597078,184,146406,425,119778
2021-05-04,pomorskie,PM,145,137467,6,3433,2297,599375,155,146561,360,120138
2021-05-05,pomorskie,PM,150,137617,18,3451,2956,602331,180,146741,221,120359
2021-05-06,pomorskie,PM,322,137939,11,3462,3596,605927,340,147081,253,120612
2021-05-07,pomorskie,PM,382,138321,26,3488,3908,609835,413,147494,374,120986
2021-05-08,pomorskie,PM,302,138623,28,3516,3595,613430,334,147828,439,121425
2021-05-09,pomorskie,PM,217,138840,16,3532,3754,617184,239,148067,357,121782
2021-05-10,pomorskie,PM,129,138969,2,3534,2711,619895,139,148206,385,122167
2021-05-11,pomorskie,PM,122,139091,19,3553,3152,623047,146,148352,261,122428
2021-05-12,pomorskie,PM,271,139362,15,3568,4230,627277,288,148640,170,122598
2021-05-13,pomorskie,PM,227,139589,29,3597,3208,630485,242,148882,154,122752
2021-05-14,pomorskie,PM,230,139819,8,3605,3269,633754,246,149128,208,122960
2021-05-15,pomorskie,PM,191,140010,10,3615,3683,637437,206,149334,375,123335
2021-05-16,pomorskie,PM,157,140167,2,3617,3482,640919,179,149513,296,123631
2021-05-17,pomorskie,PM,98,140265,0,3617,2431,643350,111,149624,311,123942
2021-05-18,pomorskie,PM,94,140359,12,3629,3297,646647,120,149744,226,124168
2021-05-19,pomorskie,PM,113,140472,16,3645,3433,650080,130,149874,132,124300
2021-05-20,pomorskie,PM,138,140610,9,3654,3303,653383,150,150024,150,124450
2021-05-21,pomorskie,PM,94,140704,11,3665,3429,656812,103,150127,278,124728
2021-05-22,pomorskie,PM,81,140785,22,3687,3439,660251,95,150222,220,124948
2021-05-23,pomorskie,PM,84,140869,2,3689,3537,663788,104,150326,221,125169
2021-05-24,pomorskie,PM,29,140898,1,3690,2362,666150,30,150356,207,125376
2021-05-25,pomorskie,PM,31,140929,6,3696,3715,669865,38,150394,168,125544
2021-05-26,pomorskie,PM,70,140999,1,3697,3776,673641,90,150484,99,125643
2021-05-27,pomorskie,PM,70,141069,6,3703,4034,677675,98,150582,108,125751
2021-05-28,pomorskie,PM,60,141129,1,3704,4277,681952,72,150654,127,125878
2021-05-29,pomorskie,PM,36,141165,7,3711,4315,686267,46,150700,127,126005
2021-05-30,pomorskie,PM,24,141189,0,3711,3047,689314,27,150727,109,126114
2021-05-31,pomorskie,PM,24,141213,0,3711,2065,691379,28,150755,88,126202
2021-06-01,pomorskie,PM,40,141253,3,3714,4028,695407,44,150799,84,126286
2021-06-02,pomorskie,PM,27,141280,6,3720,3592,698999,30,150829,41,126327
2021-06-03,pomorskie,PM,23,141303,3,3723,3696,702695,26,150855,38,126365
2021-06-04,pomorskie,PM,15,141318,0,3723,2453,705148,17,150872,65,126430
2021-06-05,pomorskie,PM,17,141335,2,3725,3313,708461,19,150891,56,126486
2021-06-06,pomorskie,PM,11,141346,0,3725,2963,711424,13,150904,56,126542
2021-06-07,pomorskie,PM,7,141353,0,3725,1984,713408,11,150915,37,126579
2021-06-08,pomorskie,PM,18,141371,1,3726,3959,717367,24,150939,45,126624
2021-06-09,pomorskie,PM,8,141379,1,3727,3918,721285,16,150955,22,126646
2021-06-10,pomorskie,PM,14,141393,1,3728,3353,724638,22,150977,31,126677
2021-06-11,pomorskie,PM,19,141412,2,3730,3686,728324,22,150999,33,126710
2021-06-12,pomorskie,PM,12,141424,5,3735,3642,731966,14,151013,25,126735
2021-06-13,pomorskie,PM,10,141434,0,3735,3224,735190,12,151025,13,126748
2021-06-14,pomorskie,PM,7,141441,0,3735,2201,737391,13,151038,13,126761
2021-06-15,pomorskie,PM,9,141450,2,3737,3861,741252,11,151049,15,126776
2021-06-16,pomorskie,PM,8,141458,3,3740,3540,744792,14,151063,9,126785
2021-06-17,pomorskie,PM,10,141468,3,3743,3396,748188,16,151079,17,126802
2021-06-18,pomorskie,PM,3,141471,14,3757,2896,751084,6,151085,7,126809
2021-06-19,pomorskie,PM,5,141476,6,3763,3401,754485,6,151091,20,126829
2021-06-20,pomorskie,PM,9,141485,0,3763,2754,757239,11,151102,18,126847
2021-06-21,pomorskie,PM,3,141488,0,3763,1936,759175,3,151105,7,126854
2021-06-22,pomorskie,PM,4,141492,1,3764,3650,762825,7,151112,14,126868
2021-06-23,pomorskie,PM,4,141496,0,3764,4320,767145,9,151121,8,126876
2021-06-24,pomorskie,PM,11,141507,2,3766,2936,770081,15,151136,14,126890
2021-06-25,pomorskie,PM,7,141514,1,3767,2505,772586,10,151146,11,126901
2021-06-26,pomorskie,PM,6,141520,1,3768,2550,775136,7,151153,10,126911
2021-06-27,pomorskie,PM,3,141523,0,3768,2139,777275,3,151156,5,126916
2021-06-28,pomorskie,PM,1,141524,0,3768,1543,778818,2,151158,7,126923
2021-06-29,pomorskie,PM,5,141529,5,3773,3238,782056,7,151165,12,126935
2021-06-30,pomorskie,PM,6,141535,1,3774,3639,785695,7,151172,6,126941
2021-07-01,pomorskie,PM,4,141539,1,3775,2467,788162,4,151176,8,126949
2021-07-02,pomorskie,PM,1,141540,1,3776,2307,790469,1,151177,4,126953
2021-07-03,pomorskie,PM,6,141546,1,3777,2746,793215,6,151183,10,126963
2021-07-04,pomorskie,PM,7,141553,0,3777,2379,795594,8,151191,9,126972
2021-07-05,pomorskie,PM,6,141559,0,3777,1456,797050,6,151197,3,126975
2021-07-06,pomorskie,PM,5,141564,0,3777,2725,799775,8,151205,2,126977
2021-07-07,pomorskie,PM,3,141567,0,3777,2912,802687,4,151209,3,126980
2021-07-08,pomorskie,PM,7,141574,0,3777,2462,805149,8,151217,5,126985
2021-07-09,pomorskie,PM,4,141578,3,3780,2234,807383,10,151227,3,126988
2021-07-10,pomorskie,PM,2,141580,1,3781,2408,809791,6,151233,5,126993
2021-07-11,pomorskie,PM,1,141581,0,3781,1919,811710,2,151235,3,126996
2021-07-12,pomorskie,PM,2,141583,0,3781,1891,813601,2,151237,9,127005
2021-07-13,pomorskie,PM,7,141590,0,3781,2650,816251,7,151244,5,127010
2021-07-14,pomorskie,PM,8,141598,0,3781,2534,818785,10,151254,10,127020
2021-07-15,pomorskie,PM,7,141605,0,3781,2571,821356,8,151262,7,127027
2021-07-16,pomorskie,PM,5,141610,1,3782,2073,823429,8,151270,5,127032
2021-07-17,pomorskie,PM,3,141613,2,3784,2447,825876,3,151273,7,127039
2021-07-18,pomorskie,PM,3,141616,0,3784,1839,827715,3,151276,6,127045
2021-07-19,pomorskie,PM,6,141622,0,3784,1396,829111,6,151282,3,127048
2021-07-20,pomorskie,PM,3,141625,0,3784,2742,831853,4,151286,6,127054
2021-07-21,pomorskie,PM,7,141632,1,3785,2293,834146,9,151295,2,127056
2021-07-22,pomorskie,PM,8,141640,0,3785,2657,836803,10,151305,8,127064
2021-07-23,pomorskie,PM,16,141656,0,3785,2108,838911,19,151324,7,127071
2021-07-24,pomorskie,PM,4,141660,0,3785,2343,841254,4,151328,7,127078
2021-07-25,pomorskie,PM,4,141664,0,3785,1848,843102,6,151334,5,127083
2021-07-26,pomorskie,PM,3,141667,0,3785,1484,844586,5,151339,3,127086
2021-07-27,pomorskie,PM,4,141671,1,3786,2578,847164,6,151345,5,127091
2021-07-28,pomorskie,PM,13,141684,0,3786,2278,849442,14,151359,5,127096
2021-07-29,pomorskie,PM,14,141698,2,3788,2181,851623,16,151375,3,127099
2021-07-30,pomorskie,PM,14,141712,0,3788,2002,853625,15,151390,6,127105
2021-07-31,pomorskie,PM,3,141715,0,3788,2325,855950,4,151394,10,127115
2021-08-01,pomorskie,PM,5,141720,0,3788,1916,857866,6,151400,14,127129
2021-08-02,pomorskie,PM,8,141728,0,3788,1512,859378,8,151408,7,127136
2021-08-03,pomorskie,PM,6,141734,0,3788,2678,862056,13,151421,4,127140
2021-08-04,pomorskie,PM,9,141743,0,3788,2546,864602,10,151431,3,127143
2021-08-05,pomorskie,PM,5,141748,0,3788,2305,866907,6,151437,10,127153
2021-08-06,pomorskie,PM,6,141754,0,3788,2089,868996,6,151443,13,127166
2021-08-07,pomorskie,PM,7,141761,0,3788,2764,871760,9,151452,11,127177
2021-08-08,pomorskie,PM,5,141766,0,3788,1903,873663,6,151458,17,127194
2021-08-09,pomorskie,PM,3,141769,0,3788,1547,875210,3,151461,7,127201
2021-08-10,pomorskie,PM,16,141785,0,3788,2845,878055,17,151478,10,127211
2021-08-11,pomorskie,PM,16,141801,0,3788,2260,880315,17,151495,4,127215
2021-08-12,pomorskie,PM,14,141815,0,3788,2418,882733,19,151514,10,127225
2021-08-13,pomorskie,PM,8,141823,0,3788,2086,884819,9,151523,11,127236
2021-08-14,pomorskie,PM,14,141837,1,3789,2543,887362,17,151540,6,127242
2021-08-15,pomorskie,PM,6,141843,0,3789,2128,889490,6,151546,7,127249
2021-08-16,pomorskie,PM,13,141856,0,3789,1747,891237,14,151560,8,127257
2021-08-17,pomorskie,PM,10,141866,1,3790,2895,894132,10,151570,8,127265
2021-08-18,pomorskie,PM,13,141879,0,3790,2411,896543,16,151586,13,127278
2021-08-19,pomorskie,PM,16,141895,0,3790,2230,898773,18,151604,13,127291
2021-08-20,pomorskie,PM,11,141906,0,3790,2253,901026,11,151615,21,127312
2021-08-21,pomorskie,PM,14,141920,0,3790,2777,903803,17,151632,20,127332
2021-08-22,pomorskie,PM,13,141933,0,3790,1700,905503,13,151645,12,127344
2021-08-23,pomorskie,PM,14,141947,0,3790,1580,907083,16,151661,23,127367
2021-08-24,pomorskie,PM,24,141971,0,3790,2622,909705,28,151689,8,127375
2021-08-25,pomorskie,PM,18,141989,0,3790,2275,911980,23,151712,9,127384
2021-08-26,pomorskie,PM,11,142000,0,3790,2230,914210,15,151727,19,127403
2021-08-27,pomorskie,PM,26,142026,0,3790,2456,916666,30,151757,12,127415
2021-08-28,pomorskie,PM,14,142040,0,3790,2308,918974,16,151773,13,127428
2021-08-29,pomorskie,PM,13,142053,0,3790,1823,920797,14,151787,11,127439
2021-08-30,pomorskie,PM,16,142069,0,3790,1375,922172,17,151804,16,127455
2021-08-31,pomorskie,PM,15,142084,0,3790,2263,924435,18,151822,14,127469
2021-09-01,pomorskie,PM,25,142109,5,3795,2603,927038,25,151847,17,127486
2021-09-02,pomorskie,PM,21,142130,0,3795,2289,929327,24,151871,19,127505
2021-09-03,pomorskie,PM,16,142146,0,3795,2149,931476,16,151887,25,127530
2021-09-04,pomorskie,PM,58,142204,0,3795,2544,934020,60,151947,12,127542
2021-09-05,pomorskie,PM,11,142215,0,3795,1691,935711,13,151960,21,127563
2021-09-06,pomorskie,PM,10,142225,0,3795,1349,937060,10,151970,20,127583
2021-09-07,pomorskie,PM,31,142256,0,3795,2462,939522,35,152005,12,127595
2021-09-08,pomorskie,PM,22,142278,1,3796,2257,941779,28,152033,13,127608
2021-09-09,pomorskie,PM,30,142308,0,3796,2226,944005,32,152065,15,127623
2021-09-10,pomorskie,PM,26,142334,0,3796,2420,946425,27,152092,23,127646
2021-09-11,pomorskie,PM,29,142363,0,3796,2491,948916,36,152128,23,127669
2021-09-12,pomorskie,PM,17,142380,0,3796,1709,950625,20,152148,16,127685
2021-09-13,pomorskie,PM,15,142395,0,3796,1419,952044,16,152164,62,127747
2021-09-14,pomorskie,PM,33,142428,0,3796,2745,954789,36,152200,10,127757
2021-09-15,pomorskie,PM,35,142463,2,3798,2570,957359,41,152241,20,127777
2021-09-16,pomorskie,PM,36,142499,0,3798,2291,959650,37,152278,32,127809
2021-09-17,pomorskie,PM,37,142536,0,3798,2056,961706,40,152318,23,127832
2021-09-18,pomorskie,PM,37,142573,2,3800,2486,964192,39,152357,29,127861
2021-09-19,pomorskie,PM,13,142586,0,3800,1686,965878,16,152373,25,127886
2021-09-20,pomorskie,PM,19,142605,0,3800,1467,967345,20,152393,31,127917
2021-09-21,pomorskie,PM,38,142643,0,3800,2741,970086,39,152432,19,127936
2021-09-22,pomorskie,PM,40,142683,0,3800,2308,972394,43,152475,13,127949
2021-09-23,pomorskie,PM,39,142722,1,3801,2381,974775,42,152517,33,127982
2021-09-24,pomorskie,PM,33,142755,0,3801,2092,976867,37,152554,36,128018
2021-09-25,pomorskie,PM,29,142784,1,3802,2606,979473,33,152587,44,128062
2021-09-26,pomorskie,PM,21,142805,0,3802,1601,981074,28,152615,36,128098
2021-09-27,pomorskie,PM,22,142827,0,3802,1452,982526,26,152641,38,128136
2021-09-28,pomorskie,PM,67,142894,3,3805,2904,985430,69,152710,16,128152
2021-09-29,pomorskie,PM,70,142964,0,3805,2483,987913,75,152785,17,128169
2021-09-30,pomorskie,PM,47,143011,0,3805,2174,990087,56,152841,43,128212
2021-10-01,pomorskie,PM,53,143064,2,3807,2475,992562,59,152900,49,128261
2021-10-02,pomorskie,PM,80,143144,0,3807,2369,994931,86,152986,43,128304
2021-10-03,pomorskie,PM,41,143185,0,3807,2083,997014,44,153030,39,128343
2021-10-04,pomorskie,PM,42,143227,0,3807,1502,998516,49,153079,34,128377
2021-10-05,pomorskie,PM,66,143293,6,3813,2681,1001197,71,153150,22,128399
2021-10-06,pomorskie,PM,93,143386,0,3813,2360,1003557,102,153252,22,128421
2021-10-07,pomorskie,PM,83,143469,1,3814,2182,1005739,91,153343,63,128484
2021-10-08,pomorskie,PM,87,143556,0,3814,2238,1007977,101,153444,62,128546
2021-10-09,pomorskie,PM,111,143667,2,3816,2542,1010519,119,153563,50,128596
2021-10-10,pomorskie,PM,65,143732,0,3816,1582,1012101,68,153631,66,128662
2021-10-11,pomorskie,PM,46,143778,0,3816,1356,1013457,50,153681,74,128736
2021-10-12,pomorskie,PM,150,143928,1,3817,2583,1016040,157,153838,47,128783
2021-10-13,pomorskie,PM,97,144025,0,3817,2480,1018520,103,153941,42,128825
2021-10-14,pomorskie,PM,161,144186,1,3818,2676,1021196,178,154119,72,128897
2021-10-15,pomorskie,PM,98,144284,0,3818,2128,1023324,103,154222,89,128986
2021-10-16,pomorskie,PM,129,144413,1,3819,2388,1025712,139,154361,90,129076
2021-10-17,pomorskie,PM,123,144536,0,3819,1769,1027481,135,154496,101,129177
2021-10-18,pomorskie,PM,56,144592,0,3819,1630,1029111,59,154555,110,129287
2021-10-19,pomorskie,PM,161,144753,1,3820,3002,1032113,169,154724,67,129354
2021-10-20,pomorskie,PM,205,144958,1,3821,2673,1034786,223,154947,51,129405
2021-10-21,pomorskie,PM,279,145237,0,3821,3215,1038001,292,155239,137,129542
2021-10-22,pomorskie,PM,239,145476,0,3821,2615,1040616,254,155493,109,129651
2021-10-23,pomorskie,PM,232,145708,0,3821,2806,1043422,256,155749,160,129811
2021-10-24,pomorskie,PM,179,145887,0,3821,2102,1045524,191,155940,124,129935
2021-10-25,pomorskie,PM,160,146047,0,3821,1651,1047175,173,156113,139,130074
2021-10-26,pomorskie,PM,364,146411,3,3824,3323,1050498,392,156505,105,130179
2021-10-27,pomorskie,PM,333,146744,2,3826,3052,1053550,358,156863,48,130227
2021-10-28,pomorskie,PM,368,147112,6,3832,3093,1056643,394,157257,191,130418
2021-10-29,pomorskie,PM,468,147580,3,3835,3382,1060025,493,157750,238,130656
2021-10-30,pomorskie,PM,475,148055,0,3835,3465,1063490,503,158253,227,130883
2021-10-31,pomorskie,PM,255,148310,0,3835,1973,1065463,268,158521,252,131135
2021-11-01,pomorskie,PM,272,148582,0,3835,1890,1067353,296,158817,269,131404
2021-11-02,pomorskie,PM,235,148817,0,3835,1854,1069207,250,159067,161,131565
2021-11-03,pomorskie,PM,654,149471,3,3838,3859,1073066,703,159770,162,131727
2021-11-04,pomorskie,PM,745,150216,1,3839,4144,1077210,785,160555,355,132082
2021-11-05,pomorskie,PM,894,151110,3,3842,4563,1081773,932,161487,391,132473
2021-11-06,pomorskie,PM,718,151828,1,3843,4263,1086036,767,162254,394,132867
2021-11-07,pomorskie,PM,565,152393,0,3843,3280,1089316,593,162847,396,133263
2021-11-08,pomorskie,PM,404,152797,0,3843,2215,1091531,431,163278,457,133720
2021-11-09,pomorskie,PM,858,153655,2,3845,4418,1095949,912,164190,289,134009
2021-11-10,pomorskie,PM,1006,154661,17,3862,4824,1100773,1047,165237,263,134272
2021-11-11,pomorskie,PM,1026,155687,4,3866,4583,1105356,1081,166318,277,134549
2021-11-12,pomorskie,PM,642,156329,0,3866,2705,1108061,689,167007,645,135194
2021-11-13,pomorskie,PM,837,157166,22,3888,4394,1112455,889,167896,932,136126
2021-11-14,pomorskie,PM,643,157809,0,3888,3392,1115847,686,168582,755,136881
2021-11-15,pomorskie,PM,556,158365,3,3891,2801,1118648,592,169174,665,137546
2021-11-16,pomorskie,PM,976,159341,8,3899,4708,1123356,1037,170211,558,138104
2021-11-17,pomorskie,PM,1014,160355,9,3908,5149,1128505,1077,171288,469,138573
2021-11-18,pomorskie,PM,1357,161712,14,3922,5658,1134163,1416,172704,872,139445
2021-11-19,pomorskie,PM,1337,163049,11,3933,5623,1139786,1398,174102,982,140427
2021-11-20,pomorskie,PM,1257,164306,8,3941,5676,1145462,1334,175436,1003,141430
2021-11-21,pomorskie,PM,1051,165357,4,3945,4174,1149636,1112,176548,641,142071
2021-11-22,pomorskie,PM,676,166033,1,3946,2952,1152588,712,177260,873,142944
2021-11-23,pomorskie,PM,1260,167293,12,3958,5309,1157897,1323,178583,681,143625
2021-11-24,pomorskie,PM,1504,168797,13,3971,5672,1163569,1578,180161,553,144178
2021-11-25,pomorskie,PM,1769,170566,24,3995,6804,1170373,1860,182021,1143,145321
2021-11-26,pomorskie,PM,1587,172153,14,4009,6368,1176741,1671,183692,1173,146494
2021-11-27,pomorskie,PM,1397,173550,7,4016,6060,1182801,1472,185164,1320,147814
2021-11-28,pomorskie,PM,1250,174800,0,4016,4416,1187217,1298,186462,1364,149178
2021-11-29,pomorskie,PM,869,175669,3,4019,3445,1190662,930,187392,1236,150414
2021-11-30,pomorskie,PM,1077,176746,21,4040,5085,1195747,1155,188547,1127,151541
2021-12-01,pomorskie,PM,1699,178445,10,4050,6785,1202532,1788,190335,731,152272
2021-12-02,pomorskie,PM,1659,180104,41,4091,6904,1209436,1741,192076,1298,153570
2021-12-03,pomorskie,PM,1552,181656,22,4113,6432,1215868,1635,193711,1660,155230
2021-12-04,pomorskie,PM,1406,183062,32,4145,6061,1221929,1481,195192,1552,156782
2021-12-05,pomorskie,PM,1462,184524,0,4145,5322,1227251,1551,196743,1557,158339
2021-12-06,pomorskie,PM,990,185514,1,4146,3674,1230925,1074,197817,1459,159798
2021-12-07,pomorskie,PM,1306,186820,21,4167,5421,1236346,1391,199208,1328,161126
2021-12-08,pomorskie,PM,1760,188580,19,4186,7094,1243440,1858,201066,835,161961
2021-12-09,pomorskie,PM,1677,190257,24,4210,6795,1250235,1775,202841,1175,163136
2021-12-10,pomorskie,PM,1579,191836,30,4240,6545,1256780,1675,204516,1811,164947
2021-12-11,pomorskie,PM,1405,193241,16,4256,6534,1263314,1490,206006,1593,166540
2021-12-12,pomorskie,PM,1223,194464,6,4262,5053,1268367,1291,207297,1658,168198
2021-12-13,pomorskie,PM,820,195284,9,4271,3485,1271852,883,208180,1456,169654
2021-12-14,pomorskie,PM,1176,196460,25,4296,5704,1277556,1298,209478,1372,171026
2021-12-15,pomorskie,PM,1597,198057,29,4325,7280,1284836,1690,211168,1146,172172
2021-12-16,pomorskie,PM,1380,199437,25,4350,6563,1291399,1462,212630,1340,173512
2021-12-17,pomorskie,PM,1300,200737,28,4378,6372,1297771,1375,214005,1725,175237
2021-12-18,pomorskie,PM,1282,202019,33,4411,6414,1304185,1367,215372,1850,177087
2021-12-19,pomorskie,PM,1048,203067,4,4415,5271,1309456,1128,216500,1456,178543
2021-12-20,pomorskie,PM,831,203898,0,4415,4129,1313585,911,217411,1479,180022
2021-12-21,pomorskie,PM,929,204827,20,4435,5698,1319283,1006,218417,1322,181344
2021-12-22,pomorskie,PM,1241,206068,36,4471,6766,1326049,1333,219750,877,182221
2021-12-23,pomorskie,PM,1164,207232,21,4492,6529,1332578,1263,221013,1124,183345
2021-12-24,pomorskie,PM,1050,208282,30,4522,5957,1338535,1134,222147,1771,185116
2021-12-25,pomorskie,PM,603,208885,15,4537,3682,1342217,654,222801,1404,186520
2021-12-26,pomorskie,PM,411,209296,1,4538,2745,1344962,455,223256,1315,187835
2021-12-27,pomorskie,PM,490,209786,0,4538,2976,1347938,539,223795,1202,189037
2021-12-28,pomorskie,PM,748,210534,13,4551,5542,1353480,828,224623,1215,190252
2021-12-29,pomorskie,PM,996,211530,46,4597,6419,1359899,1093,225716,747,190999
2021-12-30,pomorskie,PM,1005,212535,40,4637,6522,1366421,1113,226829,1022,192021
2021-12-31,pomorskie,PM,891,213426,29,4666,6184,1372605,990,227819,1273,193294
2022-01-01,pomorskie,PM,776,214202,36,4702,5430,1378035,869,228688,1149,194443
2022-01-02,pomorskie,PM,555,214757,1,4703,3667,1381702,610,229298,1123,195566
2022-01-03,pomorskie,PM,469,215226,2,4705,4366,1386068,541,229839,582,196148
2022-01-04,pomorskie,PM,737,215963,27,4732,6837,1392905,849,230688,497,196645
2022-01-05,pomorskie,PM,1156,217119,28,4760,7845,1400750,1307,231995,520,197165
2022-01-06,pomorskie,PM,1073,218192,17,4777,7295,1408045,1219,233214,816,197981
2022-01-07,pomorskie,PM,816,219008,9,4786,4954,1412999,950,234164,972,198953
2022-01-08,pomorskie,PM,667,219675,30,4816,5982,1418981,755,234919,1075,200028
2022-01-09,pomorskie,PM,887,220562,5,4821,5774,1424755,998,235917,892,200920
2022-01-10,pomorskie,PM,563,221125,10,4831,3927,1428682,646,236563,782,201702
2022-01-11,pomorskie,PM,898,222023,38,4869,6112,1434794,1035,237598,624,202326
2022-01-12,pomorskie,PM,1040,223063,33,4902,6288,1441082,1220,238818,577,202903
2022-01-13,pomorskie,PM,1114,224177,48,4950,6410,1447492,1312,240130,780,203683
2022-01-14,pomorskie,PM,1139,225316,22,4972,6124,1453616,1311,241441,1319,205002
2022-01-15,pomorskie,PM,1181,226497,11,4983,6431,1460047,1347,242788,1130,206132
2022-01-16,pomorskie,PM,814,227311,1,4984,4707,1464754,964,243752,867,206999
2022-01-17,pomorskie,PM,662,227973,0,4984,3637,1468391,752,244504,764,207763
2022-01-18,pomorskie,PM,1063,229036,21,5005,5804,1474195,1219,245723,841,208604
2022-01-19,pomorskie,PM,2341,231377,30,5035,8793,1482988,2713,248436,640,209244
2022-01-20,pomorskie,PM,2145,233522,19,5054,7724,1490712,2500,250936,1101,210345
2022-01-21,pomorskie,PM,2251,235773,4,5058,8331,1499043,2635,253571,1126,211471
2022-01-22,pomorskie,PM,2856,238629,10,5068,9734,1508777,3289,256860,1230,212701
2022-01-23,pomorskie,PM,2907,241536,5,5073,9463,1518240,3329,260189,1244,213945
2022-01-24,pomorskie,PM,2285,243821,0,5073,7321,1525561,2631,262820,1359,215304
2022-01-25,pomorskie,PM,2175,245996,12,5085,8668,1534229,2542,265362,1078,216382
2022-01-26,pomorskie,PM,3722,249718,8,5093,11583,1545812,4385,269747,867,217249
2022-01-27,pomorskie,PM,5285,255003,20,5113,14696,1560508,6176,275923,1351,218600
2022-01-28,pomorskie,PM,4211,259214,33,5146,11936,1572444,4884,280807,2209,220809
2022-01-29,pomorskie,PM,3824,263038,16,5162,11760,1584204,4478,285285,2595,223404
2022-01-30,pomorskie,PM,4204,267242,0,5162,12162,1596366,4907,290192,2948,226352
2022-01-31,pomorskie,PM,3226,270468,0,5162,10062,1606428,3733,293925,3083,229435
2022-02-01,pomorskie,PM,2875,273343,20,5182,10205,1616633,3383,297308,3357,232792
2022-02-02,pomorskie,PM,3826,277169,31,5213,12639,1629272,4485,301793,2382,235174
2022-02-03,pomorskie,PM,3721,280890,17,5230,12283,1641555,4368,306161,3048,238222
2022-02-04,pomorskie,PM,3388,284278,12,5242,11613,1653168,3990,310151,4651,242873
2022-02-05,pomorskie,PM,3216,287494,25,5267,11377,1664545,3748,313899,5748,248621
2022-02-06,pomorskie,PM,2836,290330,1,5268,10191,1674736,3317,317216,4792,253413
2022-02-07,pomorskie,PM,1682,292012,0,5268,6336,1681072,2016,319232,5394,258807
2022-02-08,pomorskie,PM,2471,294483,22,5290,9146,1690218,2623,321855,4425,263232
2022-02-09,pomorskie,PM,3424,297907,10,5300,11589,1701807,3596,325451,3766,266998
2022-02-10,pomorskie,PM,3003,300910,9,5309,10203,1712010,3159,328610,3351,270349
2022-02-11,pomorskie,PM,2249,303159,8,5317,9065,1721075,2355,330965,4456,274805
2022-02-12,pomorskie,PM,2236,305395,13,5330,8970,1730045,2385,333350,4044,278849
2022-02-13,pomorskie,PM,1400,306795,3,5333,6754,1736799,1504,334854,3938,282787
2022-02-14,pomorskie,PM,965,307760,12,5345,4868,1741667,1054,335908,3777,286564
2022-02-15,pomorskie,PM,1240,309000,14,5359,6623,1748290,1351,337259,2960,289524
2022-02-16,pomorskie,PM,1878,310878,18,5377,7690,1755980,1988,339247,2111,291635
2022-02-17,pomorskie,PM,1800,312678,11,5388,7503,1763483,2003,341250,2673,294308
2022-02-18,pomorskie,PM,1664,314342,18,5406,7113,1770596,1818,343068,3073,297381
2022-02-19,pomorskie,PM,1284,315626,10,5416,6617,1777213,1449,344517,2758,300139
2022-02-20,pomorskie,PM,823,316449,5,5421,5019,1782232,925,345442,2408,302547
2022-02-21,pomorskie,PM,619,317068,0,5421,3849,1786081,693,346135,2502,305049
2022-02-22,pomorskie,PM,1134,318202,31,5452,6473,1792554,1235,347370,2971,308020
2022-02-23,pomorskie,PM,1046,319248,14,5466,5848,1798402,1138,348508,2602,310622
2022-02-24,pomorskie,PM,1077,320325,27,5493,5527,1803929,1153,349661,2172,312794
2022-02-25,pomorskie,PM,916,321241,13,5506,5452,1809381,996,350657,1254,314048
2022-02-26,pomorskie,PM,704,321945,25,5531,4361,1813742,768,351425,882,314930
2022-02-27,pomorskie,PM,550,322495,0,5531,3757,1817499,589,352014,663,315593
2022-02-28,pomorskie,PM,481,322976,0,5531,3324,1820823,549,352563,1212,316805
2022-03-01,pomorskie,PM,711,323687,9,5540,5029,1825852,768,353331,1128,317933
2022-03-02,pomorskie,PM,924,324611,12,5552,5151,1831003,1000,354331,1055,318988
2022-03-03,pomorskie,PM,835,325446,22,5574,4700,1835703,882,355213,898,319886
2022-03-04,pomorskie,PM,733,326179,18,5592,4584,1840287,793,356006,810,320696
2022-03-05,pomorskie,PM,672,326851,15,5607,4240,1844527,726,356732,572,321268
2022-03-06,pomorskie,PM,454,327305,0,5607,3176,1847703,487,357219,501,321769
2022-03-07,pomorskie,PM,349,327654,0,5607,2559,1850262,375,357594,757,322526
2022-03-08,pomorskie,PM,709,328363,26,5633,5193,1855455,770,358364,949,323475
2022-03-09,pomorskie,PM,854,329217,19,5652,4596,1860051,909,359273,802,324277
2022-03-10,pomorskie,PM,700,329917,9,5661,4193,1864244,740,360013,773,325050
2022-03-11,pomorskie,PM,741,330658,1,5662,4249,1868493,788,360801,683,325733
2022-03-12,pomorskie,PM,621,331279,1,5663,3832,1872325,675,361476,484,326217
2022-03-13,pomorskie,PM,625,331904,0,5663,3734,1876059,668,362144,401,326618
2022-03-14,pomorskie,PM,382,332286,0,5663,2497,1878556,407,362551,713,327331
2022-03-15,pomorskie,PM,835,333121,12,5675,5397,1883953,884,363435,851,328182
2022-03-16,pomorskie,PM,915,334036,0,5675,4762,1888715,974,364409,810,328992
2022-03-17,pomorskie,PM,855,334891,18,5693,5299,1894014,926,365335,775,329767
2022-03-18,pomorskie,PM,845,335736,4,5697,4253,1898267,896,366231,676,330443
2022-03-19,pomorskie,PM,721,336457,3,5700,4377,1902644,768,366999,570,331013
2022-03-20,pomorskie,PM,409,336866,0,5700,2840,1905484,436,367435,379,331392
2022-03-21,pomorskie,PM,344,337210,0,5700,2797,1908281,381,367816,888,332280
2022-03-22,pomorskie,PM,750,337960,4,5704,4970,1913251,798,368614,942,333222
2022-03-23,pomorskie,PM,775,338735,5,5709,4571,1917822,832,369446,856,334078
2022-03-24,pomorskie,PM,676,339411,9,5718,4207,1922029,738,370184,829,334907
2022-03-25,pomorskie,PM,590,340001,1,5719,3767,1925796,633,370817,743,335650
2022-03-26,pomorskie,PM,436,340437,8,5727,3623,1929419,468,371285,461,336111
2022-03-27,pomorskie,PM,239,340676,0,5727,2825,1932244,270,371555,345,336456
2022-03-28,pomorskie,PM,191,340867,0,5727,2245,1934489,224,371779,797,337253
2022-03-29,pomorskie,PM,450,341317,6,5733,4292,1938781,489,372268,812,338065
2022-03-30,pomorskie,PM,345,341662,11,5744,3386,1942167,390,372658,809,338874
2022-03-31,pomorskie,PM,409,342071,25,5769,3517,1945684,442,373100,563,339437
2022-04-01,pomorskie,PM,201,342272,12,5781,2593,1948277,225,373325,422,339859
2022-04-02,pomorskie,PM,110,342382,8,5789,1665,1949942,131,373456,181,340040
2022-04-03,pomorskie,PM,30,342412,0,5789,671,1950613,35,373491,100,340140
2022-04-04,pomorskie,PM,20,342432,0,5789,549,1951162,31,373522,6,340146
2022-04-05,pomorskie,PM,114,342546,0,5789,1509,1952671,128,373650,0,340146
2022-04-06,pomorskie,PM,84,342630,15,5804,1261,1953932,100,373750,2,340148
2022-04-07,pomorskie,PM,127,342757,3,5807,1379,1955311,133,373883,0,340148
2022-04-08,pomorskie,PM,95,342852,22,5829,1248,1956559,112,373995,6,340154
2022-04-09,pomorskie,PM,82,342934,1,5830,969,1957528,100,374095,2,340156
2022-04-10,pomorskie,PM,18,342952,0,5830,513,1958041,22,374117,0,340156
2022-04-11,pomorskie,PM,23,342975,0,5830,378,1958419,25,374142,0,340156
2022-04-12,pomorskie,PM,118,343093,9,5839,1205,1959624,131,374273,2,340158
2022-04-13,pomorskie,PM,81,343174,0,5839,936,1960560,92,374365,0,340158
2022-04-14,pomorskie,PM,81,343255,10,5849,973,1961533,92,374457,0,340158
2022-04-15,pomorskie,PM,79,343334,13,5862,791,1962324,84,374541,1,340159
2022-04-16,pomorskie,PM,80,343414,0,5862,758,1963082,85,374626,1,340160
2022-04-17,pomorskie,PM,21,343435,0,5862,480,1963562,25,374651,0,340160
2022-04-18,pomorskie,PM,10,343445,0,5862,304,1963866,12,374663,2,340162
2022-04-19,pomorskie,PM,13,343458,0,5862,341,1964207,15,374678,0,340162
2022-04-20,pomorskie,PM,92,343550,7,5869,1146,1965353,101,374779,3,340165
2022-04-21,pomorskie,PM,75,343625,0,5869,1034,1966387,88,374867,5,340170
2022-04-22,pomorskie,PM,74,343699,2,5871,908,1967295,80,374947,2,340172
2022-04-23,pomorskie,PM,61,343760,0,5871,922,1968217,68,375015,1,340173
2022-04-24,pomorskie,PM,17,343777,0,5871,377,1968594,20,375035,2,340175
2022-04-25,pomorskie,PM,27,343804,0,5871,534,1969128,31,375066,3,340178
2022-04-26,pomorskie,PM,74,343878,0,5871,960,1970088,91,375157,2,340180
2022-04-27,pomorskie,PM,45,343923,0,5871,705,1970793,52,375209,0,340180
2022-04-28,pomorskie,PM,43,343966,8,5879,757,1971550,49,375258,0,340180
2022-04-29,pomorskie,PM,46,344012,3,5882,1002,1972552,51,375309,1,340181
2022-04-30,pomorskie,PM,32,344044,1,5883,746,1973298,41,375350,1,340182
2022-05-01,pomorskie,PM,11,344055,0,5883,443,1973741,12,375362,0,340182
2022-05-02,pomorskie,PM,4,344059,0,5883,282,1974023,7,375369,0,340182
2022-05-03,pomorskie,PM,44,344103,0,5883,732,1974755,55,375424,0,340182
2022-05-04,pomorskie,PM,11,344114,1,5884,326,1975081,15,375439,2,340184
2022-05-05,pomorskie,PM,42,344156,0,5884,726,1975807,47,375486,0,340184
2022-05-06,pomorskie,PM,15,344171,3,5887,708,1976515,19,375505,1,340185
2022-05-07,pomorskie,PM,32,344203,3,5890,560,1977075,38,375543,0,340185
2022-05-08,pomorskie,PM,11,344214,0,5890,308,1977383,14,375557,1,340186
2022-05-09,pomorskie,PM,8,344222,0,5890,282,1977665,8,375565,0,340186
2022-05-10,pomorskie,PM,35,344257,0,5890,798,1978463,38,375603,0,340186
2022-05-11,pomorskie,PM,13,344270,0,5890,516,1978979,18,375621,1,340187
2022-05-12,pomorskie,PM,28,344298,1,5891,577,1979556,33,375654,1,340188
2022-05-13,pomorskie,PM,23,344321,0,5891,536,1980092,26,375680,1,340189
2022-05-14,pomorskie,PM,22,344343,1,5892,525,1980617,24,375704,0,340189
2022-05-15,pomorskie,PM,9,344352,0,5892,323,1980940,10,375714,0,340189
2022-05-16,pomorskie,PM,6,344358,0,5892,227,1981167,6,375720,0,340189
2022-05-17,pomorskie,PM,28,344386,1,5893,683,1981850,30,375750,0,340189
2022-05-18,pomorskie,PM,19,344405,0,5893,525,1982375,20,375770,0,340189
2022-05-19,pomorskie,PM,22,344427,0,5893,456,1982831,24,375794,0,340189
2022-05-20,pomorskie,PM,12,344439,1,5894,446,1983277,12,375806,0,340189
2022-05-21,pomorskie,PM,24,344463,1,5895,412,1983689,27,375833,0,340189
2022-05-22,pomorskie,PM,4,344467,0,5895,258,1983947,4,375837,0,340189
2022-05-23,pomorskie,PM,4,344471,0,5895,680,1984627,6,375843,0,340189
2022-05-24,pomorskie,PM,25,344496,0,5895,558,1985185,29,375872,0,340189
2022-05-25,pomorskie,PM,23,344519,0,5895,636,1985821,23,375895,0,340189
2022-05-26,pomorskie,PM,12,344531,0,5895,512,1986333,14,375909,1,340190
2022-05-27,pomorskie,PM,17,344548,0,5895,473,1986806,18,375927,0,340190
2022-05-28,pomorskie,PM,15,344563,4,5899,458,1987264,18,375945,0,340190
2022-05-29,pomorskie,PM,7,344570,0,5899,309,1987573,8,375953,1,340191
2022-05-30,pomorskie,PM,5,344575,0,5899,252,1987825,5,375958,0,340191
2022-05-31,pomorskie,PM,23,344598,1,5900,480,1988305,25,375983,0,340191
2022-06-01,pomorskie,PM,21,344619,0,5900,617,1988922,24,376007,0,340191
2022-06-02,pomorskie,PM,9,344628,0,5900,321,1989243,11,376018,0,340191
2022-06-03,pomorskie,PM,14,344642,0,5900,343,1989586,17,376035,0,340191
2022-06-04,pomorskie,PM,34,344676,0,5900,300,1989886,35,376070,0,340191
2022-06-05,pomorskie,PM,1,344677,0,5900,133,1990019,1,376071,0,340191
2022-06-06,pomorskie,PM,1,344678,0,5900,157,1990176,2,376073,2,340193
2022-06-07,pomorskie,PM,30,344708,0,5900,272,1990448,31,376104,0,340193
2022-06-08,pomorskie,PM,18,344726,0,5900,270,1990718,19,376123,0,340193
2022-06-09,pomorskie,PM,28,344754,0,5900,246,1990964,29,376152,0,340193
2022-06-10,pomorskie,PM,17,344771,0,5900,267,1991231,17,376169,0,340193
2022-06-11,pomorskie,PM,14,344785,0,5900,255,1991486,17,376186,0,340193
2022-06-12,pomorskie,PM,3,344788,0,5900,143,1991629,3,376189,0,340193
2022-06-13,pomorskie,PM,1,344789,0,5900,86,1991715,1,376190,0,340193
2022-06-14,pomorskie,PM,23,344812,4,5904,275,1991990,24,376214,0,340193
2022-06-15,pomorskie,PM,12,344824,1,5905,174,1992164,14,376228,1,340194
2022-06-16,pomorskie,PM,8,344832,0,5905,156,1992320,8,376236,1,340195
2022-06-17,pomorskie,PM,2,344834,0,5905,80,1992400,2,376238,0,340195
2022-06-18,pomorskie,PM,15,344849,0,5905,193,1992593,15,376253,0,340195
2022-06-19,pomorskie,PM,6,344855,0,5905,126,1992719,6,376259,0,340195
2022-06-20,pomorskie,PM,3,344858,0,5905,66,1992785,3,376262,0,340195
2022-06-21,pomorskie,PM,18,344876,2,5907,178,1992963,19,376281,0,340195
2022-06-22,pomorskie,PM,17,344893,0,5907,189,1993152,17,376298,0,340195
2022-06-23,pomorskie,PM,19,344912,0,5907,178,1993330,20,376318,0,340195
2022-06-24,pomorskie,PM,27,344939,0,5907,137,1993467,28,376346,0,340195
2022-06-25,pomorskie,PM,17,344956,0,5907,180,1993647,19,376365,0,340195
2022-06-26,pomorskie,PM,4,344960,0,5907,103,1993750,4,376369,0,340195
2022-06-27,pomorskie,PM,5,344965,0,5907,99,1993849,7,376376,0,340195
2022-06-28,pomorskie,PM,39,345004,2,5909,214,1994063,39,376415,0,340195
2022-06-29,pomorskie,PM,34,345038,1,5910,198,1994261,35,376450,0,340195
2022-06-30,pomorskie,PM,43,345081,0,5910,178,1994439,45,376495,0,340195
2022-07-01,pomorskie,PM,28,345109,0,5910,196,1994635,29,376524,1,340196
2022-07-02,pomorskie,PM,41,345150,0,5910,223,1994858,44,376568,0,340196
2022-07-03,pomorskie,PM,7,345157,0,5910,110,1994968,9,376577,1,340197
2022-07-04,pomorskie,PM,4,345161,0,5910,72,1995040,5,376582,1,340198
2022-07-05,pomorskie,PM,81,345242,0,5910,297,1995337,82,376664,0,340198
2022-07-06,pomorskie,PM,84,345326,0,5910,259,1995596,89,376753,0,340198
2022-07-07,pomorskie,PM,98,345424,0,5910,277,1995873,103,376856,0,340198
2022-07-08,pomorskie,PM,85,345509,0,5910,268,1996141,86,376942,0,340198
2022-07-09,pomorskie,PM,91,345600,0,5910,328,1996469,95,377037,0,340198
2022-07-10,pomorskie,PM,23,345623,0,5910,113,1996582,24,377061,0,340198
2022-07-11,pomorskie,PM,12,345635,0,5910,99,1996681,12,377073,0,340198
2022-07-12,pomorskie,PM,137,345772,0,5910,405,1997086,144,377217,1,340199
2022-07-13,pomorskie,PM,136,345908,0,5910,359,1997445,145,377362,0,340199
2022-07-14,pomorskie,PM,115,346023,0,5910,368,1997813,125,377487,0,340199
2022-07-15,pomorskie,PM,88,346111,0,5910,282,1998095,89,377576,0,340199
2022-07-16,pomorskie,PM,91,346202,0,5910,314,1998409,98,377674,2,340201
2022-07-17,pomorskie,PM,13,346215,0,5910,92,1998501,13,377687,2,340203
2022-07-18,pomorskie,PM,11,346226,0,5910,78,1998579,13,377700,0,340203
2022-07-19,pomorskie,PM,174,346400,0,5910,471,1999050,183,377883,0,340203
2022-07-20,pomorskie,PM,217,346617,1,5911,579,1999629,227,378110,1,340204
2022-07-21,pomorskie,PM,216,346833,1,5912,483,2000112,228,378338,0,340204
2022-07-22,pomorskie,PM,205,347038,0,5912,477,2000589,210,378548,0,340204
2022-07-23,pomorskie,PM,225,347263,1,5913,524,2001113,234,378782,0,340204
2022-07-24,pomorskie,PM,35,347298,0,5913,184,2001297,40,378822,0,340204
2022-07-25,pomorskie,PM,34,347332,0,5913,158,2001455,39,378861,0,340204
2022-07-26,pomorskie,PM,330,347662,1,5914,735,2002190,350,379211,0,340204
2022-07-27,pomorskie,PM,223,347885,0,5914,658,2002848,235,379446,0,340204
2022-07-28,pomorskie,PM,207,348092,0,5914,562,2003410,226,379672,0,340204
2022-07-29,pomorskie,PM,169,348261,0,5914,577,2003987,175,379847,0,340204
2022-07-30,pomorskie,PM,194,348455,1,5915,545,2004532,204,380051,0,340204
2022-07-31,pomorskie,PM,37,348492,0,5915,188,2004720,39,380090,2,340206
2022-08-01,pomorskie,PM,26,348518,0,5915,147,2004867,27,380117,0,340206
2022-08-02,pomorskie,PM,308,348826,0,5915,744,2005611,319,380436,2,340208
2022-08-03,pomorskie,PM,252,349078,6,5921,641,2006252,272,380708,0,340208
2022-08-04,pomorskie,PM,269,349347,0,5921,653,2006905,278,380986,2,340210
2022-08-05,pomorskie,PM,249,349596,0,5921,597,2007502,259,381245,0,340210
2022-08-06,pomorskie,PM,244,349840,1,5922,628,2008130,258,381503,0,340210
2022-08-07,pomorskie,PM,31,349871,0,5922,171,2008301,34,381537,1,340211
2022-08-08,pomorskie,PM,34,349905,0,5922,156,2008457,36,381573,1,340212
2022-08-09,pomorskie,PM,362,350267,0,5922,889,2009346,379,381952,0,340212
2022-08-10,pomorskie,PM,229,350496,2,5924,600,2009946,239,382191,0,340212
2022-08-11,pomorskie,PM,240,350736,0,5924,581,2010527,252,382443,1,340213
2022-08-12,pomorskie,PM,204,350940,0,5924,580,2011107,230,382673,0,340213
2022-08-13,pomorskie,PM,252,351192,3,5927,726,2011833,273,382946,1,340214
2022-08-14,pomorskie,PM,31,351223,0,5927,187,2012020,33,382979,1,340215
2022-08-15,pomorskie,PM,44,351267,0,5927,169,2012189,47,383026,1,340216
2022-08-16,pomorskie,PM,38,351305,0,5927,242,2012431,48,383074,0,340216
2022-08-17,pomorskie,PM,349,351654,2,5929,805,2013236,363,383437,0,340216
2022-08-18,pomorskie,PM,260,351914,1,5930,600,2013836,270,383707,0,340216
2022-08-19,pomorskie,PM,242,352156,6,5936,562,2014398,249,383956,1,340217
2022-08-20,pomorskie,PM,193,352349,0,5936,569,2014967,199,384155,0,340217
2022-08-21,pomorskie,PM,34,352383,0,5936,196,2015163,39,384194,0,340217
2022-08-22,pomorskie,PM,49,352432,0,5936,181,2015344,53,384247,1,340218
2022-08-23,pomorskie,PM,272,352704,0,5936,662,2016006,284,384531,0,340218
2022-08-24,pomorskie,PM,228,352932,2,5938,675,2016681,243,384774,0,340218
2022-08-25,pomorskie,PM,151,353083,0,5938,533,2017214,156,384930,0,340218
2022-08-26,pomorskie,PM,198,353281,5,5943,580,2017794,214,385144,0,340218
2022-08-27,pomorskie,PM,195,353476,1,5944,524,2018318,199,385343,0,340218
2022-08-28,pomorskie,PM,29,353505,0,5944,193,2018511,31,385374,0,340218
2022-08-29,pomorskie,PM,24,353529,0,5944,169,2018680,24,385398,0,340218
2022-08-30,pomorskie,PM,244,353773,0,5944,698,2019378,252,385650,0,340218
2022-08-31,pomorskie,PM,174,353947,0,5944,507,2019885,178,385828,0,340218
2022-09-01,pomorskie,PM,128,354075,2,5946,446,2020331,141,385969,0,340218
2022-09-02,pomorskie,PM,94,354169,3,5949,416,2020747,100,386069,0,340218
2022-09-03,pomorskie,PM,57,354226,0,5949,294,2021041,65,386134,0,340218
2022-09-04,pomorskie,PM,19,354245,0,5949,161,2021202,21,386155,0,340218
2022-09-05,pomorskie,PM,9,354254,0,5949,90,2021292,9,386164,0,340218
2022-09-06,pomorskie,PM,134,354388,1,5950,452,2021744,140,386304,0,340218
2022-09-07,pomorskie,PM,111,354499,2,5952,380,2022124,116,386420,0,340218
2022-09-08,pomorskie,PM,119,354618,0,5952,420,2022544,121,386541,0,340218
2022-09-09,pomorskie,PM,241,354859,0,5952,609,2023153,247,386788,0,340218
2022-09-10,pomorskie,PM,133,354992,0,5952,465,2023618,142,386930,0,340218
2022-09-11,pomorskie,PM,22,355014,0,5952,128,2023746,25,386955,0,340218
2022-09-12,pomorskie,PM,30,355044,0,5952,156,2023902,31,386986,0,340218
2022-09-13,pomorskie,PM,251,355295,2,5954,697,2024599,260,387246,0,340218
2022-09-14,pomorskie,PM,327,355622,2,5956,931,2025530,338,387584,0,340218
2022-09-15,pomorskie,PM,263,355885,1,5957,822,2026352,276,387860,0,340218
2022-09-16,pomorskie,PM,116,356001,0,5957,436,2026788,129,387989,0,340218
2022-09-17,pomorskie,PM,147,356148,0,5957,594,2027382,160,388149,0,340218
2022-09-18,pomorskie,PM,35,356183,0,5957,187,2027569,37,388186,0,340218
2022-09-19,pomorskie,PM,28,356211,0,5957,164,2027733,32,388218,0,340218
2022-09-20,pomorskie,PM,251,356462,1,5958,877,2028610,270,388488,0,340218
2022-09-21,pomorskie,PM,162,356624,4,5962,702,2029312,167,388655,0,340218
2022-09-22,pomorskie,PM,281,356905,2,5964,906,2030218,300,388955,0,340218
2022-09-23,pomorskie,PM,263,357168,0,5964,851,2031069,276,389231,0,340218
2022-09-24,pomorskie,PM,155,357323,1,5965,665,2031734,165,389396,0,340218
2022-09-25,pomorskie,PM,17,357340,0,5965,144,2031878,21,389417,0,340218
2022-09-26,pomorskie,PM,22,357362,0,5965,119,2031997,22,389439,0,340218
2022-09-27,pomorskie,PM,201,357563,0,5965,876,2032873,217,389656,0,340218
2022-09-28,pomorskie,PM,139,357702,0,5965,607,2033480,148,389804,0,340218
2022-09-29,pomorskie,PM,203,357905,1,5966,738,2034218,212,390016,0,340218
2022-09-30,pomorskie,PM,207,358112,1,5967,804,2035022,221,390237,0,340218
2022-10-01,pomorskie,PM,162,358274,3,5970,654,2035676,174,390411,0,340218
2022-10-02,pomorskie,PM,11,358285,0,5970,91,2035767,12,390423,0,340218
2022-10-03,pomorskie,PM,15,358300,0,5970,58,2035825,15,390438,0,340218
2022-10-04,pomorskie,PM,230,358530,1,5971,741,2036566,244,390682,0,340218
2022-10-05,pomorskie,PM,171,358701,0,5971,685,2037251,181,390863,0,340218
2022-10-06,pomorskie,PM,125,358826,2,5973,545,2037796,129,390992,0,340218
2022-10-07,pomorskie,PM,115,358941,5,5978,577,2038373,126,391118,0,340218
2022-10-08,pomorskie,PM,172,359113,0,5978,923,2039296,192,391310,0,340218
2022-10-09,pomorskie,PM,16,359129,0,5978,249,2039545,25,391335,0,340218
2022-10-10,pomorskie,PM,14,359143,0,5978,121,2039666,17,391352,0,340218
2022-10-11,pomorskie,PM,162,359305,1,5979,737,2040403,174,391526,0,340218
2022-10-12,pomorskie,PM,109,359414,1,5980,633,2041036,116,391642,0,340218
2022-10-13,pomorskie,PM,98,359512,0,5980,506,2041542,105,391747,0,340218
2022-10-14,pomorskie,PM,69,359581,0,5980,515,2042057,76,391823,0,340218
2022-10-15,pomorskie,PM,72,359653,1,5981,416,2042473,79,391902,0,340218
2022-10-16,pomorskie,PM,25,359678,0,5981,116,2042589,26,391928,0,340218
2022-10-17,pomorskie,PM,15,359693,0,5981,236,2042825,21,391949,0,340218
2022-10-18,pomorskie,PM,111,359804,0,5981,642,2043467,117,392066,0,340218
2022-10-19,pomorskie,PM,63,359867,0,5981,381,2043848,65,392131,0,340218
2022-10-20,pomorskie,PM,54,359921,0,5981,428,2044276,58,392189,0,340218
2022-10-21,pomorskie,PM,65,359986,1,5982,349,2044625,70,392259,0,340218
2022-10-22,pomorskie,PM,62,360048,1,5983,402,2045027,69,392328,0,340218
2022-10-23,pomorskie,PM,9,360057,0,5983,82,2045109,9,392337,0,340218
2022-10-24,pomorskie,PM,14,360071,0,5983,426,2045535,25,392362,0,340218
2022-10-25,pomorskie,PM,75,360146,0,5983,477,2046012,78,392440,0,340218
2022-10-26,pomorskie,PM,59,360205,1,5984,426,2046438,62,392502,0,340218
2022-10-27,pomorskie,PM,51,360256,3,5987,616,2047054,60,392562,0,340218
2022-10-28,pomorskie,PM,54,360310,2,5989,353,2047407,57,392619,0,340218
2022-10-29,pomorskie,PM,40,360350,1,5990,276,2047683,42,392661,0,340218
2022-10-30,pomorskie,PM,9,360359,0,5990,76,2047759,9,392670,0,340218
2022-10-31,pomorskie,PM,13,360372,0,5990,251,2048010,15,392685,0,340218
2022-11-01,pomorskie,PM,45,360417,0,5990,415,2048425,47,392732,0,340218
2022-11-02,pomorskie,PM,10,360427,0,5990,212,2048637,14,392746,0,340218
2022-11-03,pomorskie,PM,47,360474,1,5991,426,2049063,47,392793,0,340218
2022-11-04,pomorskie,PM,44,360518,3,5994,530,2049593,48,392841,0,340218
2022-11-05,pomorskie,PM,24,360542,0,5994,254,2049847,26,392867,0,340218
2022-11-06,pomorskie,PM,9,360551,0,5994,119,2049966,11,392878,0,340218
2022-11-07,pomorskie,PM,18,360569,0,5994,241,2050207,20,392898,0,340218
2022-11-08,pomorskie,PM,44,360613,0,5994,355,2050562,45,392943,0,340218
2022-11-09,pomorskie,PM,35,360648,0,5994,356,2050918,38,392981,0,340218
2022-11-10,pomorskie,PM,28,360676,0,5994,323,2051241,31,393012,0,340218
2022-11-11,pomorskie,PM,26,360702,0,5994,209,2051450,28,393040,0,340218
2022-11-12,pomorskie,PM,10,360712,0,5994,215,2051665,11,393051,0,340218
2022-11-13,pomorskie,PM,6,360718,0,5994,82,2051747,6,393057,0,340218
2022-11-14,pomorskie,PM,7,360725,0,5994,99,2051846,7,393064,0,340218
2022-11-15,pomorskie,PM,38,360763,1,5995,375,2052221,41,393105,0,340218
2022-11-16,pomorskie,PM,35,360798,1,5996,563,2052784,39,393144,0,340218
2022-11-17,pomorskie,PM,25,360823,0,5996,254,2053038,26,393170,0,340218
2022-11-18,pomorskie,PM,24,360847,1,5997,298,2053336,28,393198,0,340218
2022-11-19,pomorskie,PM,20,360867,2,5999,249,2053585,24,393222,0,340218
2022-11-20,pomorskie,PM,1,360868,0,5999,63,2053648,3,393225,0,340218
2022-11-21,pomorskie,PM,8,360876,0,5999,254,2053902,9,393234,0,340218
2022-11-22,pomorskie,PM,31,360907,0,5999,285,2054187,31,393265,0,340218
2022-11-23,pomorskie,PM,29,360936,0,5999,308,2054495,33,393298,0,340218
2022-11-24,pomorskie,PM,41,360977,0,5999,453,2054948,45,393343,0,340218
2022-11-25,pomorskie,PM,22,360999,1,6000,289,2055237,24,393367,0,340218
2022-11-26,pomorskie,PM,28,361027,1,6001,182,2055419,29,393396,0,340218
2022-11-27,pomorskie,PM,8,361035,0,6001,339,2055758,11,393407,0,340218
2022-11-28,pomorskie,PM,6,361041,0,6001,63,2055821,7,393414,0,340218
2022-11-29,pomorskie,PM,37,361078,0,6001,376,2056197,48,393462,0,340218
2022-11-30,pomorskie,PM,34,361112,0,6001,262,2056459,40,393502,0,340218
2022-12-01,pomorskie,PM,28,361140,0,6001,487,2056946,36,393538,0,340218
2022-12-02,pomorskie,PM,26,361166,0,6001,304,2057250,28,393566,0,340218
2022-12-03,pomorskie,PM,31,361197,0,6001,236,2057486,32,393598,0,340218
2022-12-04,pomorskie,PM,9,361206,0,6001,228,2057714,11,393609,0,340218
2022-12-05,pomorskie,PM,8,361214,0,6001,103,2057817,10,393619,0,340218
2022-12-06,pomorskie,PM,59,361273,0,6001,389,2058206,61,393680,0,340218
2022-12-07,pomorskie,PM,33,361306,0,6001,241,2058447,33,393713,0,340218
2022-12-08,pomorskie,PM,52,361358,1,6002,547,2058994,62,393775,0,340218
2022-12-09,pomorskie,PM,2,361360,1,6003,235,2059229,3,393778,0,340218
2022-12-10,pomorskie,PM,10,361370,0,6003,180,2059409,10,393788,0,340218
2022-12-11,pomorskie,PM,5,361375,0,6003,70,2059479,5,393793,0,340218
2022-12-12,pomorskie,PM,18,361393,0,6003,143,2059622,18,393811,0,340218
2022-12-13,pomorskie,PM,48,361441,1,6004,585,2060207,51,393862,0,340218
2022-12-14,pomorskie,PM,39,361480,1,6005,508,2060715,44,393906,0,340218
2022-12-15,pomorskie,PM,39,361519,1,6006,393,2061108,39,393945,0,340218
2022-12-16,pomorskie,PM,32,361551,0,6006,327,2061435,37,393982,0,340218
2022-12-17,pomorskie,PM,33,361584,0,6006,308,2061743,36,394018,0,340218
2022-12-18,pomorskie,PM,3,361587,0,6006,92,2061835,3,394021,0,340218
2022-12-19,pomorskie,PM,9,361596,0,6006,102,2061937,9,394030,0,340218
2022-12-20,pomorskie,PM,56,361652,0,6006,671,2062608,60,394090,0,340218
2022-12-21,pomorskie,PM,46,361698,0,6006,353,2062961,48,394138,0,340218
2022-12-22,pomorskie,PM,32,361730,1,6007,336,2063297,33,394171,0,340218
2022-12-23,pomorskie,PM,45,361775,0,6007,463,2063760,53,394224,0,340218
2022-12-24,pomorskie,PM,40,361815,1,6008,309,2064069,44,394268,0,340218
2022-12-25,pomorskie,PM,6,361821,0,6008,111,2064180,7,394275,0,340218
2022-12-26,pomorskie,PM,17,361838,0,6008,373,2064553,23,394298,0,340218
2022-12-27,pomorskie,PM,13,361851,0,6008,121,2064674,14,394312,0,340218
2022-12-28,pomorskie,PM,46,361897,0,6008,436,2065110,48,394360,0,340218
2022-12-29,pomorskie,PM,22,361919,0,6008,320,2065430,25,394385,0,340218
2022-12-30,pomorskie,PM,42,361961,1,6009,423,2065853,47,394432,0,340218
2022-12-31,pomorskie,PM,33,361994,1,6010,474,2066327,37,394469,0,340218
2023-01-01,pomorskie,PM,6,362000,0,6010,126,2066453,7,394476,0,340218
2023-01-02,pomorskie,PM,7,362007,0,6010,182,2066635,9,394485,0,340218
2023-01-03,pomorskie,PM,29,362036,0,6010,325,2066960,32,394517,0,340218
2023-01-04,pomorskie,PM,37,362073,0,6010,649,2067609,43,394560,0,340218
2023-01-05,pomorskie,PM,35,362108,2,6012,564,2068173,53,394613,0,340218
2023-01-06,pomorskie,PM,33,362141,0,6012,237,2068410,35,394648,0,340218
2023-01-07,pomorskie,PM,16,362157,0,6012,260,2068670,16,394664,0,340218
2023-01-08,pomorskie,PM,9,362166,0,6012,93,2068763,10,394674,0,340218
2023-01-09,pomorskie,PM,3,362169,0,6012,106,2068869,3,394677,0,340218
2023-01-10,pomorskie,PM,27,362196,0,6012,242,2069111,29,394706,0,340218
2023-01-11,pomorskie,PM,15,362211,0,6012,165,2069276,16,394722,0,340218
2023-01-12,pomorskie,PM,13,362224,3,6015,169,2069445,13,394735,0,340218
2023-01-13,pomorskie,PM,14,362238,0,6015,361,2069806,15,394750,0,340218
2023-01-14,pomorskie,PM,15,362253,0,6015,186,2069992,16,394766,0,340218
2023-01-15,pomorskie,PM,2,362255,0,6015,168,2070160,4,394770,0,340218
2023-01-16,pomorskie,PM,2,362257,0,6015,72,2070232,2,394772,0,340218
2023-01-17,pomorskie,PM,19,362276,0,6015,154,2070386,21,394793,0,340218
2023-01-18,pomorskie,PM,10,362286,0,6015,139,2070525,11,394804,0,340218
2023-01-19,pomorskie,PM,17,362303,1,6016,206,2070731,18,394822,0,340218
2023-01-20,pomorskie,PM,9,362312,0,6016,138,2070869,10,394832,0,340218
2023-01-21,pomorskie,PM,17,362329,0,6016,158,2071027,17,394849,0,340218
2023-01-22,pomorskie,PM,4,362333,0,6016,47,2071074,5,394854,0,340218
2023-01-23,pomorskie,PM,1,362334,0,6016,165,2071239,3,394857,0,340218
2023-01-24,pomorskie,PM,31,362365,3,6019,224,2071463,32,394889,0,340218
2023-01-25,pomorskie,PM,15,362380,0,6019,90,2071553,16,394905,0,340218
2023-01-26,pomorskie,PM,16,362396,0,6019,215,2071768,19,394924,0,340218
2023-01-27,pomorskie,PM,10,362406,0,6019,95,2071863,10,394934,0,340218
2023-01-28,pomorskie,PM,17,362423,0,6019,129,2071992,17,394951,0,340218
2023-01-29,pomorskie,PM,4,362427,0,6019,29,2072021,4,394955,0,340218
2023-01-30,pomorskie,PM,4,362431,0,6019,23,2072044,4,394959,0,340218
2023-01-31,pomorskie,PM,36,362467,0,6019,167,2072211,36,394995,0,340218
2023-02-01,pomorskie,PM,50,362517,1,6020,306,2072517,53,395048,0,340218
2023-02-02,pomorskie,PM,37,362554,0,6020,136,2072653,40,395088,0,340218
2023-02-03,pomorskie,PM,45,362599,0,6020,312,2072965,50,395138,0,340218
2023-02-04,pomorskie,PM,30,362629,0,6020,214,2073179,36,395174,0,340218
2023-02-05,pomorskie,PM,7,362636,0,6020,38,2073217,7,395181,0,340218
2023-02-06,pomorskie,PM,9,362645,0,6020,209,2073426,12,395193,0,340218
2023-02-07,pomorskie,PM,60,362705,0,6020,375,2073801,73,395266,0,340218
2023-02-08,pomorskie,PM,47,362752,1,6021,227,2074028,47,395313,0,340218
2023-02-09,pomorskie,PM,58,362810,0,6021,408,2074436,73,395386,0,340218
2023-02-10,pomorskie,PM,48,362858,0,6021,217,2074653,51,395437,0,340218
2023-02-11,pomorskie,PM,55,362913,0,6021,296,2074949,57,395494,0,340218
2023-02-12,pomorskie,PM,7,362920,0,6021,48,2074997,8,395502,0,340218
2023-02-13,pomorskie,PM,11,362931,0,6021,120,2075117,12,395514,0,340218
2023-02-14,pomorskie,PM,92,363023,1,6022,406,2075523,97,395611,0,340218
2023-02-15,pomorskie,PM,63,363086,0,6022,292,2075815,67,395678,0,340218
2023-02-16,pomorskie,PM,74,363160,0,6022,365,2076180,79,395757,0,340218
2023-02-17,pomorskie,PM,76,363236,0,6022,310,2076490,80,395837,0,340218
2023-02-18,pomorskie,PM,73,363309,0,6022,306,2076796,79,395916,0,340218
2023-02-19,pomorskie,PM,11,363320,0,6022,64,2076860,12,395928,0,340218
2023-02-20,pomorskie,PM,8,363328,0,6022,103,2076963,8,395936,0,340218
2023-02-21,pomorskie,PM,160,363488,1,6023,548,2077511,167,396103,0,340218
2023-02-22,pomorskie,PM,128,363616,0,6023,546,2078057,137,396240,0,340218
2023-02-23,pomorskie,PM,119,363735,1,6024,455,2078512,134,396374,0,340218
2023-02-24,pomorskie,PM,116,363851,0,6024,326,2078838,119,396493,0,340218
2023-02-25,pomorskie,PM,115,363966,1,6025,369,2079207,124,396617,0,340218
2023-02-26,pomorskie,PM,39,364005,0,6025,386,2079593,46,396663,0,340218
2023-02-27,pomorskie,PM,20,364025,0,6025,80,2079673,24,396687,0,340218
2023-02-28,pomorskie,PM,182,364207,0,6025,524,2080197,188,396875,0,340218
2023-03-01,pomorskie,PM,149,364356,0,6025,543,2080740,163,397038,0,340218
2023-03-02,pomorskie,PM,163,364519,1,6026,423,2081163,171,397209,0,340218
2023-03-03,pomorskie,PM,156,364675,0,6026,514,2081677,160,397369,0,340218
2023-03-04,pomorskie,PM,155,364830,0,6026,529,2082206,158,397527,0,340218
2023-03-05,pomorskie,PM,30,364860,0,6026,105,2082311,30,397557,0,340218
2023-03-06,pomorskie,PM,26,364886,0,6026,177,2082488,49,397606,0,340218
2023-03-07,pomorskie,PM,238,365124,0,6026,646,2083134,249,397855,0,340218
2023-03-08,pomorskie,PM,185,365309,1,6027,589,2083723,191,398046,0,340218
2023-03-09,pomorskie,PM,152,365461,2,6029,534,2084257,166,398212,0,340218
2023-03-10,pomorskie,PM,149,365610,1,6030,569,2084826,161,398373,0,340218
2023-03-11,pomorskie,PM,141,365751,0,6030,463,2085289,151,398524,0,340218
2023-03-12,pomorskie,PM,36,365787,0,6030,111,2085400,37,398561,0,340218
2023-03-13,pomorskie,PM,34,365821,0,6030,144,2085544,36,398597,0,340218
2023-03-14,pomorskie,PM,221,366042,0,6030,755,2086299,235,398832,0,340218
2023-03-15,pomorskie,PM,185,366227,2,6032,573,2086872,190,399022,0,340218
2023-03-16,pomorskie,PM,187,366414,0,6032,601,2087473,203,399225,0,340218
2023-03-17,pomorskie,PM,154,366568,2,6034,614,2088087,165,399390,0,340218
2023-03-18,pomorskie,PM,119,366687,1,6035,490,2088577,143,399533,0,340218
2023-03-19,pomorskie,PM,17,366704,0,6035,111,2088688,17,399550,0,340218
2023-03-20,pomorskie,PM,23,366727,0,6035,208,2088896,25,399575,0,340218
2023-03-21,pomorskie,PM,218,366945,1,6036,707,2089603,229,399804,0,340218
2023-03-22,pomorskie,PM,147,367092,0,6036,583,2090186,157,399961,0,340218
2023-03-23,pomorskie,PM,141,367233,4,6040,647,2090833,156,400117,0,340218
2023-03-24,pomorskie,PM,102,367335,1,6041,465,2091298,111,400228,0,340218
2023-03-25,pomorskie,PM,108,367443,0,6041,493,2091791,117,400345,0,340218
2023-03-26,pomorskie,PM,20,367463,0,6041,102,2091893,20,400365,0,340218
2023-03-27,pomorskie,PM,22,367485,0,6041,152,2092045,22,400387,0,340218
2023-03-28,pomorskie,PM,136,367621,1,6042,547,2092592,141,400528,0,340218
2023-03-29,pomorskie,PM,79,367700,0,6042,521,2093113,117,400645,0,340218
2023-03-30,pomorskie,PM,61,367761,2,6044,408,2093521,72,400717,0,340218
2023-03-31,pomorskie,PM,72,367833,2,6046,308,2093829,74,400791,0,340218
2023-04-01,pomorskie,PM,105,367938,2,6048,519,2094348,117,400908,0,340218
2023-04-02,pomorskie,PM,3,367941,0,6048,80,2094428,6,400914,0,340218
2023-04-03,pomorskie,PM,7,367948,0,6048,80,2094508,7,400921,0,340218
2023-04-04,pomorskie,PM,94,368042,0,6048,416,2094924,96,401017,0,340218
2023-04-05,pomorskie,PM,60,368102,0,6048,374,2095298,62,401079,0,340218
2023-04-06,pomorskie,PM,61,368163,0,6048,427,2095725,69,401148,0,340218
2023-04-07,pomorskie,PM,39,368202,2,6050,189,2095914,42,401190,0,340218
2023-04-08,pomorskie,PM,48,368250,0,6050,318,2096232,57,401247,0,340218
2023-04-09,pomorskie,PM,7,368257,0,6050,101,2096333,10,401257,0,340218
2023-04-10,pomorskie,PM,6,368263,0,6050,105,2096438,8,401265,0,340218
2023-04-11,pomorskie,PM,8,368271,0,6050,82,2096520,8,401273,0,340218
2023-04-12,pomorskie,PM,56,368327,1,6051,396,2096916,60,401333,0,340218
2023-04-13,pomorskie,PM,58,368385,1,6052,379,2097295,73,401406,0,340218
2023-04-14,pomorskie,PM,42,368427,1,6053,321,2097616,50,401456,0,340218
2023-04-15,pomorskie,PM,37,368464,2,6055,354,2097970,49,401505,0,340218
2023-04-16,pomorskie,PM,6,368470,0,6055,69,2098039,7,401512,0,340218
2023-04-17,pomorskie,PM,4,368474,0,6055,104,2098143,6,401518,0,340218
2023-04-18,pomorskie,PM,48,368522,0,6055,324,2098467,48,401566,0,340218
2023-04-19,pomorskie,PM,40,368562,0,6055,272,2098739,45,401611,0,340218
2023-04-20,pomorskie,PM,27,368589,0,6055,432,2099171,32,401643,0,340218
2023-04-21,pomorskie,PM,12,368601,1,6056,134,2099305,15,401658,0,340218
2023-04-22,pomorskie,PM,13,368614,1,6057,249,2099554,14,401672,0,340218
2023-04-23,pomorskie,PM,2,368616,0,6057,37,2099591,4,401676,0,340218
2023-04-24,pomorskie,PM,5,368621,0,6057,173,2099764,9,401685,0,340218
2023-04-25,pomorskie,PM,26,368647,0,6057,310,2100074,27,401712,0,340218
2023-04-26,pomorskie,PM,20,368667,0,6057,189,2100263,29,401741,0,340218
2023-04-27,pomorskie,PM,12,368679,1,6058,242,2100505,13,401754,0,340218
2023-04-28,pomorskie,PM,19,368698,0,6058,213,2100718,23,401777,0,340218
2023-04-29,pomorskie,PM,14,368712,0,6058,195,2100913,15,401792,0,340218
2023-04-30,pomorskie,PM,2,368714,0,6058,44,2100957,3,401795,0,340218
2023-05-01,pomorskie,PM,4,368718,0,6058,72,2101029,7,401802,0,340218
2023-05-02,pomorskie,PM,2,368720,0,6058,61,2101090,4,401806,0,340218
2023-05-03,pomorskie,PM,12,368732,0,6058,194,2101284,12,401818,0,340218
2023-05-04,pomorskie,PM,2,368734,0,6058,35,2101319,2,401820,0,340218
2023-05-05,pomorskie,PM,8,368742,0,6058,194,2101513,12,401832,0,340218
2023-05-06,pomorskie,PM,9,368751,0,6058,151,2101664,11,401843,0,340218
2023-05-07,pomorskie,PM,2,368753,0,6058,70,2101734,2,401845,0,340218
2023-05-08,pomorskie,PM,2,368755,0,6058,45,2101779,3,401848,0,340218
2023-05-09,pomorskie,PM,9,368764,0,6058,238,2102017,9,401857,0,340218
2023-05-10,pomorskie,PM,5,368769,0,6058,191,2102208,7,401864,0,340218
2023-05-11,pomorskie,PM,6,368775,0,6058,186,2102394,8,401872,0,340218
2023-05-12,pomorskie,PM,5,368780,1,6059,85,2102479,5,401877,0,340218
2023-05-13,pomorskie,PM,5,368785,0,6059,139,2102618,6,401883,0,340218
2023-05-14,pomorskie,PM,3,368788,0,6059,32,2102650,3,401886,0,340218
2023-05-15,pomorskie,PM,0,368788,0,6059,85,2102735,1,401887,0,340218
2023-05-16,pomorskie,PM,14,368802,0,6059,153,2102888,17,401904,0,340218
2023-05-17,pomorskie,PM,1,368803,2,6061,114,2103002,3,401907,0,340218
2023-05-18,pomorskie,PM,13,368816,0,6061,220,2103222,16,401923,0,340218
2023-05-19,pomorskie,PM,8,368824,0,6061,87,2103309,8,401931,0,340218
2023-05-20,pomorskie,PM,6,368830,0,6061,137,2103446,11,401942,0,340218
2023-05-21,pomorskie,PM,1,368831,0,6061,23,2103469,1,401943,0,340218
2023-05-22,pomorskie,PM,3,368834,0,6061,48,2103517,3,401946,0,340218
2023-05-23,pomorskie,PM,11,368845,0,6061,122,2103639,11,401957,0,340218
2023-05-24,pomorskie,PM,8,368853,0,6061,156,2103795,11,401968,0,340218
2023-05-25,pomorskie,PM,3,368856,0,6061,82,2103877,3,401971,0,340218
2023-05-26,pomorskie,PM,8,368864,0,6061,195,2104072,8,401979,0,340218
2023-05-27,pomorskie,PM,2,368866,1,6062,103,2104175,2,401981,0,340218
2023-05-28,pomorskie,PM,0,368866,0,6062,32,2104207,0,401981,0,340218
2023-05-29,pomorskie,PM,4,368870,0,6062,325,2104532,4,401985,0,340218
2023-05-30,pomorskie,PM,6,368876,0,6062,120,2104652,6,401991,0,340218
2023-05-31,pomorskie,PM,3,368879,0,6062,116,2104768,4,401995,0,340218
2023-06-01,pomorskie,PM,3,368882,1,6063,264,2105032,3,401998,0,340218
2023-06-02,pomorskie,PM,2,368884,0,6063,58,2105090,2,402000,0,340218
2023-06-03,pomorskie,PM,4,368888,1,6064,68,2105158,4,402004,0,340218
2023-06-04,pomorskie,PM,0,368888,0,6064,28,2105186,0,402004,0,340218
2023-06-05,pomorskie,PM,1,368889,0,6064,25,2105211,2,402006,0,340218
2023-06-06,pomorskie,PM,5,368894,0,6064,237,2105448,5,402011,0,340218
2023-06-07,pomorskie,PM,5,368899,0,6064,84,2105532,5,402016,0,340218
2023-06-08,pomorskie,PM,5,368904,0,6064,71,2105603,5,402021,0,340218
2023-06-09,pomorskie,PM,1,368905,0,6064,20,2105623,1,402022,0,340218
2023-06-10,pomorskie,PM,2,368907,1,6065,73,2105696,2,402024,0,340218
2023-06-11,pomorskie,PM,0,368907,0,6065,16,2105712,0,402024,0,340218
2023-06-12,pomorskie,PM,0,368907,0,6065,17,2105729,0,402024,0,340218
2023-06-13,pomorskie,PM,1,368908,0,6065,238,2105967,2,402026,0,340218
2023-06-14,pomorskie,PM,2,368910,0,6065,124,2106091,4,402030,0,340218
2023-06-15,pomorskie,PM,1,368911,0,6065,45,2106136,1,402031,0,340218
2023-06-16,pomorskie,PM,0,368911,0,6065,66,2106202,0,402031,0,340218
2023-06-17,pomorskie,PM,1,368912,0,6065,58,2106260,2,402033,0,340218
2023-06-18,pomorskie,PM,0,368912,0,6065,18,2106278,0,402033,0,340218
2023-06-19,pomorskie,PM,2,368914,0,6065,150,2106428,3,402036,0,340218
2023-06-20,pomorskie,PM,3,368917,1,6066,61,2106489,3,402039,0,340218
2023-06-21,pomorskie,PM,3,368920,0,6066,125,2106614,3,402042,0,340218
2023-06-22,pomorskie,PM,0,368920,0,6066,76,2106690,0,402042,0,340218
2023-06-23,pomorskie,PM,0,368920,0,6066,59,2106749,0,402042,0,340218
2023-06-24,pomorskie,PM,2,368922,0,6066,57,2106806,2,402044,0,340218
2023-06-25,pomorskie,PM,1,368923,0,6066,15,2106821,1,402045,0,340218
2023-06-26,pomorskie,PM,0,368923,0,6066,180,2107001,1,402046,0,340218
2023-06-27,pomorskie,PM,0,368923,0,6066,78,2107079,0,402046,0,340218
2023-06-28,pomorskie,PM,1,368924,0,6066,87,2107166,3,402049,0,340218
2023-06-29,pomorskie,PM,0,368924,0,6066,30,2107196,0,402049,0,340218
2023-06-30,pomorskie,PM,3,368927,0,6066,101,2107297,3,402052,0,340218
2023-07-01,pomorskie,PM,0,368927,0,6066,21,2107318,0,402052,0,340218
2023-07-02,pomorskie,PM,1,368928,0,6066,20,2107338,1,402053,0,340218
2023-07-03,pomorskie,PM,0,368928,0,6066,14,2107352,0,402053,0,340218
2023-07-04,pomorskie,PM,2,368930,0,6066,127,2107479,10,402063,0,340218
2023-07-05,pomorskie,PM,1,368931,1,6067,26,2107505,1,402064,0,340218
2023-07-06,pomorskie,PM,0,368931,0,6067,15,2107520,0,402064,0,340218
2023-07-07,pomorskie,PM,0,368931,0,6067,29,2107549,0,402064,0,340218
2023-07-08,pomorskie,PM,1,368932,0,6067,24,2107573,1,402065,0,340218
2023-07-09,pomorskie,PM,1,368933,0,6067,12,2107585,1,402066,0,340218
2023-07-10,pomorskie,PM,0,368933,0,6067,22,2107607,0,402066,0,340218
2023-07-11,pomorskie,PM,0,368933,0,6067,29,2107636,0,402066,0,340218
2023-07-12,pomorskie,PM,1,368934,0,6067,18,2107654,1,402067,0,340218
2023-07-13,pomorskie,PM,4,368938,0,6067,192,2107846,6,402073,0,340218
2023-07-14,pomorskie,PM,0,368938,0,6067,9,2107855,0,402073,0,340218
2023-07-15,pomorskie,PM,0,368938,0,6067,6,2107861,0,402073,0,340218
2023-07-16,pomorskie,PM,0,368938,0,6067,51,2107912,0,402073,0,340218
2023-07-17,pomorskie,PM,0,368938,0,6067,13,2107925,0,402073,0,340218
2023-07-18,pomorskie,PM,0,368938,0,6067,10,2107935,0,402073,0,340218
2023-07-19,pomorskie,PM,0,368938,0,6067,31,2107966,0,402073,0,340218
2023-07-20,pomorskie,PM,1,368939,0,6067,22,2107988,1,402074,0,340218
2023-07-21,pomorskie,PM,1,368940,0,6067,11,2107999,1,402075,0,340218
2023-07-22,pomorskie,PM,0,368940,0,6067,19,2108018,0,402075,0,340218
2023-07-23,pomorskie,PM,0,368940,0,6067,13,2108031,0,402075,0,340218
2023-07-24,pomorskie,PM,1,368941,0,6067,65,2108096,1,402076,0,340218
2023-07-25,pomorskie,PM,0,368941,0,6067,20,2108116,0,402076,0,340218
2023-07-26,pomorskie,PM,1,368942,0,6067,15,2108131,1,402077,0,340218
2023-07-27,pomorskie,PM,0,368942,1,6068,5,2108136,0,402077,0,340218
2023-07-28,pomorskie,PM,0,368942,0,6068,4,2108140,0,402077,0,340218
2023-07-29,pomorskie,PM,3,368945,0,6068,63,2108203,3,402080,0,340218
2023-07-30,pomorskie,PM,0,368945,0,6068,2,2108205,0,402080,0,340218
2023-07-31,pomorskie,PM,0,368945,0,6068,5,2108210,0,402080,0,340218
2023-08-01,pomorskie,PM,1,368946,0,6068,33,2108243,1,402081,0,340218
2023-08-02,pomorskie,PM,1,368947,0,6068,12,2108255,1,402082,0,340218
2023-08-03,pomorskie,PM,0,368947,0,6068,34,2108289,0,402082,0,340218
2023-08-04,pomorskie,PM,1,368948,0,6068,11,2108300,1,402083,0,340218
2023-08-05,pomorskie,PM,0,368948,0,6068,13,2108313,0,402083,0,340218
2023-08-06,pomorskie,PM,1,368949,0,6068,3,2108316,1,402084,0,340218
2023-08-07,pomorskie,PM,0,368949,0,6068,5,2108321,0,402084,0,340218
2023-08-08,pomorskie,PM,1,368950,0,6068,18,2108339,1,402085,0,340218
2023-08-09,pomorskie,PM,2,368952,0,6068,8,2108347,2,402087,0,340218
2023-08-10,pomorskie,PM,1,368953,0,6068,6,2108353,1,402088,0,340218
2023-08-11,pomorskie,PM,0,368953,0,6068,2,2108355,0,402088,0,340218
2023-08-12,pomorskie,PM,4,368957,0,6068,10,2108365,4,402092,0,340218
2023-08-13,pomorskie,PM,0,368957,0,6068,3,2108368,0,402092,0,340218
2023-08-14,pomorskie,PM,0,368957,0,6068,3,2108371,0,402092,0,340218
2023-08-15,pomorskie,PM,1,368958,0,6068,11,2108382,1,402093,0,340218
2023-08-16,pomorskie,PM,0,368958,0,6068,1,2108383,0,402093,0,340218
2023-08-17,pomorskie,PM,3,368961,0,6068,152,2108535,3,402096,0,340218
2023-08-18,pomorskie,PM,3,368964,0,6068,6,2108541,3,402099,0,340218
2023-08-19,pomorskie,PM,1,368965,0,6068,14,2108555,1,402100,0,340218
2023-08-20,pomorskie,PM,0,368965,0,6068,1,2108556,0,402100,0,340218
2023-08-21,pomorskie,PM,0,368965,0,6068,4,2108560,0,402100,0,340218
2023-08-22,pomorskie,PM,6,368971,0,6068,16,2108576,6,402106,0,340218
2023-08-23,pomorskie,PM,2,368973,0,6068,54,2108630,3,402109,0,340218
2023-08-24,pomorskie,PM,4,368977,0,6068,10,2108640,4,402113,0,340218
2023-08-25,pomorskie,PM,2,368979,0,6068,43,2108683,2,402115,0,340218
2023-08-26,pomorskie,PM,1,368980,0,6068,15,2108698,1,402116,0,340218
2023-08-27,pomorskie,PM,0,368980,0,6068,6,2108704,0,402116,0,340218
2023-08-28,pomorskie,PM,2,368982,0,6068,5,2108709,2,402118,0,340218
2023-08-29,pomorskie,PM,6,368988,0,6068,23,2108732,6,402124,0,340218
2023-08-30,pomorskie,PM,3,368991,0,6068,48,2108780,3,402127,0,340218
2023-08-31,pomorskie,PM,4,368995,0,6068,14,2108794,4,402131,0,340218
2023-09-01,pomorskie,PM,5,369000,0,6068,17,2108811,5,402136,0,340218
2023-09-02,pomorskie,PM,5,369005,0,6068,13,2108824,5,402141,0,340218
2023-09-03,pomorskie,PM,0,369005,0,6068,1,2108825,0,402141,0,340218
2023-09-04,pomorskie,PM,0,369005,0,6068,5,2108830,0,402141,0,340218
2023-09-05,pomorskie,PM,2,369007,0,6068,15,2108845,2,402143,0,340218
2023-09-06,pomorskie,PM,1,369008,0,6068,16,2108861,1,402144,0,340218
2023-09-07,pomorskie,PM,6,369014,0,6068,22,2108883,6,402150,0,340218
2023-09-08,pomorskie,PM,7,369021,0,6068,133,2109016,10,402160,0,340218
2023-09-09,pomorskie,PM,7,369028,0,6068,22,2109038,7,402167,0,340218
2023-09-10,pomorskie,PM,1,369029,0,6068,5,2109043,1,402168,0,340218
2023-09-11,pomorskie,PM,1,369030,0,6068,37,2109080,1,402169,0,340218
2023-09-12,pomorskie,PM,13,369043,0,6068,32,2109112,13,402182,0,340218
2023-09-13,pomorskie,PM,10,369053,0,6068,46,2109158,10,402192,0,340218
2023-09-14,pomorskie,PM,9,369062,0,6068,29,2109187,9,402201,0,340218
2023-09-15,pomorskie,PM,11,369073,0,6068,32,2109219,13,402214,0,340218
2023-09-16,pomorskie,PM,11,369084,1,6069,46,2109265,11,402225,0,340218
2023-09-17,pomorskie,PM,2,369086,0,6069,30,2109295,2,402227,0,340218
2023-09-18,pomorskie,PM,1,369087,0,6069,9,2109304,1,402228,0,340218
2023-09-19,pomorskie,PM,17,369104,0,6069,66,2109370,17,402245,0,340218
2023-09-20,pomorskie,PM,11,369115,0,6069,74,2109444,11,402256,0,340218
2023-09-21,pomorskie,PM,13,369128,0,6069,39,2109483,13,402269,0,340218
2023-09-22,pomorskie,PM,7,369135,0,6069,31,2109514,7,402276,0,340218
2023-09-23,pomorskie,PM,6,369141,1,6070,33,2109547,6,402282,0,340218
2023-09-24,pomorskie,PM,0,369141,0,6070,10,2109557,0,402282,0,340218
2023-09-25,pomorskie,PM,0,369141,0,6070,1,2109558,0,402282,0,340218
2023-09-26,pomorskie,PM,20,369161,0,6070,55,2109613,21,402303,0,340218
2023-09-27,pomorskie,PM,21,369182,0,6070,164,2109777,22,402325,0,340218
2023-09-28,pomorskie,PM,12,369194,0,6070,43,2109820,12,402337,0,340218
2023-09-29,pomorskie,PM,13,369207,0,6070,59,2109879,13,402350,0,340218
2023-09-30,pomorskie,PM,6,369213,0,6070,48,2109927,7,402357,0,340218
2023-10-01,pomorskie,PM,2,369215,0,6070,17,2109944,2,402359,0,340218
2023-10-02,pomorskie,PM,0,369215,0,6070,70,2110014,1,402360,0,340218
2023-10-03,pomorskie,PM,15,369230,0,6070,61,2110075,16,402376,0,340218
2023-10-04,pomorskie,PM,14,369244,0,6070,58,2110133,15,402391,0,340218
2023-10-05,pomorskie,PM,13,369257,0,6070,118,2110251,15,402406,0,340218
2023-10-06,pomorskie,PM,9,369266,0,6070,53,2110304,9,402415,0,340218
2023-10-07,pomorskie,PM,11,369277,0,6070,56,2110360,11,402426,0,340218
2023-10-08,pomorskie,PM,1,369278,0,6070,5,2110365,1,402427,0,340218
2023-10-09,pomorskie,PM,4,369282,0,6070,39,2110404,5,402432,0,340218
2023-10-10,pomorskie,PM,21,369303,0,6070,89,2110493,21,402453,0,340218
2023-10-11,pomorskie,PM,14,369317,0,6070,111,2110604,16,402469,0,340218
2023-10-12,pomorskie,PM,12,369329,0,6070,109,2110713,12,402481,0,340218
2023-10-13,pomorskie,PM,23,369352,0,6070,109,2110822,24,402505,0,340218
2023-10-14,pomorskie,PM,13,369365,0,6070,64,2110886,13,402518,0,340218
2023-10-15,pomorskie,PM,1,369366,0,6070,6,2110892,1,402519,0,340218
2023-10-16,pomorskie,PM,0,369366,0,6070,7,2110899,0,402519,0,340218
2023-10-17,pomorskie,PM,24,369390,0,6070,99,2110998,26,402545,0,340218
2023-10-18,pomorskie,PM,28,369418,0,6070,76,2111074,28,402573,0,340218
2023-10-19,pomorskie,PM,28,369446,0,6070,85,2111159,28,402601,0,340218
2023-10-20,pomorskie,PM,15,369461,0,6070,55,2111214,15,402616,0,340218
2023-10-21,pomorskie,PM,21,369482,0,6070,61,2111275,21,402637,0,340218
2023-10-22,pomorskie,PM,1,369483,0,6070,9,2111284,1,402638,0,340218
2023-10-23,pomorskie,PM,5,369488,0,6070,129,2111413,8,402646,0,340218
2023-10-24,pomorskie,PM,45,369533,0,6070,85,2111498,45,402691,0,340218
2023-10-25,pomorskie,PM,36,369569,0,6070,114,2111612,39,402730,0,340218
2023-10-26,pomorskie,PM,39,369608,1,6071,91,2111703,40,402770,0,340218
2023-10-27,pomorskie,PM,35,369643,0,6071,88,2111791,36,402806,0,340218
2023-10-28,pomorskie,PM,37,369680,0,6071,74,2111865,38,402844,0,340218
2023-10-29,pomorskie,PM,2,369682,0,6071,9,2111874,2,402846,0,340218
2023-10-30,pomorskie,PM,4,369686,0,6071,13,2111887,4,402850,0,340218
2023-10-31,pomorskie,PM,66,369752,0,6071,122,2112009,67,402917,0,340218
2023-11-01,pomorskie,PM,83,369835,1,6072,251,2112260,88,403005,0,340218
2023-11-02,pomorskie,PM,2,369837,0,6072,14,2112274,2,403007,0,340218
2023-11-03,pomorskie,PM,53,369890,0,6072,124,2112398,54,403061,0,340218
2023-11-04,pomorskie,PM,41,369931,0,6072,100,2112498,42,403103,0,340218
2023-11-05,pomorskie,PM,3,369934,0,6072,13,2112511,3,403106,0,340218
2023-11-06,pomorskie,PM,0,369934,0,6072,15,2112526,2,403108,0,340218
2023-11-07,pomorskie,PM,115,370049,2,6074,326,2112852,121,403229,0,340218
2023-11-08,pomorskie,PM,68,370117,0,6074,128,2112980,69,403298,0,340218
2023-11-09,pomorskie,PM,64,370181,0,6074,126,2113106,65,403363,0,340218
2023-11-10,pomorskie,PM,61,370242,1,6075,114,2113220,64,403427,0,340218
2023-11-11,pomorskie,PM,46,370288,0,6075,101,2113321,48,403475,0,340218
2023-11-12,pomorskie,PM,21,370309,0,6075,137,2113458,25,403500,0,340218
2023-11-13,pomorskie,PM,4,370313,0,6075,16,2113474,4,403504,0,340218
2023-11-14,pomorskie,PM,112,370425,0,6075,211,2113685,112,403616,0,340218
2023-11-15,pomorskie,PM,47,370472,0,6075,129,2113814,49,403665,0,340218
2023-11-16,pomorskie,PM,56,370528,0,6075,118,2113932,56,403721,0,340218
2023-11-17,pomorskie,PM,80,370608,0,6075,219,2114151,82,403803,0,340218
2023-11-18,pomorskie,PM,87,370695,1,6076,214,2114365,89,403892,0,340218
2023-11-19,pomorskie,PM,3,370698,0,6076,25,2114390,3,403895,0,340218
2023-11-20,pomorskie,PM,2,370700,0,6076,19,2114409,3,403898,0,340218
2023-11-21,pomorskie,PM,122,370822,0,6076,217,2114626,123,404021,0,340218
2023-11-22,pomorskie,PM,81,370903,0,6076,197,2114823,84,404105,0,340218
2023-11-23,pomorskie,PM,65,370968,0,6076,149,2114972,65,404170,0,340218
2023-11-24,pomorskie,PM,96,371064,0,6076,156,2115128,98,404268,0,340218
2023-11-25,pomorskie,PM,63,371127,1,6077,216,2115344,66,404334,0,340218
2023-11-26,pomorskie,PM,6,371133,0,6077,32,2115376,6,404340,0,340218
2023-11-27,pomorskie,PM,3,371136,0,6077,14,2115390,3,404343,0,340218
2023-11-28,pomorskie,PM,149,371285,0,6077,279,2115669,153,404496,0,340218
2023-11-29,pomorskie,PM,97,371382,0,6077,195,2115864,98,404594,0,340218
2023-11-30,pomorskie,PM,94,371476,1,6078,161,2116025,97,404691,0,340218
2023-12-01,pomorskie,PM,118,371594,0,6078,216,2116241,118,404809,0,340218
2023-12-02,pomorskie,PM,99,371693,0,6078,195,2116436,102,404911,0,340218
2023-12-03,pomorskie,PM,5,371698,0,6078,20,2116456,5,404916,0,340218
2023-12-04,pomorskie,PM,20,371718,0,6078,121,2116577,24,404940,0,340218
2023-12-05,pomorskie,PM,187,371905,0,6078,298,2116875,190,405130,0,340218
2023-12-06,pomorskie,PM,143,372048,2,6080,236,2117111,145,405275,0,340218
2023-12-07,pomorskie,PM,105,372153,5,6085,225,2117336,105,405380,0,340218
2023-12-08,pomorskie,PM,98,372251,1,6086,208,2117544,99,405479,0,340218
2023-12-09,pomorskie,PM,104,372355,1,6087,199,2117743,105,405584,0,340218
2023-12-10,pomorskie,PM,24,372379,0,6087,207,2117950,29,405613,0,340218
2023-12-11,pomorskie,PM,5,372384,0,6087,24,2117974,5,405618,0,340218
2023-12-12,pomorskie,PM,170,372554,0,6087,342,2118316,170,405788,0,340218
2023-12-13,pomorskie,PM,134,372688,0,6087,264,2118580,136,405924,0,340218
2023-12-14,pomorskie,PM,141,372829,0,6087,314,2118894,143,406067,0,340218
2023-12-15,pomorskie,PM,126,372955,1,6088,315,2119209,128,406195,0,340218
2023-12-16,pomorskie,PM,96,373051,1,6089,229,2119438,97,406292,0,340218
2023-12-17,pomorskie,PM,4,373055,0,6089,21,2119459,6,406298,0,340218
2023-12-18,pomorskie,PM,7,373062,0,6089,26,2119485,7,406305,0,340218
2023-12-19,pomorskie,PM,189,373251,2,6091,434,2119919,195,406500,0,340218
2023-12-20,pomorskie,PM,129,373380,0,6091,293,2120212,130,406630,0,340218
2023-12-21,pomorskie,PM,98,373478,1,6092,230,2120442,98,406728,0,340218
2023-12-22,pomorskie,PM,89,373567,3,6095,198,2120640,90,406818,0,340218
2023-12-23,pomorskie,PM,80,373647,0,6095,195,2120835,80,406898,0,340218
2023-12-24,pomorskie,PM,10,373657,0,6095,30,2120865,11,406909,0,340218
2023-12-25,pomorskie,PM,4,373661,0,6095,13,2120878,4,406913,0,340218
2023-12-26,pomorskie,PM,11,373672,0,6095,101,2120979,12,406925,0,340218
2023-12-27,pomorskie,PM,15,373687,0,6095,117,2121096,18,406943,0,340218
2023-12-28,pomorskie,PM,87,373774,0,6095,266,2121362,87,407030,0,340218
2023-12-29,pomorskie,PM,67,373841,1,6096,199,2121561,67,407097,0,340218
2023-12-30,pomorskie,PM,70,373911,0,6096,216,2121777,71,407168,0,340218
2023-12-31,pomorskie,PM,4,373915,0,6096,78,2121855,4,407172,0,340218
2024-01-01,pomorskie,PM,6,373921,0,6096,37,2121892,6,407178,0,340218
2024-01-02,pomorskie,PM,4,373925,0,6096,37,2121929,4,407182,0,340218
2024-01-03,pomorskie,PM,65,373990,1,6097,200,2122129,66,407248,0,340218
2024-01-04,pomorskie,PM,151,374141,1,6098,591,2122720,165,407413,0,340218
2024-01-05,pomorskie,PM,126,374267,1,6099,490,2123210,131,407544,0,340218
2024-01-06,pomorskie,PM,33,374300,0,6099,168,2123378,34,407578,0,340218
2024-01-07,pomorskie,PM,4,374304,0,6099,31,2123409,4,407582,0,340218
2024-01-08,pomorskie,PM,7,374311,0,6099,78,2123487,9,407591,0,340218
2024-01-09,pomorskie,PM,49,374360,2,6101,268,2123755,50,407641,0,340218
2024-01-10,pomorskie,PM,36,374396,5,6106,191,2123946,37,407678,0,340218
2024-01-11,pomorskie,PM,38,374434,0,6106,181,2124127,40,407718,0,340218
2024-01-12,pomorskie,PM,36,374470,2,6108,212,2124339,38,407756,0,340218
2024-01-13,pomorskie,PM,26,374496,2,6110,200,2124539,26,407782,0,340218
2024-01-14,pomorskie,PM,3,374499,0,6110,27,2124566,3,407785,0,340218
2024-01-15,pomorskie,PM,5,374504,0,6110,31,2124597,5,407790,0,340218
2024-01-16,pomorskie,PM,38,374542,0,6110,239,2124836,38,407828,0,340218
2024-01-17,pomorskie,PM,29,374571,2,6112,162,2124998,30,407858,0,340218
2024-01-18,pomorskie,PM,50,374621,0,6112,410,2125408,50,407908,0,340218
2024-01-19,pomorskie,PM,55,374676,1,6113,500,2125908,57,407965,0,340218
2024-01-20,pomorskie,PM,29,374705,1,6114,237,2126145,29,407994,0,340218
2024-01-21,pomorskie,PM,3,374708,0,6114,30,2126175,3,407997,0,340218
2024-01-22,pomorskie,PM,8,374716,0,6114,154,2126329,8,408005,0,340218
2024-01-23,pomorskie,PM,35,374751,1,6115,323,2126652,36,408041,0,340218
2024-01-24,pomorskie,PM,10,374761,0,6115,178,2126830,10,408051,0,340218
2024-01-25,pomorskie,PM,26,374787,0,6115,274,2127104,27,408078,0,340218
2024-01-26,pomorskie,PM,19,374806,1,6116,187,2127291,19,408097,0,340218
2024-01-27,pomorskie,PM,23,374829,0,6116,261,2127552,25,408122,0,340218
2024-01-28,pomorskie,PM,2,374831,0,6116,31,2127583,2,408124,0,340218
2024-01-29,pomorskie,PM,3,374834,0,6116,72,2127655,3,408127,0,340218
2024-01-30,pomorskie,PM,26,374860,0,6116,256,2127911,27,408154,0,340218
2024-01-31,pomorskie,PM,17,374877,1,6117,206,2128117,17,408171,0,340218
2024-02-01,pomorskie,PM,8,374885,0,6117,194,2128311,8,408179,0,340218
2024-02-02,pomorskie,PM,9,374894,0,6117,150,2128461,9,408188,0,340218
2024-02-03,pomorskie,PM,18,374912,0,6117,174,2128635,18,408206,0,340218
2024-02-04,pomorskie,PM,1,374913,0,6117,22,2128657,1,408207,0,340218
2024-02-05,pomorskie,PM,7,374920,0,6117,104,2128761,8,408215,0,340218
2024-02-06,pomorskie,PM,13,374933,0,6117,253,2129014,13,408228,0,340218
2024-02-07,pomorskie,PM,15,374948,0,6117,162,2129176,15,408243,0,340218
2024-02-08,pomorskie,PM,5,374953,0,6117,185,2129361,5,408248,0,340218
2024-02-09,pomorskie,PM,7,374960,0,6117,151,2129512,7,408255,0,340218
2024-02-10,pomorskie,PM,6,374966,0,6117,199,2129711,6,408261,0,340218
2024-02-11,pomorskie,PM,1,374967,0,6117,91,2129802,2,408263,0,340218
2024-02-12,pomorskie,PM,1,374968,0,6117,31,2129833,2,408265,0,340218
2024-02-13,pomorskie,PM,14,374982,0,6117,200,2130033,14,408279,0,340218
2024-02-14,pomorskie,PM,12,374994,1,6118,269,2130302,12,408291,0,340218
2024-02-15,pomorskie,PM,16,375010,0,6118,173,2130475,16,408307,0,340218
2024-02-16,pomorskie,PM,7,375017,0,6118,189,2130664,7,408314,0,340218
2024-02-17,pomorskie,PM,10,375027,0,6118,136,2130800,13,408327,0,340218
2024-02-18,pomorskie,PM,0,375027,0,6118,20,2130820,0,408327,0,340218
2024-02-19,pomorskie,PM,3,375030,0,6118,57,2130877,4,408331,0,340218
2024-02-20,pomorskie,PM,11,375041,0,6118,225,2131102,11,408342,0,340218
2024-02-21,pomorskie,PM,9,375050,1,6119,182,2131284,10,408352,0,340218
2024-02-22,pomorskie,PM,7,375057,0,6119,159,2131443,7,408359,0,340218
2024-02-23,pomorskie,PM,9,375066,0,6119,204,2131647,9,408368,0,340218
2024-02-24,pomorskie,PM,5,375071,0,6119,145,2131792,6,408374,0,340218
2024-02-25,pomorskie,PM,0,375071,0,6119,17,2131809,0,408374,0,340218
2024-02-26,pomorskie,PM,0,375071,0,6119,19,2131828,0,408374,0,340218
2024-02-27,pomorskie,PM,5,375076,0,6119,218,2132046,5,408379,0,340218
2024-02-28,pomorskie,PM,3,375079,0,6119,115,2132161,4,408383,0,340218
2024-02-29,pomorskie,PM,4,375083,0,6119,142,2132303,4,408387,0,340218
2024-03-01,pomorskie,PM,3,375086,0,6119,101,2132404,3,408390,0,340218
2024-03-02,pomorskie,PM,4,375090,0,6119,163,2132567,4,408394,0,340218
2024-03-03,pomorskie,PM,0,375090,0,6119,78,2132645,0,408394,0,340218
2024-03-04,pomorskie,PM,0,375090,0,6119,7,2132652,0,408394,0,340218
2024-03-05,pomorskie,PM,2,375092,0,6119,134,2132786,2,408396,0,340218
2024-03-06,pomorskie,PM,2,375094,0,6119,88,2132874,3,408399,0,340218
2024-03-07,pomorskie,PM,4,375098,0,6119,189,2133063,4,408403,0,340218
2024-03-08,pomorskie,PM,3,375101,0,6119,188,2133251,3,408406,0,340218
2024-03-09,pomorskie,PM,6,375107,0,6119,127,2133378,6,408412,0,340218
2024-03-10,pomorskie,PM,0,375107,0,6119,18,2133396,0,408412,0,340218
2024-03-11,pomorskie,PM,3,375110,0,6119,80,2133476,3,408415,0,340218
2024-03-12,pomorskie,PM,3,375113,0,6119,243,2133719,3,408418,0,340218
2024-03-13,pomorskie,PM,0,375113,0,6119,126,2133845,0,408418,0,340218
2024-03-14,pomorskie,PM,1,375114,0,6119,123,2133968,1,408419,0,340218
2024-03-15,pomorskie,PM,2,375116,1,6120,85,2134053,2,408421,0,340218
2024-03-16,pomorskie,PM,1,375117,0,6120,71,2134124,1,408422,0,340218
2024-03-17,pomorskie,PM,0,375117,0,6120,54,2134178,0,408422,0,340218
2024-03-18,pomorskie,PM,0,375117,0,6120,8,2134186,0,408422,0,340218
2024-03-19,pomorskie,PM,3,375120,0,6120,143,2134329,5,408427,0,340218
2024-03-20,pomorskie,PM,3,375123,0,6120,123,2134452,3,408430,0,340218
2024-03-21,pomorskie,PM,4,375127,0,6120,112,2134564,4,408434,0,340218
2024-03-22,pomorskie,PM,0,375127,0,6120,119,2134683,0,408434,0,340218
2024-03-23,pomorskie,PM,1,375128,0,6120,59,2134742,1,408435,0,340218
2024-03-24,pomorskie,PM,0,375128,0,6120,11,2134753,0,408435,0,340218
2024-03-25,pomorskie,PM,1,375129,0,6120,65,2134818,1,408436,0,340218
2024-03-26,pomorskie,PM,0,375129,0,6120,81,2134899,0,408436,0,340218
2024-03-27,pomorskie,PM,3,375132,0,6120,82,2134981,3,408439,0,340218
2024-03-28,pomorskie,PM,2,375134,0,6120,98,2135079,2,408441,0,340218
2024-03-29,pomorskie,PM,0,375134,0,6120,57,2135136,0,408441,0,340218
2024-03-30,pomorskie,PM,0,375134,0,6120,65,2135201,0,408441,0,340218
2024-03-31,pomorskie,PM,0,375134,0,6120,28,2135229,0,408441,0,340218
2024-04-01,pomorskie,PM,0,375134,0,6120,8,2135237,0,408441,0,340218
2024-04-02,pomorskie,PM,0,375134,0,6120,10,2135247,0,408441,0,340218
2024-04-03,pomorskie,PM,2,375136,0,6120,67,2135314,2,408443,0,340218
2024-04-19,pomorskie,PM,0,375136,0,6120,38,2135352,0,408443,0,340218
2024-04-20,pomorskie,PM,0,375136,0,6120,31,2135383,0,408443,0,340218
2024-04-21,pomorskie,PM,1,375137,0,6120,2,2135385,1,408444,0,340218
2024-04-22,pomorskie,PM,2,375139,0,6120,107,2135492,2,408446,0,340218
2024-04-23,pomorskie,PM,0,375139,0,6120,43,2135535,0,408446,0,340218
2024-04-24,pomorskie,PM,0,375139,0,6120,33,2135568,0,408446,0,340218
2024-04-25,pomorskie,PM,1,375140,0,6120,26,2135594,1,408447,0,340218
2024-04-26,pomorskie,PM,1,375141,0,6120,30,2135624,1,408448,0,340218
2024-04-27,pomorskie,PM,1,375142,0,6120,31,2135655,1,408449,0,340218
2024-04-28,pomorskie,PM,0,375142,0,6120,1,2135656,0,408449,0,340218
2024-04-29,pomorskie,PM,0,375142,0,6120,8,2135664,0,408449,0,340218
2024-04-30,pomorskie,PM,1,375143,0,6120,23,2135687,1,408450,0,340218
2024-05-01,pomorskie,PM,1,375144,0,6120,131,2135818,1,408451,0,340218
2024-05-02,pomorskie,PM,0,375144,0,6120,0,2135818,0,408451,0,340218
2024-05-03,pomorskie,PM,1,375145,0,6120,96,2135914,1,408452,0,340218
2024-05-04,pomorskie,PM,0,375145,0,6120,0,2135914,0,408452,0,340218
2024-05-05,pomorskie,PM,0,375145,0,6120,18,2135932,0,408452,0,340218
2024-05-06,pomorskie,PM,0,375145,0,6120,5,2135937,0,408452,0,340218
2024-05-07,pomorskie,PM,1,375146,0,6120,31,2135968,1,408453,0,340218
2024-05-08,pomorskie,PM,0,375146,0,6120,49,2136017,0,408453,0,340218
2024-05-09,pomorskie,PM,0,375146,0,6120,15,2136032,0,408453,0,340218
2024-05-10,pomorskie,PM,1,375147,0,6120,17,2136049,1,408454,0,340218
2024-05-11,pomorskie,PM,1,375148,0,6120,91,2136140,1,408455,0,340218
2024-05-12,pomorskie,PM,0,375148,0,6120,4,2136144,0,408455,0,340218
2024-05-13,pomorskie,PM,0,375148,0,6120,6,2136150,0,408455,0,340218
2024-05-14,pomorskie,PM,3,375151,0,6120,31,2136181,3,408458,0,340218
2024-05-15,pomorskie,PM,2,375153,0,6120,26,2136207,2,408460,0,340218
2024-05-16,pomorskie,PM,2,375155,0,6120,30,2136237,2,408462,0,340218
2024-05-17,pomorskie,PM,0,375155,0,6120,29,2136266,0,408462,0,340218
2024-05-18,pomorskie,PM,0,375155,0,6120,25,2136291,0,408462,0,340218
2024-05-19,pomorskie,PM,1,375156,0,6120,7,2136298,1,408463,0,340218
2024-05-20,pomorskie,PM,0,375156,0,6120,6,2136304,0,408463,0,340218
2024-05-21,pomorskie,PM,1,375157,0,6120,84,2136388,1,408464,0,340218
2024-05-22,pomorskie,PM,0,375157,0,6120,16,2136404,0,408464,0,340218
2024-05-23,pomorskie,PM,2,375159,0,6120,21,2136425,2,408466,0,340218
2024-05-24,pomorskie,PM,1,375160,0,6120,16,2136441,1,408467,0,340218
2024-05-25,pomorskie,PM,2,375162,0,6120,22,2136463,2,408469,0,340218
2024-05-26,pomorskie,PM,1,375163,0,6120,55,2136518,1,408470,0,340218
2024-05-27,pomorskie,PM,0,375163,0,6120,2,2136520,0,408470,0,340218
2024-05-28,pomorskie,PM,4,375167,0,6120,24,2136544,4,408474,0,340218
2024-05-29,pomorskie,PM,1,375168,0,6120,15,2136559,1,408475,0,340218
2024-05-30,pomorskie,PM,1,375169,0,6120,7,2136566,1,408476,0,340218
2024-05-31,pomorskie,PM,0,375169,0,6120,1,2136567,0,408476,0,340218
2024-06-01,pomorskie,PM,5,375174,0,6120,11,2136578,5,408481,0,340218
2024-06-02,pomorskie,PM,0,375174,0,6120,3,2136581,0,408481,0,340218
2024-06-03,pomorskie,PM,2,375176,0,6120,41,2136622,2,408483,0,340218
2024-06-04,pomorskie,PM,1,375177,0,6120,36,2136658,1,408484,0,340218
2024-06-05,pomorskie,PM,1,375178,0,6120,12,2136670,1,408485,0,340218
2024-06-06,pomorskie,PM,0,375178,0,6120,20,2136690,0,408485,0,340218
2024-06-07,pomorskie,PM,3,375181,0,6120,25,2136715,3,408488,0,340218
2024-06-08,pomorskie,PM,0,375181,0,6120,11,2136726,0,408488,0,340218
2024-06-09,pomorskie,PM,0,375181,0,6120,6,2136732,0,408488,0,340218
2024-06-10,pomorskie,PM,0,375181,0,6120,7,2136739,0,408488,0,340218
2024-06-11,pomorskie,PM,5,375186,0,6120,68,2136807,5,408493,0,340218
2024-06-12,pomorskie,PM,3,375189,0,6120,18,2136825,3,408496,0,340218
2024-06-13,pomorskie,PM,2,375191,0,6120,16,2136841,2,408498,0,340218
2024-06-14,pomorskie,PM,2,375193,0,6120,48,2136889,3,408501,0,340218
2024-06-15,pomorskie,PM,1,375194,0,6120,7,2136896,1,408502,0,340218
2024-06-16,pomorskie,PM,0,375194,0,6120,3,2136899,0,408502,0,340218
2024-06-17,pomorskie,PM,0,375194,0,6120,6,2136905,0,408502,0,340218
2024-06-18,pomorskie,PM,6,375200,0,6120,19,2136924,6,408508,0,340218
2024-06-19,pomorskie,PM,1,375201,0,6120,44,2136968,1,408509,0,340218
2024-06-20,pomorskie,PM,2,375203,0,6120,17,2136985,2,408511,0,340218
2024-06-21,pomorskie,PM,3,375206,0,6120,12,2136997,3,408514,0,340218
2024-06-22,pomorskie,PM,2,375208,0,6120,22,2137019,2,408516,0,340218
2024-06-23,pomorskie,PM,0,375208,0,6120,0,2137019,0,408516,0,340218
2024-06-24,pomorskie,PM,1,375209,0,6120,5,2137024,1,408517,0,340218
2024-06-25,pomorskie,PM,5,375214,0,6120,26,2137050,5,408522,0,340218
2024-06-26,pomorskie,PM,3,375217,0,6120,18,2137068,3,408525,0,340218
2024-06-27,pomorskie,PM,7,375224,0,6120,16,2137084,7,408532,0,340218
2024-06-28,pomorskie,PM,5,375229,0,6120,16,2137100,5,408537,0,340218
2024-06-29,pomorskie,PM,5,375234,0,6120,35,2137135,5,408542,0,340218
2024-06-30,pomorskie,PM,3,375237,0,6120,8,2137143,3,408545,0,340218
2024-07-01,pomorskie,PM,2,375239,0,6120,85,2137228,2,408547,0,340218
2020-11-24,podkarpackie,PK,540,540,13,13,2377,2377,577,577,0,0
2020-11-25,podkarpackie,PK,589,1129,36,49,2201,4578,632,1209,0,0
2020-11-26,podkarpackie,PK,752,1881,69,118,2435,7013,811,2020,0,0
2020-11-27,podkarpackie,PK,790,2671,33,151,2514,9527,847,2867,0,0
2020-11-28,podkarpackie,PK,715,3386,51,202,2315,11842,740,3607,0,0
2020-11-29,podkarpackie,PK,339,3725,28,230,1106,12948,387,3994,0,0
2020-11-30,podkarpackie,PK,207,3932,7,237,803,13751,239,4233,0,0
2020-12-01,podkarpackie,PK,344,4276,20,257,2034,15785,395,4628,0,0
2020-12-02,podkarpackie,PK,515,4791,31,288,2131,17916,566,5194,0,0
2020-12-03,podkarpackie,PK,415,5206,29,317,1873,19789,442,5636,0,0
2020-12-04,podkarpackie,PK,322,5528,29,346,1779,21568,411,6047,0,0
2020-12-05,podkarpackie,PK,257,5785,31,377,1494,23062,334,6381,0,0
2020-12-06,podkarpackie,PK,183,5968,14,391,1119,24181,250,6631,0,0
2020-12-07,podkarpackie,PK,153,6121,3,394,1039,25220,198,6829,0,0
2020-12-08,podkarpackie,PK,204,6325,21,415,2276,27496,350,7179,0,0
2020-12-09,podkarpackie,PK,254,6579,33,448,1789,29285,317,7496,0,0
2020-12-10,podkarpackie,PK,403,6982,33,481,2049,31334,453,7949,0,0
2020-12-11,podkarpackie,PK,261,7243,36,517,1849,33183,369,8318,0,0
2020-12-12,podkarpackie,PK,525,7768,23,540,2367,35550,666,8984,0,0
2020-12-13,podkarpackie,PK,205,7973,5,545,1475,37025,384,9368,0,0
2020-12-14,podkarpackie,PK,180,8153,3,548,1704,38729,381,9749,0,0
2020-12-15,podkarpackie,PK,311,8464,7,555,3206,41935,647,10396,0,0
2020-12-16,podkarpackie,PK,323,8787,31,586,1960,43895,358,10754,0,0
2020-12-17,podkarpackie,PK,291,9078,16,602,1854,45749,326,11080,0,0
2020-12-18,podkarpackie,PK,172,9250,29,631,1723,47472,211,11291,0,0
2020-12-19,podkarpackie,PK,366,9616,13,644,1767,49239,412,11703,0,0
2020-12-20,podkarpackie,PK,146,9762,10,654,844,50083,171,11874,0,0
2020-12-21,podkarpackie,PK,134,9896,5,659,1183,51266,260,12134,0,0
2020-12-22,podkarpackie,PK,224,10120,11,670,1942,53208,358,12492,0,0
2020-12-23,podkarpackie,PK,224,10344,21,691,1597,54805,253,12745,0,0
2020-12-24,podkarpackie,PK,288,10632,21,712,1871,56676,376,13121,208,208
2020-12-25,podkarpackie,PK,212,10844,17,729,1158,57834,239,13360,286,494
2020-12-26,podkarpackie,PK,132,10976,1,730,704,58538,180,13540,240,734
2020-12-27,podkarpackie,PK,68,11044,1,731,553,59091,101,13641,223,957
2020-12-28,podkarpackie,PK,76,11120,0,731,653,59744,95,13736,307,1264
2020-12-29,podkarpackie,PK,85,11205,8,739,1324,61068,111,13847,220,1484
2020-12-30,podkarpackie,PK,279,11484,19,758,1690,62758,318,14165,115,1599
2020-12-31,podkarpackie,PK,284,11768,17,775,1838,64596,355,14520,181,1780
2021-01-01,podkarpackie,PK,261,12029,36,811,1689,66285,337,14857,277,2057
2021-01-02,podkarpackie,PK,217,12246,2,813,1110,67395,245,15102,265,2322
2021-01-03,podkarpackie,PK,118,12364,6,819,876,68271,165,15267,166,2488
2021-01-04,podkarpackie,PK,116,12480,2,821,922,69193,143,15410,110,2598
2021-01-05,podkarpackie,PK,270,12750,18,839,2008,71201,308,15718,85,2683
2021-01-06,podkarpackie,PK,654,13404,24,863,2907,74108,729,16447,83,2766
2021-01-08,podkarpackie,PK,489,13893,8,871,2333,76441,538,16985,265,3031
2021-01-09,podkarpackie,PK,291,14184,11,882,2495,78936,342,17327,295,3326
2021-01-10,podkarpackie,PK,214,14398,7,889,1591,80527,235,17562,221,3547
2021-01-11,podkarpackie,PK,159,14557,3,892,1300,81827,205,17767,184,3731
2021-01-12,podkarpackie,PK,108,14665,24,916,1776,83603,137,17904,141,3872
2021-01-13,podkarpackie,PK,235,14900,13,929,3435,87038,281,18185,116,3988
2021-01-14,podkarpackie,PK,233,15133,17,946,3232,90270,253,18438,219,4207
2021-01-15,podkarpackie,PK,232,15365,17,963,3332,93602,272,18710,305,4512
2021-01-16,podkarpackie,PK,194,15559,15,978,2652,96254,213,18923,284,4796
2021-01-17,podkarpackie,PK,177,15736,12,990,2004,98258,210,19133,178,4974
2021-01-18,podkarpackie,PK,83,15819,4,994,678,98936,95,19228,252,5226
2021-01-19,podkarpackie,PK,188,16007,4,998,1972,100908,249,19477,202,5428
2021-01-20,podkarpackie,PK,192,16199,14,1012,2143,103051,228,19705,116,5544
2021-01-21,podkarpackie,PK,216,16415,15,1027,1814,104865,238,19943,136,5680
2021-01-22,podkarpackie,PK,175,16590,20,1047,1701,106566,200,20143,239,5919
2021-01-23,podkarpackie,PK,159,16749,8,1055,1804,108370,194,20337,244,6163
2021-01-24,podkarpackie,PK,191,16940,3,1058,1450,109820,211,20548,235,6398
2021-01-25,podkarpackie,PK,60,17000,0,1058,717,110537,71,20619,194,6592
2021-01-26,podkarpackie,PK,136,17136,3,1061,1715,112252,199,20818,240,6832
2021-01-27,podkarpackie,PK,182,17318,10,1071,1970,114222,219,21037,79,6911
2021-01-28,podkarpackie,PK,270,17588,13,1084,1922,116144,293,21330,165,7076
2021-01-29,podkarpackie,PK,222,17810,14,1098,1787,117931,265,21595,166,7242
2021-01-30,podkarpackie,PK,149,17959,16,1114,1637,119568,181,21776,239,7481
2021-01-31,podkarpackie,PK,136,18095,5,1119,1060,120628,153,21929,139,7620
2021-02-01,podkarpackie,PK,116,18211,0,1119,1463,122091,167,22096,218,7838
2021-02-02,podkarpackie,PK,152,18363,10,1129,1948,124039,215,22311,169,8007
2021-02-03,podkarpackie,PK,230,18593,15,1144,2048,126087,260,22571,70,8077
2021-02-04,podkarpackie,PK,265,18858,20,1164,1866,127953,299,22870,162,8239
2021-02-05,podkarpackie,PK,206,19064,8,1172,1927,129880,242,23112,206,8445
2021-02-06,podkarpackie,PK,205,19269,16,1188,1605,131485,229,23341,240,8685
2021-02-07,podkarpackie,PK,191,19460,5,1193,1334,132819,217,23558,178,8863
2021-02-08,podkarpackie,PK,155,19615,0,1193,1094,133913,177,23735,170,9033
2021-02-09,podkarpackie,PK,157,19772,5,1198,2112,136025,215,23950,190,9223
2021-02-10,podkarpackie,PK,290,20062,12,1210,2673,138698,353,24303,82,9305
2021-02-11,podkarpackie,PK,357,20419,8,1218,2550,141248,396,24699,185,9490
2021-02-12,podkarpackie,PK,327,20746,11,1229,2199,143447,370,25069,206,9696
2021-02-13,podkarpackie,PK,296,21042,13,1242,1874,145321,333,25402,244,9940
2021-02-14,podkarpackie,PK,208,21250,14,1256,1435,146756,243,25645,187,10127
2021-02-15,podkarpackie,PK,211,21461,2,1258,1279,148035,227,25872,221,10348
2021-02-16,podkarpackie,PK,279,21740,4,1262,2620,150655,379,26251,244,10592
2021-02-17,podkarpackie,PK,396,22136,11,1273,3008,153663,493,26744,125,10717
2021-02-18,podkarpackie,PK,485,22621,16,1289,2632,156295,544,27288,179,10896
2021-02-19,podkarpackie,PK,463,23084,15,1304,2149,158444,499,27787,357,11253
2021-02-20,podkarpackie,PK,461,23545,14,1318,2147,160591,488,28275,310,11563
2021-02-21,podkarpackie,PK,276,23821,4,1322,1369,161960,291,28566,327,11890
2021-02-22,podkarpackie,PK,362,24183,0,1322,1826,163786,439,29005,226,12116
2021-02-23,podkarpackie,PK,251,24434,8,1330,1777,165563,308,29313,243,12359
2021-02-24,podkarpackie,PK,656,25090,19,1349,3051,168614,706,30019,189,12548
2021-02-25,podkarpackie,PK,779,25869,18,1367,2836,171450,822,30841,275,12823
2021-02-26,podkarpackie,PK,680,26549,18,1385,2925,174375,787,31628,464,13287
2021-02-27,podkarpackie,PK,684,27233,30,1415,2725,177100,727,32355,479,13766
2021-02-28,podkarpackie,PK,532,27765,11,1426,1996,179096,561,32916,447,14213
2021-03-01,podkarpackie,PK,335,28100,0,1426,1396,180492,370,33286,455,14668
2021-03-02,podkarpackie,PK,493,28593,10,1436,3091,183583,599,33885,401,15069
2021-03-03,podkarpackie,PK,687,29280,22,1458,2833,186416,730,34615,195,15264
2021-03-04,podkarpackie,PK,941,30221,11,1469,3122,189538,1006,35621,425,15689
2021-03-05,podkarpackie,PK,1008,31229,22,1491,3010,192548,1067,36688,660,16349
2021-03-06,podkarpackie,PK,811,32040,21,1512,2799,195347,847,37535,712,17061
2021-03-07,podkarpackie,PK,718,32758,19,1531,2429,197776,768,38303,588,17649
2021-03-08,podkarpackie,PK,431,33189,2,1533,1537,199313,459,38762,810,18459
2021-03-09,podkarpackie,PK,471,33660,6,1539,2817,202130,593,39355,510,18969
2021-03-10,podkarpackie,PK,976,34636,18,1557,3469,205599,1049,40404,361,19330
2021-03-11,podkarpackie,PK,1254,35890,25,1582,3825,209424,1390,41794,509,19839
2021-03-12,podkarpackie,PK,1022,36912,31,1613,3279,212703,1104,42898,778,20617
2021-03-13,podkarpackie,PK,889,37801,23,1636,2796,215499,951,43849,1060,21677
2021-03-14,podkarpackie,PK,1063,38864,10,1646,3562,219061,1364,45213,851,22528
2021-03-15,podkarpackie,PK,565,39429,2,1648,1811,220872,593,45806,691,23219
2021-03-16,podkarpackie,PK,784,40213,23,1671,4098,224970,1225,47031,784,24003
2021-03-17,podkarpackie,PK,1319,41532,33,1704,4760,229730,1697,48728,487,24490
2021-03-18,podkarpackie,PK,1449,42981,39,1743,4960,234690,2051,50779,542,25032
2021-03-19,podkarpackie,PK,1334,44315,31,1774,4612,239302,1782,52561,798,25830
2021-03-20,podkarpackie,PK,1394,45709,33,1807,4212,243514,1710,54271,1152,26982
2021-03-21,podkarpackie,PK,1210,46919,7,1814,3177,246691,1282,55553,1052,28034
2021-03-22,podkarpackie,PK,667,47586,0,1814,2112,248803,725,56278,964,28998
2021-03-23,podkarpackie,PK,719,48305,22,1836,3399,252202,1012,57290,862,29860
2021-03-24,podkarpackie,PK,1448,49753,53,1889,5004,257206,1758,59048,618,30478
2021-03-25,podkarpackie,PK,1497,51250,30,1919,5039,262245,1901,60949,811,31289
2021-03-26,podkarpackie,PK,1716,52966,35,1954,4532,266777,1842,62791,1501,32790
2021-03-27,podkarpackie,PK,1480,54446,38,1992,4365,271142,1580,64371,1368,34158
2021-03-28,podkarpackie,PK,1330,55776,20,2012,3482,274624,1410,65781,1184,35342
2021-03-29,podkarpackie,PK,612,56388,3,2015,2026,276650,672,66453,1431,36773
2021-03-30,podkarpackie,PK,919,57307,18,2033,3458,280108,1010,67463,1241,38014
2021-03-31,podkarpackie,PK,1286,58593,39,2072,4092,284200,1386,68849,665,38679
2021-04-01,podkarpackie,PK,1469,60062,48,2120,4225,288425,1567,70416,834,39513
2021-04-02,podkarpackie,PK,1282,61344,50,2170,4211,292636,1365,71781,1510,41023
2021-04-03,podkarpackie,PK,1252,62596,45,2215,3528,296164,1337,73118,1671,42694
2021-04-04,podkarpackie,PK,880,63476,17,2232,2453,298617,939,74057,1563,44257
2021-04-05,podkarpackie,PK,494,63970,4,2236,1620,300237,539,74596,1450,45707
2021-04-06,podkarpackie,PK,330,64300,2,2238,1784,302021,357,74953,1179,46886
2021-04-07,podkarpackie,PK,482,64782,34,2272,3600,305621,537,75490,728,47614
2021-04-08,podkarpackie,PK,1059,65841,60,2332,4593,310214,1133,76623,1072,48686
2021-04-09,podkarpackie,PK,1078,66919,51,2383,4147,314361,1160,77783,1281,49967
2021-04-10,podkarpackie,PK,1087,68006,57,2440,4368,318729,1159,78942,1419,51386
2021-04-11,podkarpackie,PK,749,68755,12,2452,3743,322472,798,79740,1390,52776
2021-04-12,podkarpackie,PK,622,69377,5,2457,2899,325371,682,80422,1237,54013
2021-04-13,podkarpackie,PK,525,69902,19,2476,3940,329311,638,81060,803,54816
2021-04-14,podkarpackie,PK,817,70719,50,2526,4126,333437,889,81949,448,55264
2021-04-15,podkarpackie,PK,922,71641,59,2585,4010,337447,992,82941,394,55658
2021-04-16,podkarpackie,PK,518,72159,55,2640,3651,341098,591,83532,718,56376
2021-04-17,podkarpackie,PK,552,72711,46,2686,3479,344577,661,84193,1120,57496
2021-04-18,podkarpackie,PK,417,73128,19,2705,2808,347385,459,84652,1085,58581
2021-04-19,podkarpackie,PK,229,73357,2,2707,2305,349690,382,85034,1101,59682
2021-04-20,podkarpackie,PK,266,73623,37,2744,3064,352754,315,85349,688,60370
2021-04-21,podkarpackie,PK,417,74040,52,2796,3723,356477,560,85909,611,60981
2021-04-22,podkarpackie,PK,485,74525,57,2853,3181,359658,526,86435,574,61555
2021-04-23,podkarpackie,PK,332,74857,30,2883,2442,362100,367,86802,852,62407
2021-04-24,podkarpackie,PK,296,75153,31,2914,3312,365412,345,87147,925,63332
2021-04-25,podkarpackie,PK,206,75359,19,2933,2199,367611,222,87369,462,63794
2021-04-26,podkarpackie,PK,119,75478,1,2934,1562,369173,191,87560,549,64343
2021-04-27,podkarpackie,PK,157,75635,35,2969,3624,372797,437,87997,379,64722
2021-04-28,podkarpackie,PK,209,75844,40,3009,3135,375932,244,88241,243,64965
2021-04-29,podkarpackie,PK,214,76058,23,3032,2955,378887,260,88501,361,65326
2021-04-30,podkarpackie,PK,217,76275,30,3062,2980,381867,253,88754,441,65767
2021-05-01,podkarpackie,PK,155,76430,20,3082,2801,384668,191,88945,518,66285
2021-05-02,podkarpackie,PK,106,76536,10,3092,1987,386655,121,89066,281,66566
2021-05-03,podkarpackie,PK,69,76605,1,3093,1584,388239,92,89158,286,66852
2021-05-04,podkarpackie,PK,66,76671,0,3093,1521,389760,86,89244,193,67045
2021-05-05,podkarpackie,PK,110,76781,19,3112,2753,392513,140,89384,139,67184
2021-05-06,podkarpackie,PK,115,76896,22,3134,3295,395808,186,89570,220,67404
2021-05-07,podkarpackie,PK,154,77050,15,3149,3193,399001,205,89775,229,67633
2021-05-08,podkarpackie,PK,118,77168,42,3191,2927,401928,142,89917,211,67844
2021-05-09,podkarpackie,PK,92,77260,6,3197,2255,404183,100,90017,203,68047
2021-05-10,podkarpackie,PK,54,77314,0,3197,1620,405803,68,90085,169,68216
2021-05-11,podkarpackie,PK,70,77384,17,3214,3238,409041,85,90170,94,68310
2021-05-12,podkarpackie,PK,105,77489,16,3230,3043,412084,120,90290,70,68380
2021-05-13,podkarpackie,PK,84,77573,8,3238,2608,414692,100,90390,49,68429
2021-05-14,podkarpackie,PK,76,77649,8,3246,2869,417561,94,90484,156,68585
2021-05-15,podkarpackie,PK,38,77687,16,3262,2404,419965,47,90531,145,68730
2021-05-16,podkarpackie,PK,64,77751,5,3267,2126,422091,77,90608,108,68838
2021-05-17,podkarpackie,PK,39,77790,0,3267,1598,423689,40,90648,145,68983
2021-05-18,podkarpackie,PK,31,77821,4,3271,2956,426645,44,90692,79,69062
2021-05-19,podkarpackie,PK,41,77862,13,3284,2918,429563,63,90755,50,69112
2021-05-20,podkarpackie,PK,53,77915,12,3296,2943,432506,62,90817,100,69212
2021-05-21,podkarpackie,PK,44,77959,7,3303,2858,435364,59,90876,107,69319
2021-05-22,podkarpackie,PK,33,77992,14,3317,2858,438222,43,90919,77,69396
2021-05-23,podkarpackie,PK,21,78013,1,3318,1908,440130,27,90946,72,69468
2021-05-24,podkarpackie,PK,10,78023,0,3318,1753,441883,14,90960,48,69516
2021-05-25,podkarpackie,PK,15,78038,1,3319,3040,444923,18,90978,66,69582
2021-05-26,podkarpackie,PK,32,78070,8,3327,2864,447787,39,91017,30,69612
2021-05-27,podkarpackie,PK,25,78095,6,3333,2903,450690,38,91055,46,69658
2021-05-28,podkarpackie,PK,27,78122,9,3342,2721,453411,37,91092,54,69712
2021-05-29,podkarpackie,PK,19,78141,3,3345,2668,456079,29,91121,54,69766
2021-05-30,podkarpackie,PK,12,78153,4,3349,2170,458249,16,91137,48,69814
2021-05-31,podkarpackie,PK,10,78163,0,3349,1469,459718,11,91148,36,69850
2021-06-01,podkarpackie,PK,12,78175,3,3352,2805,462523,15,91163,23,69873
2021-06-02,podkarpackie,PK,11,78186,11,3363,2639,465162,16,91179,15,69888
2021-06-03,podkarpackie,PK,16,78202,5,3368,2484,467646,20,91199,32,69920
2021-06-04,podkarpackie,PK,8,78210,0,3368,1249,468895,10,91209,25,69945
2021-06-05,podkarpackie,PK,19,78229,4,3372,2507,471402,22,91231,22,69967
2021-06-06,podkarpackie,PK,10,78239,1,3373,2186,473588,13,91244,27,69994
2021-06-07,podkarpackie,PK,6,78245,1,3374,1523,475111,8,91252,18,70012
2021-06-08,podkarpackie,PK,32,78277,2,3376,2862,477973,36,91288,13,70025
2021-06-09,podkarpackie,PK,4,78281,1,3377,2656,480629,17,91305,10,70035
2021-06-10,podkarpackie,PK,11,78292,3,3380,2543,483172,13,91318,15,70050
2021-06-11,podkarpackie,PK,17,78309,0,3380,2506,485678,67,91385,15,70065
2021-06-12,podkarpackie,PK,9,78318,3,3383,2405,488083,42,91427,10,70075
2021-06-13,podkarpackie,PK,17,78335,0,3383,2198,490281,18,91445,17,70092
2021-06-14,podkarpackie,PK,2,78337,0,3383,1702,491983,6,91451,16,70108
2021-06-15,podkarpackie,PK,5,78342,2,3385,2796,494779,33,91484,11,70119
2021-06-16,podkarpackie,PK,7,78349,0,3385,2421,497200,12,91496,7,70126
2021-06-17,podkarpackie,PK,7,78356,2,3387,2227,499427,15,91511,11,70137
2021-06-18,podkarpackie,PK,7,78363,1,3388,2190,501617,50,91561,9,70146
2021-06-19,podkarpackie,PK,5,78368,6,3394,2273,503890,9,91570,11,70157
2021-06-20,podkarpackie,PK,8,78376,0,3394,2203,506093,97,91667,11,70168
2021-06-21,podkarpackie,PK,4,78380,0,3394,1392,507485,5,91672,4,70172
2021-06-22,podkarpackie,PK,7,78387,0,3394,3228,510713,10,91682,5,70177
2021-06-23,podkarpackie,PK,12,78399,0,3394,2908,513621,93,91775,6,70183
2021-06-24,podkarpackie,PK,3,78402,1,3395,2109,515730,8,91783,9,70192
2021-06-25,podkarpackie,PK,5,78407,2,3397,1961,517691,15,91798,7,70199
2021-06-26,podkarpackie,PK,5,78412,1,3398,2162,519853,14,91812,3,70202
2021-06-27,podkarpackie,PK,5,78417,0,3398,1630,521483,12,91824,1,70203
2021-06-28,podkarpackie,PK,7,78424,0,3398,1201,522684,10,91834,9,70212
2021-06-29,podkarpackie,PK,0,78424,1,3399,2613,525297,3,91837,3,70215
2021-06-30,podkarpackie,PK,4,78428,1,3400,2221,527518,5,91842,5,70220
2021-07-01,podkarpackie,PK,3,78431,0,3400,1915,529433,13,91855,9,70229
2021-07-02,podkarpackie,PK,3,78434,1,3401,2079,531512,8,91863,6,70235
2021-07-03,podkarpackie,PK,5,78439,0,3401,2554,534066,14,91877,4,70239
2021-07-04,podkarpackie,PK,1,78440,0,3401,1871,535937,1,91878,4,70243
2021-07-05,podkarpackie,PK,1,78441,0,3401,1320,537257,1,91879,5,70248
2021-07-06,podkarpackie,PK,4,78445,0,3401,2509,539766,5,91884,6,70254
2021-07-07,podkarpackie,PK,0,78445,0,3401,2167,541933,2,91886,1,70255
2021-07-08,podkarpackie,PK,0,78445,0,3401,1859,543792,1,91887,2,70257
2021-07-09,podkarpackie,PK,2,78447,0,3401,2044,545836,3,91890,2,70259
2021-07-10,podkarpackie,PK,4,78451,1,3402,2380,548216,9,91899,6,70265
2021-07-11,podkarpackie,PK,3,78454,0,3402,1927,550143,4,91903,2,70267
2021-07-12,podkarpackie,PK,2,78456,0,3402,1461,551604,3,91906,7,70274
2021-07-13,podkarpackie,PK,2,78458,1,3403,2288,553892,2,91908,3,70277
2021-07-14,podkarpackie,PK,2,78460,0,3403,2197,556089,2,91910,2,70279
2021-07-15,podkarpackie,PK,8,78468,6,3409,2133,558222,12,91922,1,70280
2021-07-16,podkarpackie,PK,3,78471,0,3409,2010,560232,7,91929,2,70282
2021-07-17,podkarpackie,PK,7,78478,1,3410,2282,562514,8,91937,3,70285
2021-07-18,podkarpackie,PK,4,78482,0,3410,1957,564471,7,91944,0,70285
2021-07-19,podkarpackie,PK,2,78484,0,3410,1469,565940,4,91948,1,70286
2021-07-20,podkarpackie,PK,2,78486,1,3411,2625,568565,5,91953,3,70289
2021-07-21,podkarpackie,PK,3,78489,0,3411,2195,570760,7,91960,4,70293
2021-07-22,podkarpackie,PK,4,78493,1,3412,1789,572549,7,91967,3,70296
2021-07-23,podkarpackie,PK,2,78495,0,3412,1826,574375,5,91972,6,70302
2021-07-24,podkarpackie,PK,5,78500,0,3412,2432,576807,8,91980,3,70305
2021-07-25,podkarpackie,PK,8,78508,0,3412,1862,578669,10,91990,4,70309
2021-07-26,podkarpackie,PK,2,78510,0,3412,1367,580036,2,91992,4,70313
2021-07-27,podkarpackie,PK,4,78514,0,3412,2211,582247,4,91996,5,70318
2021-07-28,podkarpackie,PK,6,78520,0,3412,2204,584451,8,92004,2,70320
2021-07-29,podkarpackie,PK,21,78541,0,3412,2240,586691,44,92048,6,70326
2021-07-30,podkarpackie,PK,8,78549,0,3412,1978,588669,10,92058,3,70329
2021-07-31,podkarpackie,PK,7,78556,0,3412,2155,590824,9,92067,4,70333
2021-08-01,podkarpackie,PK,11,78567,0,3412,2326,593150,12,92079,2,70335
2021-08-02,podkarpackie,PK,5,78572,0,3412,1667,594817,6,92085,5,70340
2021-08-03,podkarpackie,PK,10,78582,2,3414,2453,597270,14,92099,2,70342
2021-08-04,podkarpackie,PK,9,78591,1,3415,2276,599546,9,92108,1,70343
2021-08-05,podkarpackie,PK,6,78597,0,3415,2002,601548,8,92116,6,70349
2021-08-06,podkarpackie,PK,11,78608,0,3415,2043,603591,16,92132,10,70359
2021-08-07,podkarpackie,PK,9,78617,0,3415,2525,606116,9,92141,12,70371
2021-08-08,podkarpackie,PK,8,78625,0,3415,2201,608317,10,92151,6,70377
2021-08-09,podkarpackie,PK,4,78629,0,3415,1612,609929,5,92156,13,70390
2021-08-10,podkarpackie,PK,13,78642,0,3415,2672,612601,14,92170,14,70404
2021-08-11,podkarpackie,PK,14,78656,1,3416,2449,615050,22,92192,6,70410
2021-08-12,podkarpackie,PK,13,78669,0,3416,2309,617359,16,92208,9,70419
2021-08-13,podkarpackie,PK,13,78682,1,3417,2304,619663,20,92228,9,70428
2021-08-14,podkarpackie,PK,14,78696,0,3417,2851,622514,21,92249,12,70440
2021-08-15,podkarpackie,PK,8,78704,0,3417,2375,624889,9,92258,8,70448
2021-08-16,podkarpackie,PK,7,78711,0,3417,1494,626383,9,92267,7,70455
2021-08-17,podkarpackie,PK,18,78729,0,3417,2825,629208,26,92293,5,70460
2021-08-18,podkarpackie,PK,14,78743,0,3417,2361,631569,24,92317,5,70465
2021-08-19,podkarpackie,PK,15,78758,0,3417,2133,633702,28,92345,14,70479
2021-08-20,podkarpackie,PK,12,78770,0,3417,2328,636030,24,92369,12,70491
2021-08-21,podkarpackie,PK,14,78784,0,3417,2807,638837,17,92386,13,70504
2021-08-22,podkarpackie,PK,16,78800,0,3417,2161,640998,28,92414,5,70509
2021-08-23,podkarpackie,PK,13,78813,0,3417,1633,642631,15,92429,17,70526
2021-08-24,podkarpackie,PK,15,78828,0,3417,2770,645401,20,92449,15,70541
2021-08-25,podkarpackie,PK,22,78850,0,3417,2341,647742,26,92475,5,70546
2021-08-26,podkarpackie,PK,16,78866,0,3417,2233,649975,19,92494,16,70562
2021-08-27,podkarpackie,PK,24,78890,0,3417,1972,651947,36,92530,17,70579
2021-08-28,podkarpackie,PK,16,78906,1,3418,2634,654581,20,92550,17,70596
2021-08-29,podkarpackie,PK,15,78921,0,3418,2347,656928,21,92571,11,70607
2021-08-30,podkarpackie,PK,14,78935,0,3418,1377,658305,18,92589,12,70619
2021-08-31,podkarpackie,PK,16,78951,0,3418,2821,661126,18,92607,11,70630
2021-09-01,podkarpackie,PK,28,78979,1,3419,2633,663759,39,92646,15,70645
2021-09-02,podkarpackie,PK,17,78996,0,3419,2285,666044,25,92671,16,70661
2021-09-03,podkarpackie,PK,26,79022,0,3419,2196,668240,31,92702,28,70689
2021-09-04,podkarpackie,PK,22,79044,2,3421,2766,671006,28,92730,11,70700
2021-09-05,podkarpackie,PK,25,79069,0,3421,1958,672964,28,92758,24,70724
2021-09-06,podkarpackie,PK,20,79089,0,3421,1444,674408,28,92786,13,70737
2021-09-07,podkarpackie,PK,26,79115,0,3421,2775,677183,46,92832,13,70750
2021-09-08,podkarpackie,PK,34,79149,0,3421,2313,679496,40,92872,11,70761
2021-09-09,podkarpackie,PK,45,79194,0,3421,2180,681676,51,92923,21,70782
2021-09-10,podkarpackie,PK,31,79225,1,3422,2188,683864,35,92958,32,70814
2021-09-11,podkarpackie,PK,35,79260,2,3424,2447,686311,45,93003,17,70831
2021-09-12,podkarpackie,PK,33,79293,0,3424,2124,688435,37,93040,31,70862
2021-09-13,podkarpackie,PK,18,79311,0,3424,1472,689907,21,93061,18,70880
2021-09-14,podkarpackie,PK,32,79343,0,3424,2607,692514,37,93098,23,70903
2021-09-15,podkarpackie,PK,59,79402,1,3425,2521,695035,69,93167,11,70914
2021-09-16,podkarpackie,PK,47,79449,0,3425,2315,697350,59,93226,33,70947
2021-09-17,podkarpackie,PK,60,79509,2,3427,2169,699519,64,93290,33,70980
2021-09-18,podkarpackie,PK,51,79560,2,3429,2406,701925,55,93345,38,71018
2021-09-19,podkarpackie,PK,38,79598,0,3429,2133,704058,44,93389,34,71052
2021-09-20,podkarpackie,PK,24,79622,0,3429,1455,705513,31,93420,37,71089
2021-09-21,podkarpackie,PK,31,79653,0,3429,2682,708195,39,93459,27,71116
2021-09-22,podkarpackie,PK,47,79700,0,3429,2612,710807,55,93514,13,71129
2021-09-23,podkarpackie,PK,64,79764,0,3429,2534,713341,79,93593,32,71161
2021-09-24,podkarpackie,PK,51,79815,4,3433,2338,715679,64,93657,63,71224
2021-09-25,podkarpackie,PK,85,79900,2,3435,2471,718150,93,93750,56,71280
2021-09-26,podkarpackie,PK,51,79951,0,3435,2062,720212,58,93808,56,71336
2021-09-27,podkarpackie,PK,34,79985,0,3435,1405,721617,42,93850,45,71381
2021-09-28,podkarpackie,PK,63,80048,1,3436,2751,724368,73,93923,50,71431
2021-09-29,podkarpackie,PK,67,80115,0,3436,2935,727303,107,94030,24,71455
2021-09-30,podkarpackie,PK,81,80196,5,3441,2390,729693,91,94121,29,71484
2021-10-01,podkarpackie,PK,73,80269,0,3441,2573,732266,93,94214,52,71536
2021-10-02,podkarpackie,PK,57,80326,3,3444,2350,734616,68,94282,57,71593
2021-10-03,podkarpackie,PK,86,80412,0,3444,2016,736632,92,94374,58,71651
2021-10-04,podkarpackie,PK,30,80442,0,3444,1368,738000,37,94411,72,71723
2021-10-05,podkarpackie,PK,68,80510,5,3449,2588,740588,85,94496,57,71780
2021-10-06,podkarpackie,PK,88,80598,6,3455,2515,743103,103,94599,22,71802
2021-10-07,podkarpackie,PK,130,80728,1,3456,2314,745417,150,94749,66,71868
2021-10-08,podkarpackie,PK,72,80800,1,3457,2122,747539,90,94839,65,71933
2021-10-09,podkarpackie,PK,81,80881,1,3458,2161,749700,97,94936,75,72008
2021-10-10,podkarpackie,PK,77,80958,0,3458,1713,751413,90,95026,60,72068
2021-10-11,podkarpackie,PK,31,80989,0,3458,1370,752783,38,95064,69,72137
2021-10-12,podkarpackie,PK,78,81067,4,3462,2409,755192,92,95156,70,72207
2021-10-13,podkarpackie,PK,103,81170,3,3465,2760,757952,122,95278,40,72247
2021-10-14,podkarpackie,PK,154,81324,3,3468,2561,760513,174,95452,69,72316
2021-10-15,podkarpackie,PK,132,81456,8,3476,2544,763057,162,95614,110,72426
2021-10-16,podkarpackie,PK,109,81565,4,3480,2519,765576,118,95732,123,72549
2021-10-17,podkarpackie,PK,153,81718,0,3480,2068,767644,175,95907,88,72637
2021-10-18,podkarpackie,PK,65,81783,0,3480,1457,769101,77,95984,89,72726
2021-10-19,podkarpackie,PK,160,81943,1,3481,2783,771884,180,96164,81,72807
2021-10-20,podkarpackie,PK,259,82202,1,3482,2825,774709,284,96448,39,72846
2021-10-21,podkarpackie,PK,314,82516,6,3488,2872,777581,342,96790,74,72920
2021-10-22,podkarpackie,PK,264,82780,6,3494,2729,780310,287,97077,130,73050
2021-10-23,podkarpackie,PK,296,83076,3,3497,2693,783003,327,97404,142,73192
2021-10-24,podkarpackie,PK,312,83388,0,3497,2231,785234,335,97739,110,73302
2021-10-25,podkarpackie,PK,176,83564,0,3497,1736,786970,195,97934,109,73411
2021-10-26,podkarpackie,PK,254,83818,2,3499,3312,790282,269,98203,165,73576
2021-10-27,podkarpackie,PK,427,84245,4,3503,3326,793608,464,98667,67,73643
2021-10-28,podkarpackie,PK,355,84600,4,3507,3117,796725,385,99052,163,73806
2021-10-29,podkarpackie,PK,377,84977,6,3513,3097,799822,401,99453,301,74107
2021-10-30,podkarpackie,PK,402,85379,11,3524,2925,802747,427,99880,288,74395
2021-10-31,podkarpackie,PK,363,85742,0,3524,2355,805102,402,100282,286,74681
2021-11-01,podkarpackie,PK,209,85951,0,3524,1645,806747,253,100535,329,75010
2021-11-02,podkarpackie,PK,225,86176,1,3525,1770,808517,274,100809,234,75244
2021-11-03,podkarpackie,PK,451,86627,3,3528,4150,812667,509,101318,193,75437
2021-11-04,podkarpackie,PK,690,87317,9,3537,4523,817190,741,102059,271,75708
2021-11-05,podkarpackie,PK,714,88031,9,3546,3970,821160,765,102824,455,76163
2021-11-06,podkarpackie,PK,708,88739,23,3569,4107,825267,765,103589,331,76494
2021-11-07,podkarpackie,PK,553,89292,0,3569,2797,828064,598,104187,361,76855
2021-11-08,podkarpackie,PK,327,89619,0,3569,2034,830098,361,104548,420,77275
2021-11-09,podkarpackie,PK,603,90222,1,3570,4221,834319,657,105205,350,77625
2021-11-10,podkarpackie,PK,794,91016,19,3589,4321,838640,850,106055,238,77863
2021-11-11,podkarpackie,PK,882,91898,15,3604,4163,842803,951,107006,221,78084
2021-11-12,podkarpackie,PK,636,92534,3,3607,2420,845223,694,107700,504,78588
2021-11-13,podkarpackie,PK,635,93169,20,3627,3561,848784,716,108416,744,79332
2021-11-14,podkarpackie,PK,723,93892,1,3628,2743,851527,774,109190,644,79976
2021-11-15,podkarpackie,PK,321,94213,4,3632,1858,853385,364,109554,718,80694
2021-11-16,podkarpackie,PK,701,94914,15,3647,4499,857884,776,110330,581,81275
2021-11-17,podkarpackie,PK,987,95901,30,3677,4804,862688,1070,111400,356,81631
2021-11-18,podkarpackie,PK,1173,97074,24,3701,4956,867644,1240,112640,644,82275
2021-11-19,podkarpackie,PK,995,98069,39,3740,4359,872003,1074,113714,838,83113
2021-11-20,podkarpackie,PK,1086,99155,38,3778,4688,876691,1174,114888,878,83991
2021-11-21,podkarpackie,PK,765,99920,0,3778,2965,879656,824,115712,549,84540
2021-11-22,podkarpackie,PK,375,100295,0,3778,2205,881861,425,116137,676,85216
2021-11-23,podkarpackie,PK,875,101170,20,3798,4789,886650,966,117103,728,85944
2021-11-24,podkarpackie,PK,1058,102228,14,3812,4986,891636,1155,118258,372,86316
2021-11-25,podkarpackie,PK,1228,103456,38,3850,5178,896814,1313,119571,769,87085
2021-11-26,podkarpackie,PK,1174,104630,56,3906,4958,901772,1259,120830,1073,88158
2021-11-27,podkarpackie,PK,1019,105649,37,3943,4737,906509,1114,121944,1117,89275
2021-11-28,podkarpackie,PK,855,106504,0,3943,3247,909756,930,122874,987,90262
2021-11-29,podkarpackie,PK,416,106920,4,3947,2154,911910,471,123345,1070,91332
2021-11-30,podkarpackie,PK,833,107753,21,3968,4777,916687,906,124251,694,92026
2021-12-01,podkarpackie,PK,1079,108832,38,4006,5395,922082,1148,125399,437,92463
2021-12-02,podkarpackie,PK,1059,109891,20,4026,4931,927013,1165,126564,961,93424
2021-12-03,podkarpackie,PK,1048,110939,43,4069,4865,931878,1127,127691,1159,94583
2021-12-04,podkarpackie,PK,905,111844,56,4125,4499,936377,992,128683,1201,95784
2021-12-05,podkarpackie,PK,741,112585,2,4127,2842,939219,794,129477,1127,96911
2021-12-06,podkarpackie,PK,365,112950,0,4127,2156,941375,416,129893,1046,97957
2021-12-07,podkarpackie,PK,789,113739,30,4157,4510,945885,892,130785,810,98767
2021-12-08,podkarpackie,PK,899,114638,23,4180,4966,950851,993,131778,509,99276
2021-12-09,podkarpackie,PK,950,115588,33,4213,4825,955676,1050,132828,896,100172
2021-12-10,podkarpackie,PK,832,116420,63,4276,4643,960319,905,133733,1080,101252
2021-12-11,podkarpackie,PK,880,117300,49,4325,4624,964943,973,134706,1117,102369
2021-12-12,podkarpackie,PK,751,118051,4,4329,3116,968059,811,135517,1029,103398
2021-12-13,podkarpackie,PK,305,118356,1,4330,1971,970030,345,135862,925,104323
2021-12-14,podkarpackie,PK,692,119048,15,4345,4581,974611,765,136627,762,105085
2021-12-15,podkarpackie,PK,801,119849,20,4365,4518,979129,894,137521,397,105482
2021-12-16,podkarpackie,PK,822,120671,30,4395,4866,983995,916,138437,815,106297
2021-12-17,podkarpackie,PK,701,121372,48,4443,4275,988270,751,139188,981,107278
2021-12-18,podkarpackie,PK,669,122041,87,4530,4561,992831,738,139926,1010,108288
2021-12-19,podkarpackie,PK,446,122487,0,4530,2908,995739,513,140439,783,109071
2021-12-20,podkarpackie,PK,264,122751,2,4532,2075,997814,308,140747,918,109989
2021-12-21,podkarpackie,PK,456,123207,14,4546,4264,1002078,537,141284,707,110696
2021-12-22,podkarpackie,PK,576,123783,63,4609,4049,1006127,642,141926,353,111049
2021-12-23,podkarpackie,PK,547,124330,65,4674,4036,1010163,611,142537,748,111797
2021-12-24,podkarpackie,PK,487,124817,59,4733,3311,1013474,531,143068,930,112727
2021-12-25,podkarpackie,PK,393,125210,32,4765,2157,1015631,445,143513,781,113508
2021-12-26,podkarpackie,PK,196,125406,0,4765,1469,1017100,218,143731,661,114169
2021-12-27,podkarpackie,PK,165,125571,0,4765,1913,1019013,183,143914,646,114815
2021-12-28,podkarpackie,PK,383,125954,7,4772,4473,1023486,439,144353,441,115256
2021-12-29,podkarpackie,PK,534,126488,38,4810,4621,1028107,598,144951,310,115566
2021-12-30,podkarpackie,PK,466,126954,30,4840,4173,1032280,527,145478,499,116065
2021-12-31,podkarpackie,PK,629,127583,41,4881,4389,1036669,707,146185,668,116733
2022-01-01,podkarpackie,PK,535,128118,51,4932,3774,1040443,598,146783,567,117300
2022-01-02,podkarpackie,PK,250,128368,0,4932,2328,1042771,291,147074,507,117807
2022-01-03,podkarpackie,PK,246,128614,0,4932,2725,1045496,286,147360,391,118198
2022-01-04,podkarpackie,PK,564,129178,10,4942,6025,1051521,641,148001,191,118389
2022-01-05,podkarpackie,PK,679,129857,24,4966,5734,1057255,756,148757,196,118585
2022-01-06,podkarpackie,PK,758,130615,57,5023,5299,1062554,878,149635,443,119028
2022-01-07,podkarpackie,PK,561,131176,4,5027,3163,1065717,617,150252,557,119585
2022-01-08,podkarpackie,PK,540,131716,30,5057,4300,1070017,614,150866,539,120124
2022-01-09,podkarpackie,PK,508,132224,0,5057,3752,1073769,594,151460,588,120712
2022-01-10,podkarpackie,PK,349,132573,0,5057,2997,1076766,404,151864,523,121235
2022-01-11,podkarpackie,PK,626,133199,8,5065,5405,1082171,742,152606,256,121491
2022-01-12,podkarpackie,PK,918,134117,48,5113,5223,1087394,1054,153660,302,121793
2022-01-13,podkarpackie,PK,940,135057,10,5123,5026,1092420,1096,154756,667,122460
2022-01-14,podkarpackie,PK,917,135974,47,5170,5060,1097480,1067,155823,697,123157
2022-01-15,podkarpackie,PK,1120,137094,31,5201,5659,1103139,1288,157111,917,124074
2022-01-16,podkarpackie,PK,795,137889,0,5201,3454,1106593,897,158008,493,124567
2022-01-17,podkarpackie,PK,613,138502,0,5201,2958,1109551,707,158715,648,125215
2022-01-18,podkarpackie,PK,1203,139705,9,5210,5710,1115261,1422,160137,539,125754
2022-01-19,podkarpackie,PK,1789,141494,9,5219,6600,1121861,2109,162246,386,126140
2022-01-20,podkarpackie,PK,1909,143403,27,5246,6712,1128573,2233,164479,738,126878
2022-01-21,podkarpackie,PK,2402,145805,20,5266,7786,1136359,2786,167265,1013,127891
2022-01-22,podkarpackie,PK,2328,148133,26,5292,7373,1143732,2704,169969,1032,128923
2022-01-23,podkarpackie,PK,2000,150133,2,5294,5269,1149001,2285,172254,1017,129940
2022-01-24,podkarpackie,PK,1479,151612,0,5294,4415,1153416,1691,173945,1257,131197
2022-01-25,podkarpackie,PK,2003,153615,3,5297,7553,1160969,2351,176296,812,132009
2022-01-26,podkarpackie,PK,2783,156398,20,5317,8839,1169808,3273,179569,700,132709
2022-01-27,podkarpackie,PK,2666,159064,25,5342,8641,1178449,3163,182732,1406,134115
2022-01-28,podkarpackie,PK,2549,161613,33,5375,7908,1186357,2946,185678,2179,136294
2022-01-29,podkarpackie,PK,2515,164128,36,5411,8041,1194398,2927,188605,2325,138619
2022-01-30,podkarpackie,PK,2340,166468,0,5411,6613,1201011,2659,191264,2549,141168
2022-01-31,podkarpackie,PK,957,167425,1,5412,3867,1204878,1155,192419,2674,143842
2022-02-01,podkarpackie,PK,1427,168852,6,5418,6162,1211040,1689,194108,2157,145999
2022-02-02,podkarpackie,PK,2440,171292,17,5435,8557,1219597,2870,196978,1580,147579
2022-02-03,podkarpackie,PK,1909,173201,23,5458,6790,1226387,2237,199215,2410,149989
2022-02-04,podkarpackie,PK,1932,175133,27,5485,7161,1233548,2283,201498,3186,153175
2022-02-05,podkarpackie,PK,1381,176514,27,5512,6143,1239691,1644,203142,3065,156240
2022-02-06,podkarpackie,PK,1044,177558,0,5512,4115,1243806,1207,204349,2905,159145
2022-02-07,podkarpackie,PK,593,178151,0,5512,3017,1246823,709,205058,2871,162016
2022-02-08,podkarpackie,PK,1026,179177,5,5517,5728,1252551,1131,206189,2445,164461
2022-02-09,podkarpackie,PK,1208,180385,25,5542,5958,1258509,1306,207495,1203,165664
2022-02-10,podkarpackie,PK,1179,181564,9,5551,5577,1264086,1272,208767,1835,167499
2022-02-11,podkarpackie,PK,778,182342,36,5587,4530,1268616,841,209608,2739,170238
2022-02-12,podkarpackie,PK,670,183012,33,5620,4480,1273096,767,210375,2307,172545
2022-02-13,podkarpackie,PK,460,183472,0,5620,2829,1275925,502,210877,1959,174504
2022-02-14,podkarpackie,PK,306,183778,0,5620,2230,1278155,337,211214,1481,175985
2022-02-15,podkarpackie,PK,440,184218,19,5639,4253,1282408,496,211710,1086,177071
2022-02-16,podkarpackie,PK,616,184834,20,5659,4325,1286733,671,212381,701,177772
2022-02-17,podkarpackie,PK,529,185363,37,5696,4522,1291255,610,212991,1052,178824
2022-02-18,podkarpackie,PK,444,185807,33,5729,3905,1295160,497,213488,1267,180091
2022-02-19,podkarpackie,PK,386,186193,29,5758,3536,1298696,434,213922,1145,181236
2022-02-20,podkarpackie,PK,226,186419,0,5758,2297,1300993,247,214169,703,181939
2022-02-21,podkarpackie,PK,154,186573,0,5758,1814,1302807,174,214343,825,182764
2022-02-22,podkarpackie,PK,290,186863,7,5765,4207,1307014,368,214711,1045,183809
2022-02-23,podkarpackie,PK,320,187183,12,5777,3711,1310725,368,215079,731,184540
2022-02-24,podkarpackie,PK,192,187375,22,5799,3197,1313922,225,215304,750,185290
2022-02-25,podkarpackie,PK,248,187623,11,5810,3177,1317099,293,215597,387,185677
2022-02-26,podkarpackie,PK,194,187817,15,5825,3064,1320163,227,215824,295,185972
2022-02-27,podkarpackie,PK,112,187929,3,5828,2053,1322216,128,215952,130,186102
2022-02-28,podkarpackie,PK,97,188026,0,5828,1750,1323966,113,216065,320,186422
2022-03-01,podkarpackie,PK,173,188199,6,5834,3273,1327239,201,216266,352,186774
2022-03-02,podkarpackie,PK,205,188404,12,5846,3544,1330783,235,216501,242,187016
2022-03-03,podkarpackie,PK,168,188572,23,5869,3156,1333939,189,216690,259,187275
2022-03-04,podkarpackie,PK,143,188715,13,5882,2871,1336810,178,216868,194,187469
2022-03-05,podkarpackie,PK,132,188847,20,5902,2778,1339588,153,217021,156,187625
2022-03-06,podkarpackie,PK,112,188959,0,5902,1753,1341341,122,217143,93,187718
2022-03-07,podkarpackie,PK,48,189007,0,5902,1510,1342851,65,217208,181,187899
2022-03-08,podkarpackie,PK,167,189174,8,5910,3513,1346364,190,217398,226,188125
2022-03-09,podkarpackie,PK,178,189352,15,5925,3229,1349593,196,217594,157,188282
2022-03-10,podkarpackie,PK,144,189496,5,5930,3149,1352742,157,217751,169,188451
2022-03-11,podkarpackie,PK,142,189638,9,5939,2752,1355494,168,217919,133,188584
2022-03-12,podkarpackie,PK,149,189787,7,5946,2497,1357991,165,218084,130,188714
2022-03-13,podkarpackie,PK,101,189888,0,5946,1843,1359834,118,218202,63,188777
2022-03-14,podkarpackie,PK,89,189977,0,5946,1466,1361300,97,218299,181,188958
2022-03-15,podkarpackie,PK,172,190149,19,5965,3567,1364867,190,218489,181,189139
2022-03-16,podkarpackie,PK,166,190315,2,5967,3074,1367941,188,218677,155,189294
2022-03-17,podkarpackie,PK,179,190494,4,5971,2928,1370869,206,218883,154,189448
2022-03-18,podkarpackie,PK,223,190717,11,5982,2869,1373738,235,219118,149,189597
2022-03-19,podkarpackie,PK,160,190877,8,5990,2389,1376127,182,219300,105,189702
2022-03-20,podkarpackie,PK,128,191005,0,5990,1696,1377823,138,219438,94,189796
2022-03-21,podkarpackie,PK,66,191071,0,5990,1444,1379267,72,219510,184,189980
2022-03-22,podkarpackie,PK,198,191269,0,5990,3290,1382557,225,219735,174,190154
2022-03-23,podkarpackie,PK,186,191455,5,5995,3156,1385713,219,219954,201,190355
2022-03-24,podkarpackie,PK,197,191652,11,6006,3274,1388987,250,220204,210,190565
2022-03-25,podkarpackie,PK,134,191786,4,6010,2952,1391939,183,220387,167,190732
2022-03-26,podkarpackie,PK,142,191928,2,6012,2621,1394560,168,220555,125,190857
2022-03-27,podkarpackie,PK,99,192027,0,6012,1747,1396307,114,220669,75,190932
2022-03-28,podkarpackie,PK,50,192077,0,6012,1448,1397755,64,220733,212,191144
2022-03-29,podkarpackie,PK,148,192225,5,6017,3583,1401338,212,220945,209,191353
2022-03-30,podkarpackie,PK,162,192387,3,6020,3159,1404497,181,221126,215,191568
2022-03-31,podkarpackie,PK,112,192499,8,6028,3284,1407781,150,221276,124,191692
2022-04-01,podkarpackie,PK,104,192603,3,6031,2730,1410511,127,221403,157,191849
2022-04-02,podkarpackie,PK,84,192687,2,6033,1492,1412003,93,221496,95,191944
2022-04-03,podkarpackie,PK,28,192715,0,6033,512,1412515,37,221533,36,191980
2022-04-04,podkarpackie,PK,22,192737,0,6033,430,1412945,28,221561,1,191981
2022-04-05,podkarpackie,PK,51,192788,3,6036,963,1413908,56,221617,13,191994
2022-04-06,podkarpackie,PK,58,192846,1,6037,921,1414829,66,221683,5,191999
2022-04-07,podkarpackie,PK,40,192886,3,6040,1460,1416289,85,221768,3,192002
2022-04-08,podkarpackie,PK,45,192931,2,6042,940,1417229,72,221840,9,192011
2022-04-09,podkarpackie,PK,82,193013,1,6043,1436,1418665,152,221992,5,192016
2022-04-10,podkarpackie,PK,27,193040,0,6043,367,1419032,31,222023,0,192016
2022-04-11,podkarpackie,PK,16,193056,0,6043,350,1419382,20,222043,4,192020
2022-04-12,podkarpackie,PK,66,193122,1,6044,1178,1420560,82,222125,10,192030
2022-04-13,podkarpackie,PK,44,193166,0,6044,843,1421403,65,222190,5,192035
2022-04-14,podkarpackie,PK,31,193197,0,6044,528,1421931,41,222231,3,192038
2022-04-15,podkarpackie,PK,66,193263,1,6045,712,1422643,144,222375,6,192044
2022-04-16,podkarpackie,PK,28,193291,2,6047,585,1423228,38,222413,9,192053
2022-04-17,podkarpackie,PK,7,193298,0,6047,268,1423496,9,222422,1,192054
2022-04-18,podkarpackie,PK,17,193315,0,6047,271,1423767,22,222444,0,192054
2022-04-19,podkarpackie,PK,12,193327,0,6047,355,1424122,13,222457,0,192054
2022-04-20,podkarpackie,PK,58,193385,0,6047,1072,1425194,68,222525,5,192059
2022-04-21,podkarpackie,PK,46,193431,2,6049,762,1425956,54,222579,7,192066
2022-04-22,podkarpackie,PK,41,193472,1,6050,707,1426663,49,222628,9,192075
2022-04-23,podkarpackie,PK,42,193514,0,6050,661,1427324,52,222680,8,192083
2022-04-24,podkarpackie,PK,18,193532,0,6050,383,1427707,20,222700,5,192088
2022-04-25,podkarpackie,PK,14,193546,0,6050,381,1428088,18,222718,1,192089
2022-04-26,podkarpackie,PK,65,193611,2,6052,813,1428901,73,222791,1,192090
2022-04-27,podkarpackie,PK,43,193654,0,6052,655,1429556,53,222844,8,192098
2022-04-28,podkarpackie,PK,52,193706,1,6053,595,1430151,62,222906,5,192103
2022-04-29,podkarpackie,PK,36,193742,2,6055,601,1430752,47,222953,6,192109
2022-04-30,podkarpackie,PK,42,193784,0,6055,664,1431416,50,223003,5,192114
2022-05-01,podkarpackie,PK,18,193802,0,6055,415,1431831,20,223023,0,192114
2022-05-02,podkarpackie,PK,14,193816,0,6055,330,1432161,18,223041,0,192114
2022-05-03,podkarpackie,PK,50,193866,0,6055,546,1432707,56,223097,9,192123
2022-05-04,podkarpackie,PK,13,193879,0,6055,283,1432990,13,223110,0,192123
2022-05-05,podkarpackie,PK,43,193922,0,6055,573,1433563,47,223157,6,192129
2022-05-06,podkarpackie,PK,30,193952,1,6056,529,1434092,40,223197,5,192134
2022-05-07,podkarpackie,PK,31,193983,0,6056,511,1434603,34,223231,8,192142
2022-05-08,podkarpackie,PK,12,193995,0,6056,341,1434944,15,223246,1,192143
2022-05-09,podkarpackie,PK,13,194008,0,6056,335,1435279,14,223260,1,192144
2022-05-10,podkarpackie,PK,46,194054,2,6058,618,1435897,55,223315,6,192150
2022-05-11,podkarpackie,PK,22,194076,0,6058,503,1436400,26,223341,1,192151
2022-05-12,podkarpackie,PK,25,194101,0,6058,521,1436921,30,223371,4,192155
2022-05-13,podkarpackie,PK,24,194125,1,6059,609,1437530,32,223403,11,192166
2022-05-14,podkarpackie,PK,35,194160,0,6059,552,1438082,38,223441,2,192168
2022-05-15,podkarpackie,PK,6,194166,0,6059,329,1438411,9,223450,0,192168
2022-05-16,podkarpackie,PK,3,194169,0,6059,272,1438683,3,223453,2,192170
2022-05-17,podkarpackie,PK,23,194192,0,6059,719,1439402,28,223481,1,192171
2022-05-18,podkarpackie,PK,16,194208,0,6059,625,1440027,22,223503,5,192176
2022-05-19,podkarpackie,PK,16,194224,2,6061,515,1440542,19,223522,5,192181
2022-05-20,podkarpackie,PK,42,194266,1,6062,552,1441094,47,223569,2,192183
2022-05-21,podkarpackie,PK,20,194286,2,6064,719,1441813,26,223595,3,192186
2022-05-22,podkarpackie,PK,7,194293,0,6064,310,1442123,8,223603,0,192186
2022-05-23,podkarpackie,PK,3,194296,0,6064,372,1442495,5,223608,2,192188
2022-05-24,podkarpackie,PK,18,194314,1,6065,604,1443099,26,223634,3,192191
2022-05-25,podkarpackie,PK,7,194321,0,6065,466,1443565,9,223643,1,192192
2022-05-26,podkarpackie,PK,13,194334,0,6065,442,1444007,16,223659,2,192194
2022-05-27,podkarpackie,PK,9,194343,0,6065,376,1444383,12,223671,1,192195
2022-05-28,podkarpackie,PK,9,194352,0,6065,463,1444846,9,223680,6,192201
2022-05-29,podkarpackie,PK,6,194358,0,6065,308,1445154,7,223687,0,192201
2022-05-30,podkarpackie,PK,2,194360,0,6065,288,1445442,3,223690,0,192201
2022-05-31,podkarpackie,PK,33,194393,1,6066,608,1446050,39,223729,7,192208
2022-06-01,podkarpackie,PK,14,194407,0,6066,427,1446477,18,223747,2,192210
2022-06-02,podkarpackie,PK,8,194415,1,6067,311,1446788,11,223758,5,192215
2022-06-03,podkarpackie,PK,11,194426,0,6067,357,1447145,12,223770,2,192217
2022-06-04,podkarpackie,PK,12,194438,1,6068,296,1447441,13,223783,6,192223
2022-06-05,podkarpackie,PK,4,194442,0,6068,208,1447649,4,223787,1,192224
2022-06-06,podkarpackie,PK,5,194447,0,6068,197,1447846,7,223794,2,192226
2022-06-07,podkarpackie,PK,15,194462,0,6068,341,1448187,15,223809,1,192227
2022-06-08,podkarpackie,PK,6,194468,2,6070,283,1448470,6,223815,1,192228
2022-06-09,podkarpackie,PK,13,194481,0,6070,319,1448789,15,223830,4,192232
2022-06-10,podkarpackie,PK,10,194491,0,6070,309,1449098,10,223840,1,192233
2022-06-11,podkarpackie,PK,12,194503,0,6070,267,1449365,12,223852,2,192235
2022-06-12,podkarpackie,PK,2,194505,0,6070,164,1449529,2,223854,1,192236
2022-06-13,podkarpackie,PK,1,194506,0,6070,175,1449704,1,223855,0,192236
2022-06-14,podkarpackie,PK,15,194521,0,6070,270,1449974,16,223871,2,192238
2022-06-15,podkarpackie,PK,7,194528,1,6071,242,1450216,11,223882,5,192243
2022-06-16,podkarpackie,PK,3,194531,0,6071,205,1450421,5,223887,1,192244
2022-06-17,podkarpackie,PK,3,194534,0,6071,109,1450530,3,223890,0,192244
2022-06-18,podkarpackie,PK,16,194550,0,6071,211,1450741,17,223907,0,192244
2022-06-19,podkarpackie,PK,2,194552,0,6071,126,1450867,2,223909,1,192245
2022-06-20,podkarpackie,PK,2,194554,0,6071,129,1450996,2,223911,1,192246
2022-06-21,podkarpackie,PK,18,194572,0,6071,288,1451284,23,223934,4,192250
2022-06-22,podkarpackie,PK,5,194577,1,6072,185,1451469,8,223942,2,192252
2022-06-23,podkarpackie,PK,12,194589,0,6072,242,1451711,13,223955,2,192254
2022-06-24,podkarpackie,PK,9,194598,0,6072,212,1451923,11,223966,0,192254
2022-06-25,podkarpackie,PK,9,194607,0,6072,217,1452140,10,223976,0,192254
2022-06-26,podkarpackie,PK,3,194610,0,6072,114,1452254,4,223980,0,192254
2022-06-27,podkarpackie,PK,3,194613,0,6072,125,1452379,3,223983,0,192254
2022-06-28,podkarpackie,PK,23,194636,0,6072,259,1452638,29,224012,1,192255
2022-06-29,podkarpackie,PK,11,194647,0,6072,146,1452784,12,224024,2,192257
2022-06-30,podkarpackie,PK,15,194662,0,6072,251,1453035,15,224039,0,192257
2022-07-01,podkarpackie,PK,26,194688,0,6072,290,1453325,29,224068,1,192258
2022-07-02,podkarpackie,PK,20,194708,0,6072,171,1453496,22,224090,1,192259
2022-07-03,podkarpackie,PK,5,194713,0,6072,222,1453718,6,224096,0,192259
2022-07-04,podkarpackie,PK,3,194716,0,6072,120,1453838,3,224099,0,192259
2022-07-05,podkarpackie,PK,33,194749,0,6072,276,1454114,36,224135,0,192259
2022-07-06,podkarpackie,PK,28,194777,0,6072,200,1454314,28,224163,1,192260
2022-07-07,podkarpackie,PK,23,194800,0,6072,244,1454558,23,224186,2,192262
2022-07-08,podkarpackie,PK,32,194832,0,6072,248,1454806,35,224221,0,192262
2022-07-09,podkarpackie,PK,33,194865,1,6073,228,1455034,34,224255,1,192263
2022-07-10,podkarpackie,PK,8,194873,0,6073,118,1455152,9,224264,1,192264
2022-07-11,podkarpackie,PK,6,194879,0,6073,73,1455225,8,224272,0,192264
2022-07-12,podkarpackie,PK,47,194926,0,6073,329,1455554,49,224321,0,192264
2022-07-13,podkarpackie,PK,56,194982,0,6073,278,1455832,59,224380,3,192267
2022-07-14,podkarpackie,PK,54,195036,0,6073,235,1456067,62,224442,1,192268
2022-07-15,podkarpackie,PK,36,195072,0,6073,223,1456290,39,224481,4,192272
2022-07-16,podkarpackie,PK,31,195103,0,6073,235,1456525,32,224513,0,192272
2022-07-17,podkarpackie,PK,11,195114,0,6073,93,1456618,13,224526,0,192272
2022-07-18,podkarpackie,PK,7,195121,0,6073,78,1456696,9,224535,0,192272
2022-07-19,podkarpackie,PK,77,195198,1,6074,336,1457032,78,224613,0,192272
2022-07-20,podkarpackie,PK,105,195303,0,6074,489,1457521,119,224732,1,192273
2022-07-21,podkarpackie,PK,91,195394,0,6074,413,1457934,93,224825,2,192275
2022-07-22,podkarpackie,PK,122,195516,0,6074,477,1458411,137,224962,2,192277
2022-07-23,podkarpackie,PK,123,195639,2,6076,379,1458790,125,225087,2,192279
2022-07-24,podkarpackie,PK,25,195664,0,6076,169,1458959,26,225113,0,192279
2022-07-25,podkarpackie,PK,23,195687,0,6076,146,1459105,25,225138,0,192279
2022-07-26,podkarpackie,PK,196,195883,0,6076,639,1459744,219,225357,0,192279
2022-07-27,podkarpackie,PK,146,196029,0,6076,486,1460230,156,225513,0,192279
2022-07-28,podkarpackie,PK,178,196207,0,6076,527,1460757,185,225698,0,192279
2022-07-29,podkarpackie,PK,143,196350,0,6076,456,1461213,150,225848,0,192279
2022-07-30,podkarpackie,PK,197,196547,1,6077,523,1461736,214,226062,0,192279
2022-07-31,podkarpackie,PK,33,196580,0,6077,201,1461937,35,226097,0,192279
2022-08-01,podkarpackie,PK,33,196613,0,6077,191,1462128,36,226133,0,192279
2022-08-02,podkarpackie,PK,234,196847,0,6077,716,1462844,251,226384,1,192280
2022-08-03,podkarpackie,PK,179,197026,1,6078,530,1463374,186,226570,0,192280
2022-08-04,podkarpackie,PK,165,197191,1,6079,520,1463894,172,226742,0,192280
2022-08-05,podkarpackie,PK,189,197380,0,6079,537,1464431,201,226943,0,192280
2022-08-06,podkarpackie,PK,217,197597,0,6079,623,1465054,232,227175,2,192282
2022-08-07,podkarpackie,PK,35,197632,0,6079,160,1465214,35,227210,0,192282
2022-08-08,podkarpackie,PK,34,197666,0,6079,212,1465426,40,227250,0,192282
2022-08-09,podkarpackie,PK,281,197947,1,6080,767,1466193,301,227551,0,192282
2022-08-10,podkarpackie,PK,189,198136,1,6081,558,1466751,197,227748,0,192282
2022-08-11,podkarpackie,PK,193,198329,0,6081,530,1467281,210,227958,1,192283
2022-08-12,podkarpackie,PK,200,198529,0,6081,571,1467852,214,228172,1,192284
2022-08-13,podkarpackie,PK,215,198744,1,6082,631,1468483,233,228405,2,192286
2022-08-14,podkarpackie,PK,42,198786,0,6082,166,1468649,48,228453,0,192286
2022-08-15,podkarpackie,PK,38,198824,0,6082,181,1468830,39,228492,0,192286
2022-08-16,podkarpackie,PK,49,198873,0,6082,226,1469056,53,228545,0,192286
2022-08-17,podkarpackie,PK,334,199207,0,6082,868,1469924,352,228897,1,192287
2022-08-18,podkarpackie,PK,226,199433,4,6086,616,1470540,243,229140,1,192288
2022-08-19,podkarpackie,PK,238,199671,2,6088,635,1471175,248,229388,0,192288
2022-08-20,podkarpackie,PK,247,199918,1,6089,609,1471784,264,229652,3,192291
2022-08-21,podkarpackie,PK,39,199957,0,6089,200,1471984,45,229697,2,192293
2022-08-22,podkarpackie,PK,49,200006,0,6089,238,1472222,54,229751,0,192293
2022-08-23,podkarpackie,PK,304,200310,0,6089,790,1473012,331,230082,0,192293
2022-08-24,podkarpackie,PK,208,200518,3,6092,668,1473680,224,230306,0,192293
2022-08-25,podkarpackie,PK,217,200735,4,6096,592,1474272,231,230537,0,192293
2022-08-26,podkarpackie,PK,214,200949,5,6101,560,1474832,223,230760,0,192293
2022-08-27,podkarpackie,PK,218,201167,0,6101,543,1475375,235,230995,0,192293
2022-08-28,podkarpackie,PK,34,201201,0,6101,195,1475570,36,231031,0,192293
2022-08-29,podkarpackie,PK,53,201254,0,6101,238,1475808,54,231085,0,192293
2022-08-30,podkarpackie,PK,295,201549,0,6101,763,1476571,319,231404,0,192293
2022-08-31,podkarpackie,PK,224,201773,2,6103,542,1477113,237,231641,0,192293
2022-09-01,podkarpackie,PK,204,201977,2,6105,576,1477689,212,231853,0,192293
2022-09-02,podkarpackie,PK,120,202097,1,6106,491,1478180,137,231990,0,192293
2022-09-03,podkarpackie,PK,113,202210,2,6108,396,1478576,124,232114,0,192293
2022-09-04,podkarpackie,PK,24,202234,0,6108,188,1478764,28,232142,0,192293
2022-09-05,podkarpackie,PK,36,202270,0,6108,188,1478952,45,232187,0,192293
2022-09-06,podkarpackie,PK,194,202464,0,6108,582,1479534,206,232393,0,192293
2022-09-07,podkarpackie,PK,176,202640,0,6108,521,1480055,182,232575,0,192293
2022-09-08,podkarpackie,PK,180,202820,0,6108,565,1480620,192,232767,0,192293
2022-09-09,podkarpackie,PK,203,203023,0,6108,581,1481201,210,232977,0,192293
2022-09-10,podkarpackie,PK,193,203216,2,6110,592,1481793,203,233180,0,192293
2022-09-11,podkarpackie,PK,27,203243,0,6110,159,1481952,30,233210,0,192293
2022-09-12,podkarpackie,PK,44,203287,0,6110,205,1482157,46,233256,0,192293
2022-09-13,podkarpackie,PK,277,203564,1,6111,816,1482973,297,233553,0,192293
2022-09-14,podkarpackie,PK,339,203903,1,6112,806,1483779,351,233904,0,192293
2022-09-15,podkarpackie,PK,243,204146,2,6114,726,1484505,257,234161,0,192293
2022-09-16,podkarpackie,PK,180,204326,3,6117,573,1485078,185,234346,0,192293
2022-09-17,podkarpackie,PK,183,204509,0,6117,577,1485655,200,234546,0,192293
2022-09-18,podkarpackie,PK,35,204544,0,6117,196,1485851,43,234589,0,192293
2022-09-19,podkarpackie,PK,40,204584,0,6117,198,1486049,44,234633,0,192293
2022-09-20,podkarpackie,PK,257,204841,1,6118,753,1486802,275,234908,0,192293
2022-09-21,podkarpackie,PK,185,205026,1,6119,655,1487457,196,235104,0,192293
2022-09-22,podkarpackie,PK,225,205251,1,6120,660,1488117,235,235339,0,192293
2022-09-23,podkarpackie,PK,196,205447,3,6123,638,1488755,213,235552,0,192293
2022-09-24,podkarpackie,PK,139,205586,4,6127,409,1489164,149,235701,0,192293
2022-09-25,podkarpackie,PK,19,205605,0,6127,130,1489294,20,235721,0,192293
2022-09-26,podkarpackie,PK,23,205628,0,6127,148,1489442,25,235746,0,192293
2022-09-27,podkarpackie,PK,172,205800,2,6129,641,1490083,186,235932,0,192293
2022-09-28,podkarpackie,PK,117,205917,4,6133,501,1490584,127,236059,0,192293
2022-09-29,podkarpackie,PK,189,206106,1,6134,703,1491287,212,236271,0,192293
2022-09-30,podkarpackie,PK,172,206278,5,6139,638,1491925,183,236454,0,192293
2022-10-01,podkarpackie,PK,162,206440,2,6141,570,1492495,174,236628,0,192293
2022-10-02,podkarpackie,PK,18,206458,0,6141,104,1492599,18,236646,0,192293
2022-10-03,podkarpackie,PK,13,206471,0,6141,141,1492740,17,236663,0,192293
2022-10-04,podkarpackie,PK,173,206644,1,6142,695,1493435,184,236847,0,192293
2022-10-05,podkarpackie,PK,103,206747,0,6142,511,1493946,109,236956,0,192293
2022-10-06,podkarpackie,PK,100,206847,1,6143,510,1494456,105,237061,0,192293
2022-10-07,podkarpackie,PK,115,206962,4,6147,525,1494981,124,237185,0,192293
2022-10-08,podkarpackie,PK,152,207114,1,6148,801,1495782,169,237354,0,192293
2022-10-09,podkarpackie,PK,23,207137,0,6148,163,1495945,23,237377,0,192293
2022-10-10,podkarpackie,PK,38,207175,0,6148,192,1496137,40,237417,0,192293
2022-10-11,podkarpackie,PK,133,207308,1,6149,724,1496861,144,237561,0,192293
2022-10-12,podkarpackie,PK,104,207412,1,6150,543,1497404,114,237675,0,192293
2022-10-13,podkarpackie,PK,83,207495,2,6152,451,1497855,88,237763,0,192293
2022-10-14,podkarpackie,PK,66,207561,0,6152,496,1498351,77,237840,0,192293
2022-10-15,podkarpackie,PK,77,207638,1,6153,471,1498822,90,237930,0,192293
2022-10-16,podkarpackie,PK,16,207654,0,6153,142,1498964,19,237949,0,192293
2022-10-17,podkarpackie,PK,21,207675,0,6153,196,1499160,24,237973,0,192293
2022-10-18,podkarpackie,PK,84,207759,0,6153,524,1499684,96,238069,0,192293
2022-10-19,podkarpackie,PK,69,207828,0,6153,501,1500185,75,238144,0,192293
2022-10-20,podkarpackie,PK,48,207876,1,6154,392,1500577,52,238196,0,192293
2022-10-21,podkarpackie,PK,57,207933,0,6154,438,1501015,71,238267,0,192293
2022-10-22,podkarpackie,PK,49,207982,0,6154,373,1501388,52,238319,0,192293
2022-10-23,podkarpackie,PK,8,207990,0,6154,125,1501513,9,238328,0,192293
2022-10-24,podkarpackie,PK,12,208002,0,6154,189,1501702,15,238343,0,192293
2022-10-25,podkarpackie,PK,49,208051,3,6157,480,1502182,54,238397,0,192293
2022-10-26,podkarpackie,PK,48,208099,0,6157,403,1502585,50,238447,0,192293
2022-10-27,podkarpackie,PK,38,208137,0,6157,416,1503001,47,238494,0,192293
2022-10-28,podkarpackie,PK,24,208161,2,6159,298,1503299,27,238521,0,192293
2022-10-29,podkarpackie,PK,46,208207,1,6160,415,1503714,59,238580,0,192293
2022-10-30,podkarpackie,PK,5,208212,0,6160,127,1503841,5,238585,0,192293
2022-10-31,podkarpackie,PK,2,208214,0,6160,136,1503977,3,238588,0,192293
2022-11-01,podkarpackie,PK,46,208260,0,6160,391,1504368,55,238643,0,192293
2022-11-02,podkarpackie,PK,12,208272,0,6160,119,1504487,14,238657,0,192293
2022-11-03,podkarpackie,PK,32,208304,0,6160,471,1504958,42,238699,0,192293
2022-11-04,podkarpackie,PK,24,208328,2,6162,342,1505300,31,238730,0,192293
2022-11-05,podkarpackie,PK,27,208355,1,6163,377,1505677,36,238766,0,192293
2022-11-06,podkarpackie,PK,9,208364,0,6163,119,1505796,10,238776,0,192293
2022-11-07,podkarpackie,PK,6,208370,0,6163,142,1505938,6,238782,0,192293
2022-11-08,podkarpackie,PK,45,208415,0,6163,386,1506324,47,238829,0,192293
2022-11-09,podkarpackie,PK,32,208447,2,6165,354,1506678,36,238865,0,192293
2022-11-10,podkarpackie,PK,19,208466,0,6165,304,1506982,21,238886,0,192293
2022-11-11,podkarpackie,PK,25,208491,1,6166,282,1507264,27,238913,0,192293
2022-11-12,podkarpackie,PK,2,208493,0,6166,64,1507328,2,238915,0,192293
2022-11-13,podkarpackie,PK,10,208503,0,6166,143,1507471,10,238925,0,192293
2022-11-14,podkarpackie,PK,3,208506,0,6166,135,1507606,5,238930,0,192293
2022-11-15,podkarpackie,PK,27,208533,0,6166,431,1508037,32,238962,0,192293
2022-11-16,podkarpackie,PK,26,208559,1,6167,299,1508336,27,238989,0,192293
2022-11-17,podkarpackie,PK,11,208570,0,6167,281,1508617,13,239002,0,192293
2022-11-18,podkarpackie,PK,9,208579,3,6170,268,1508885,11,239013,0,192293
2022-11-19,podkarpackie,PK,10,208589,0,6170,253,1509138,12,239025,0,192293
2022-11-20,podkarpackie,PK,4,208593,0,6170,101,1509239,5,239030,0,192293
2022-11-21,podkarpackie,PK,3,208596,0,6170,119,1509358,3,239033,0,192293
2022-11-22,podkarpackie,PK,26,208622,1,6171,365,1509723,30,239063,0,192293
2022-11-23,podkarpackie,PK,15,208637,0,6171,282,1510005,17,239080,0,192293
2022-11-24,podkarpackie,PK,18,208655,0,6171,302,1510307,18,239098,0,192293
2022-11-25,podkarpackie,PK,13,208668,0,6171,286,1510593,16,239114,0,192293
2022-11-26,podkarpackie,PK,17,208685,0,6171,270,1510863,20,239134,0,192293
2022-11-27,podkarpackie,PK,1,208686,0,6171,121,1510984,1,239135,0,192293
2022-11-28,podkarpackie,PK,8,208694,0,6171,129,1511113,10,239145,0,192293
2022-11-29,podkarpackie,PK,33,208727,0,6171,394,1511507,37,239182,0,192293
2022-11-30,podkarpackie,PK,26,208753,0,6171,266,1511773,30,239212,0,192293
2022-12-01,podkarpackie,PK,16,208769,1,6172,257,1512030,22,239234,0,192293
2022-12-02,podkarpackie,PK,17,208786,0,6172,243,1512273,18,239252,0,192293
2022-12-03,podkarpackie,PK,20,208806,0,6172,237,1512510,24,239276,0,192293
2022-12-04,podkarpackie,PK,7,208813,0,6172,130,1512640,7,239283,0,192293
2022-12-05,podkarpackie,PK,11,208824,0,6172,135,1512775,11,239294,0,192293
2022-12-06,podkarpackie,PK,27,208851,1,6173,377,1513152,32,239326,0,192293
2022-12-07,podkarpackie,PK,19,208870,0,6173,290,1513442,20,239346,0,192293
2022-12-08,podkarpackie,PK,19,208889,0,6173,338,1513780,22,239368,0,192293
2022-12-09,podkarpackie,PK,7,208896,0,6173,254,1514034,13,239381,0,192293
2022-12-10,podkarpackie,PK,11,208907,0,6173,210,1514244,21,239402,0,192293
2022-12-11,podkarpackie,PK,7,208914,0,6173,138,1514382,8,239410,0,192293
2022-12-12,podkarpackie,PK,6,208920,0,6173,152,1514534,6,239416,0,192293
2022-12-13,podkarpackie,PK,24,208944,0,6173,460,1514994,33,239449,0,192293
2022-12-14,podkarpackie,PK,26,208970,0,6173,337,1515331,27,239476,0,192293
2022-12-15,podkarpackie,PK,19,208989,0,6173,311,1515642,20,239496,0,192293
2022-12-16,podkarpackie,PK,14,209003,0,6173,256,1515898,14,239510,0,192293
2022-12-17,podkarpackie,PK,19,209022,1,6174,262,1516160,22,239532,0,192293
2022-12-18,podkarpackie,PK,3,209025,0,6174,124,1516284,4,239536,0,192293
2022-12-19,podkarpackie,PK,4,209029,0,6174,139,1516423,4,239540,0,192293
2022-12-20,podkarpackie,PK,21,209050,0,6174,339,1516762,23,239563,0,192293
2022-12-21,podkarpackie,PK,12,209062,2,6176,308,1517070,12,239575,0,192293
2022-12-22,podkarpackie,PK,17,209079,0,6176,343,1517413,17,239592,0,192293
2022-12-23,podkarpackie,PK,10,209089,2,6178,269,1517682,14,239606,0,192293
2022-12-24,podkarpackie,PK,7,209096,1,6179,202,1517884,8,239614,0,192293
2022-12-25,podkarpackie,PK,6,209102,0,6179,130,1518014,7,239621,0,192293
2022-12-26,podkarpackie,PK,5,209107,0,6179,110,1518124,6,239627,0,192293
2022-12-27,podkarpackie,PK,3,209110,0,6179,143,1518267,4,239631,0,192293
2022-12-28,podkarpackie,PK,28,209138,0,6179,395,1518662,34,239665,0,192293
2022-12-29,podkarpackie,PK,18,209156,1,6180,296,1518958,18,239683,0,192293
2022-12-30,podkarpackie,PK,17,209173,0,6180,348,1519306,21,239704,0,192293
2022-12-31,podkarpackie,PK,21,209194,2,6182,280,1519586,24,239728,0,192293
2023-01-01,podkarpackie,PK,5,209199,0,6182,117,1519703,7,239735,0,192293
2023-01-02,podkarpackie,PK,5,209204,0,6182,238,1519941,8,239743,0,192293
2023-01-03,podkarpackie,PK,16,209220,1,6183,363,1520304,18,239761,0,192293
2023-01-04,podkarpackie,PK,21,209241,1,6184,303,1520607,22,239783,0,192293
2023-01-05,podkarpackie,PK,10,209251,0,6184,316,1520923,10,239793,0,192293
2023-01-06,podkarpackie,PK,20,209271,2,6186,271,1521194,26,239819,0,192293
2023-01-07,podkarpackie,PK,4,209275,0,6186,129,1521323,9,239828,0,192293
2023-01-08,podkarpackie,PK,6,209281,0,6186,121,1521444,6,239834,0,192293
2023-01-09,podkarpackie,PK,7,209288,0,6186,160,1521604,12,239846,0,192293
2023-01-10,podkarpackie,PK,15,209303,0,6186,303,1521907,16,239862,0,192293
2023-01-11,podkarpackie,PK,13,209316,0,6186,262,1522169,14,239876,0,192293
2023-01-12,podkarpackie,PK,8,209324,1,6187,210,1522379,9,239885,0,192293
2023-01-13,podkarpackie,PK,16,209340,1,6188,255,1522634,16,239901,0,192293
2023-01-14,podkarpackie,PK,15,209355,1,6189,220,1522854,15,239916,0,192293
2023-01-15,podkarpackie,PK,4,209359,0,6189,111,1522965,5,239921,0,192293
2023-01-16,podkarpackie,PK,4,209363,0,6189,109,1523074,6,239927,0,192293
2023-01-17,podkarpackie,PK,15,209378,1,6190,248,1523322,16,239943,0,192293
2023-01-18,podkarpackie,PK,11,209389,0,6190,263,1523585,13,239956,0,192293
2023-01-19,podkarpackie,PK,4,209393,2,6192,205,1523790,5,239961,0,192293
2023-01-20,podkarpackie,PK,11,209404,0,6192,209,1523999,14,239975,0,192293
2023-01-21,podkarpackie,PK,12,209416,0,6192,158,1524157,15,239990,0,192293
2023-01-22,podkarpackie,PK,3,209419,0,6192,85,1524242,3,239993,0,192293
2023-01-23,podkarpackie,PK,8,209427,0,6192,83,1524325,9,240002,0,192293
2023-01-24,podkarpackie,PK,11,209438,1,6193,195,1524520,12,240014,0,192293
2023-01-25,podkarpackie,PK,7,209445,0,6193,215,1524735,8,240022,0,192293
2023-01-26,podkarpackie,PK,15,209460,0,6193,181,1524916,16,240038,0,192293
2023-01-27,podkarpackie,PK,7,209467,0,6193,172,1525088,10,240048,0,192293
2023-01-28,podkarpackie,PK,13,209480,0,6193,134,1525222,13,240061,0,192293
2023-01-29,podkarpackie,PK,2,209482,0,6193,41,1525263,2,240063,0,192293
2023-01-30,podkarpackie,PK,8,209490,0,6193,95,1525358,9,240072,0,192293
2023-01-31,podkarpackie,PK,28,209518,0,6193,245,1525603,30,240102,0,192293
2023-02-01,podkarpackie,PK,29,209547,0,6193,228,1525831,34,240136,0,192293
2023-02-02,podkarpackie,PK,33,209580,0,6193,163,1525994,35,240171,0,192293
2023-02-03,podkarpackie,PK,39,209619,0,6193,360,1526354,43,240214,0,192293
2023-02-04,podkarpackie,PK,25,209644,0,6193,188,1526542,32,240246,0,192293
2023-02-05,podkarpackie,PK,10,209654,0,6193,112,1526654,15,240261,0,192293
2023-02-06,podkarpackie,PK,7,209661,0,6193,100,1526754,7,240268,0,192293
2023-02-07,podkarpackie,PK,53,209714,0,6193,276,1527030,60,240328,0,192293
2023-02-08,podkarpackie,PK,44,209758,0,6193,246,1527276,45,240373,0,192293
2023-02-09,podkarpackie,PK,40,209798,0,6193,238,1527514,45,240418,0,192293
2023-02-10,podkarpackie,PK,45,209843,0,6193,199,1527713,48,240466,0,192293
2023-02-11,podkarpackie,PK,49,209892,1,6194,180,1527893,51,240517,0,192293
2023-02-12,podkarpackie,PK,7,209899,0,6194,98,1527991,8,240525,0,192293
2023-02-13,podkarpackie,PK,9,209908,0,6194,96,1528087,11,240536,0,192293
2023-02-14,podkarpackie,PK,96,210004,0,6194,341,1528428,103,240639,0,192293
2023-02-15,podkarpackie,PK,77,210081,0,6194,299,1528727,78,240717,0,192293
2023-02-16,podkarpackie,PK,94,210175,0,6194,329,1529056,99,240816,0,192293
2023-02-17,podkarpackie,PK,100,210275,1,6195,318,1529374,105,240921,0,192293
2023-02-18,podkarpackie,PK,101,210376,1,6196,275,1529649,108,241029,0,192293
2023-02-19,podkarpackie,PK,18,210394,0,6196,83,1529732,18,241047,0,192293
2023-02-20,podkarpackie,PK,18,210412,0,6196,145,1529877,19,241066,0,192293
2023-02-21,podkarpackie,PK,162,210574,1,6197,515,1530392,171,241237,0,192293
2023-02-22,podkarpackie,PK,129,210703,0,6197,412,1530804,133,241370,0,192293
2023-02-23,podkarpackie,PK,163,210866,0,6197,498,1531302,171,241541,0,192293
2023-02-24,podkarpackie,PK,121,210987,0,6197,386,1531688,128,241669,0,192293
2023-02-25,podkarpackie,PK,138,211125,0,6197,402,1532090,158,241827,0,192293
2023-02-26,podkarpackie,PK,26,211151,0,6197,142,1532232,30,241857,0,192293
2023-02-27,podkarpackie,PK,29,211180,0,6197,172,1532404,32,241889,0,192293
2023-02-28,podkarpackie,PK,177,211357,1,6198,471,1532875,187,242076,0,192293
2023-03-01,podkarpackie,PK,171,211528,0,6198,459,1533334,187,242263,0,192293
2023-03-02,podkarpackie,PK,176,211704,1,6199,421,1533755,183,242446,0,192293
2023-03-03,podkarpackie,PK,145,211849,3,6202,421,1534176,154,242600,0,192293
2023-03-04,podkarpackie,PK,180,212029,0,6202,430,1534606,190,242790,0,192293
2023-03-05,podkarpackie,PK,23,212052,0,6202,112,1534718,26,242816,0,192293
2023-03-06,podkarpackie,PK,22,212074,0,6202,124,1534842,26,242842,0,192293
2023-03-07,podkarpackie,PK,221,212295,0,6202,720,1535562,231,243073,0,192293
2023-03-08,podkarpackie,PK,172,212467,0,6202,538,1536100,188,243261,0,192293
2023-03-09,podkarpackie,PK,184,212651,3,6205,647,1536747,206,243467,0,192293
2023-03-10,podkarpackie,PK,184,212835,0,6205,591,1537338,196,243663,0,192293
2023-03-11,podkarpackie,PK,182,213017,1,6206,556,1537894,192,243855,0,192293
2023-03-12,podkarpackie,PK,21,213038,0,6206,133,1538027,22,243877,0,192293
2023-03-13,podkarpackie,PK,38,213076,0,6206,179,1538206,42,243919,0,192293
2023-03-14,podkarpackie,PK,219,213295,1,6207,745,1538951,233,244152,0,192293
2023-03-15,podkarpackie,PK,162,213457,0,6207,554,1539505,170,244322,0,192293
2023-03-16,podkarpackie,PK,139,213596,4,6211,534,1540039,147,244469,0,192293
2023-03-17,podkarpackie,PK,135,213731,2,6213,471,1540510,145,244614,0,192293
2023-03-18,podkarpackie,PK,170,213901,1,6214,528,1541038,190,244804,0,192293
2023-03-19,podkarpackie,PK,24,213925,0,6214,128,1541166,26,244830,0,192293
2023-03-20,podkarpackie,PK,13,213938,0,6214,170,1541336,20,244850,0,192293
2023-03-21,podkarpackie,PK,149,214087,1,6215,716,1542052,155,245005,0,192293
2023-03-22,podkarpackie,PK,120,214207,0,6215,510,1542562,132,245137,0,192293
2023-03-23,podkarpackie,PK,108,214315,2,6217,517,1543079,109,245246,0,192293
2023-03-24,podkarpackie,PK,98,214413,0,6217,473,1543552,100,245346,0,192293
2023-03-25,podkarpackie,PK,97,214510,0,6217,488,1544040,116,245462,0,192293
2023-03-26,podkarpackie,PK,22,214532,0,6217,127,1544167,25,245487,0,192293
2023-03-27,podkarpackie,PK,14,214546,0,6217,120,1544287,15,245502,0,192293
2023-03-28,podkarpackie,PK,114,214660,1,6218,570,1544857,122,245624,0,192293
2023-03-29,podkarpackie,PK,72,214732,3,6221,425,1545282,78,245702,0,192293
2023-03-30,podkarpackie,PK,67,214799,2,6223,351,1545633,72,245774,0,192293
2023-03-31,podkarpackie,PK,49,214848,0,6223,376,1546009,53,245827,0,192293
2023-04-01,podkarpackie,PK,59,214907,1,6224,379,1546388,61,245888,0,192293
2023-04-02,podkarpackie,PK,15,214922,0,6224,102,1546490,18,245906,0,192293
2023-04-03,podkarpackie,PK,9,214931,0,6224,107,1546597,10,245916,0,192293
2023-04-04,podkarpackie,PK,70,215001,2,6226,495,1547092,77,245993,0,192293
2023-04-05,podkarpackie,PK,52,215053,1,6227,381,1547473,64,246057,0,192293
2023-04-06,podkarpackie,PK,66,215119,2,6229,343,1547816,69,246126,0,192293
2023-04-07,podkarpackie,PK,31,215150,0,6229,273,1548089,37,246163,0,192293
2023-04-08,podkarpackie,PK,33,215183,0,6229,212,1548301,36,246199,0,192293
2023-04-09,podkarpackie,PK,4,215187,0,6229,87,1548388,9,246208,0,192293
2023-04-10,podkarpackie,PK,6,215193,0,6229,85,1548473,7,246215,0,192293
2023-04-11,podkarpackie,PK,8,215201,0,6229,86,1548559,8,246223,0,192293
2023-04-12,podkarpackie,PK,65,215266,1,6230,485,1549044,69,246292,0,192293
2023-04-13,podkarpackie,PK,38,215304,0,6230,322,1549366,40,246332,0,192293
2023-04-14,podkarpackie,PK,63,215367,0,6230,424,1549790,65,246397,0,192293
2023-04-15,podkarpackie,PK,50,215417,1,6231,338,1550128,66,246463,0,192293
2023-04-16,podkarpackie,PK,7,215424,0,6231,109,1550237,7,246470,0,192293
2023-04-17,podkarpackie,PK,7,215431,0,6231,122,1550359,8,246478,0,192293
2023-04-18,podkarpackie,PK,82,215513,0,6231,475,1550834,90,246568,0,192293
2023-04-19,podkarpackie,PK,26,215539,0,6231,287,1551121,27,246595,0,192293
2023-04-20,podkarpackie,PK,31,215570,0,6231,307,1551428,36,246631,0,192293
2023-04-21,podkarpackie,PK,19,215589,0,6231,269,1551697,27,246658,0,192293
2023-04-22,podkarpackie,PK,35,215624,0,6231,208,1551905,42,246700,0,192293
2023-04-23,podkarpackie,PK,2,215626,0,6231,79,1551984,2,246702,0,192293
2023-04-24,podkarpackie,PK,3,215629,0,6231,88,1552072,4,246706,0,192293
2023-04-25,podkarpackie,PK,34,215663,2,6233,325,1552397,38,246744,0,192293
2023-04-26,podkarpackie,PK,14,215677,0,6233,255,1552652,17,246761,0,192293
2023-04-27,podkarpackie,PK,14,215691,0,6233,222,1552874,23,246784,0,192293
2023-04-28,podkarpackie,PK,14,215705,0,6233,189,1553063,19,246803,0,192293
2023-04-29,podkarpackie,PK,14,215719,0,6233,133,1553196,15,246818,0,192293
2023-04-30,podkarpackie,PK,2,215721,0,6233,68,1553264,2,246820,0,192293
2023-05-01,podkarpackie,PK,2,215723,0,6233,73,1553337,2,246822,0,192293
2023-05-02,podkarpackie,PK,2,215725,0,6233,83,1553420,2,246824,0,192293
2023-05-03,podkarpackie,PK,6,215731,0,6233,151,1553571,7,246831,0,192293
2023-05-04,podkarpackie,PK,3,215734,0,6233,82,1553653,3,246834,0,192293
2023-05-05,podkarpackie,PK,12,215746,0,6233,215,1553868,13,246847,0,192293
2023-05-06,podkarpackie,PK,17,215763,0,6233,155,1554023,17,246864,0,192293
2023-05-07,podkarpackie,PK,1,215764,0,6233,67,1554090,2,246866,0,192293
2023-05-08,podkarpackie,PK,1,215765,0,6233,86,1554176,1,246867,0,192293
2023-05-09,podkarpackie,PK,10,215775,0,6233,250,1554426,11,246878,0,192293
2023-05-10,podkarpackie,PK,10,215785,0,6233,236,1554662,11,246889,0,192293
2023-05-11,podkarpackie,PK,11,215796,0,6233,215,1554877,14,246903,0,192293
2023-05-12,podkarpackie,PK,6,215802,0,6233,201,1555078,7,246910,0,192293
2023-05-13,podkarpackie,PK,6,215808,0,6233,162,1555240,7,246917,0,192293
2023-05-14,podkarpackie,PK,4,215812,0,6233,82,1555322,5,246922,0,192293
2023-05-15,podkarpackie,PK,1,215813,0,6233,73,1555395,2,246924,0,192293
2023-05-16,podkarpackie,PK,11,215824,1,6234,208,1555603,14,246938,0,192293
2023-05-17,podkarpackie,PK,4,215828,0,6234,177,1555780,6,246944,0,192293
2023-05-18,podkarpackie,PK,14,215842,0,6234,183,1555963,17,246961,0,192293
2023-05-19,podkarpackie,PK,5,215847,0,6234,167,1556130,9,246970,0,192293
2023-05-20,podkarpackie,PK,4,215851,0,6234,126,1556256,6,246976,0,192293
2023-05-21,podkarpackie,PK,1,215852,0,6234,72,1556328,1,246977,0,192293
2023-05-22,podkarpackie,PK,0,215852,0,6234,93,1556421,0,246977,0,192293
2023-05-23,podkarpackie,PK,7,215859,0,6234,216,1556637,8,246985,0,192293
2023-05-24,podkarpackie,PK,6,215865,0,6234,182,1556819,7,246992,0,192293
2023-05-25,podkarpackie,PK,3,215868,0,6234,137,1556956,3,246995,0,192293
2023-05-26,podkarpackie,PK,1,215869,2,6236,178,1557134,1,246996,0,192293
2023-05-27,podkarpackie,PK,1,215870,0,6236,106,1557240,2,246998,0,192293
2023-05-28,podkarpackie,PK,0,215870,0,6236,75,1557315,0,246998,0,192293
2023-05-29,podkarpackie,PK,0,215870,0,6236,83,1557398,0,246998,0,192293
2023-05-30,podkarpackie,PK,2,215872,1,6237,181,1557579,3,247001,0,192293
2023-05-31,podkarpackie,PK,2,215874,0,6237,145,1557724,3,247004,0,192293
2023-06-01,podkarpackie,PK,4,215878,2,6239,162,1557886,4,247008,0,192293
2023-06-02,podkarpackie,PK,2,215880,0,6239,88,1557974,2,247010,0,192293
2023-06-03,podkarpackie,PK,1,215881,0,6239,72,1558046,1,247011,0,192293
2023-06-04,podkarpackie,PK,0,215881,0,6239,29,1558075,0,247011,0,192293
2023-06-05,podkarpackie,PK,1,215882,0,6239,34,1558109,1,247012,0,192293
2023-06-06,podkarpackie,PK,1,215883,0,6239,94,1558203,1,247013,0,192293
2023-06-07,podkarpackie,PK,2,215885,0,6239,102,1558305,2,247015,0,192293
2023-06-08,podkarpackie,PK,3,215888,0,6239,87,1558392,3,247018,0,192293
2023-06-09,podkarpackie,PK,0,215888,0,6239,29,1558421,0,247018,0,192293
2023-06-10,podkarpackie,PK,5,215893,0,6239,85,1558506,5,247023,0,192293
2023-06-11,podkarpackie,PK,0,215893,0,6239,32,1558538,0,247023,0,192293
2023-06-12,podkarpackie,PK,0,215893,0,6239,39,1558577,0,247023,0,192293
2023-06-13,podkarpackie,PK,1,215894,0,6239,95,1558672,1,247024,0,192293
2023-06-14,podkarpackie,PK,0,215894,0,6239,80,1558752,0,247024,0,192293
2023-06-15,podkarpackie,PK,0,215894,0,6239,72,1558824,0,247024,0,192293
2023-06-16,podkarpackie,PK,2,215896,0,6239,92,1558916,2,247026,0,192293
2023-06-17,podkarpackie,PK,0,215896,0,6239,61,1558977,0,247026,0,192293
2023-06-18,podkarpackie,PK,0,215896,0,6239,24,1559001,0,247026,0,192293
2023-06-19,podkarpackie,PK,0,215896,0,6239,27,1559028,0,247026,0,192293
2023-06-20,podkarpackie,PK,2,215898,0,6239,103,1559131,2,247028,0,192293
2023-06-21,podkarpackie,PK,0,215898,0,6239,77,1559208,0,247028,0,192293
2023-06-22,podkarpackie,PK,0,215898,0,6239,99,1559307,1,247029,0,192293
2023-06-23,podkarpackie,PK,0,215898,0,6239,59,1559366,0,247029,0,192293
2023-06-24,podkarpackie,PK,0,215898,0,6239,56,1559422,0,247029,0,192293
2023-06-25,podkarpackie,PK,0,215898,0,6239,19,1559441,0,247029,0,192293
2023-06-26,podkarpackie,PK,0,215898,0,6239,41,1559482,0,247029,0,192293
2023-06-27,podkarpackie,PK,0,215898,0,6239,68,1559550,0,247029,0,192293
2023-06-28,podkarpackie,PK,0,215898,0,6239,64,1559614,0,247029,0,192293
2023-06-29,podkarpackie,PK,0,215898,0,6239,58,1559672,0,247029,0,192293
2023-06-30,podkarpackie,PK,1,215899,0,6239,77,1559749,1,247030,0,192293
2023-07-01,podkarpackie,PK,2,215901,0,6239,30,1559779,2,247032,0,192293
2023-07-02,podkarpackie,PK,0,215901,0,6239,14,1559793,0,247032,0,192293
2023-07-03,podkarpackie,PK,0,215901,0,6239,9,1559802,0,247032,0,192293
2023-07-04,podkarpackie,PK,0,215901,0,6239,38,1559840,0,247032,0,192293
2023-07-05,podkarpackie,PK,0,215901,0,6239,15,1559855,0,247032,0,192293
2023-07-06,podkarpackie,PK,2,215903,0,6239,14,1559869,2,247034,0,192293
2023-07-07,podkarpackie,PK,0,215903,0,6239,14,1559883,0,247034,0,192293
2023-07-08,podkarpackie,PK,0,215903,0,6239,11,1559894,0,247034,0,192293
2023-07-09,podkarpackie,PK,0,215903,0,6239,5,1559899,0,247034,0,192293
2023-07-10,podkarpackie,PK,0,215903,0,6239,7,1559906,0,247034,0,192293
2023-07-11,podkarpackie,PK,1,215904,0,6239,29,1559935,1,247035,0,192293
2023-07-12,podkarpackie,PK,0,215904,0,6239,8,1559943,0,247035,0,192293
2023-07-13,podkarpackie,PK,0,215904,0,6239,6,1559949,0,247035,0,192293
2023-07-14,podkarpackie,PK,0,215904,0,6239,7,1559956,0,247035,0,192293
2023-07-15,podkarpackie,PK,0,215904,0,6239,5,1559961,0,247035,0,192293
2023-07-16,podkarpackie,PK,0,215904,0,6239,1,1559962,0,247035,0,192293
2023-07-17,podkarpackie,PK,0,215904,0,6239,0,1559962,0,247035,0,192293
2023-07-18,podkarpackie,PK,1,215905,0,6239,10,1559972,1,247036,0,192293
2023-07-19,podkarpackie,PK,0,215905,0,6239,5,1559977,0,247036,0,192293
2023-07-20,podkarpackie,PK,0,215905,0,6239,4,1559981,0,247036,0,192293
2023-07-21,podkarpackie,PK,0,215905,0,6239,9,1559990,0,247036,0,192293
2023-07-22,podkarpackie,PK,0,215905,0,6239,6,1559996,0,247036,0,192293
2023-07-23,podkarpackie,PK,0,215905,0,6239,3,1559999,0,247036,0,192293
2023-07-24,podkarpackie,PK,0,215905,0,6239,3,1560002,0,247036,0,192293
2023-07-25,podkarpackie,PK,0,215905,0,6239,7,1560009,0,247036,0,192293
2023-07-26,podkarpackie,PK,1,215906,0,6239,13,1560022,1,247037,0,192293
2023-07-27,podkarpackie,PK,0,215906,0,6239,5,1560027,0,247037,0,192293
2023-07-28,podkarpackie,PK,0,215906,0,6239,5,1560032,0,247037,0,192293
2023-07-29,podkarpackie,PK,0,215906,0,6239,5,1560037,0,247037,0,192293
2023-07-30,podkarpackie,PK,0,215906,0,6239,2,1560039,0,247037,0,192293
2023-07-31,podkarpackie,PK,0,215906,0,6239,0,1560039,0,247037,0,192293
2023-08-01,podkarpackie,PK,0,215906,0,6239,4,1560043,0,247037,0,192293
2023-08-02,podkarpackie,PK,0,215906,0,6239,3,1560046,0,247037,0,192293
2023-08-03,podkarpackie,PK,0,215906,0,6239,4,1560050,0,247037,0,192293
2023-08-04,podkarpackie,PK,1,215907,0,6239,3,1560053,1,247038,0,192293
2023-08-05,podkarpackie,PK,0,215907,0,6239,2,1560055,0,247038,0,192293
2023-08-06,podkarpackie,PK,0,215907,0,6239,0,1560055,0,247038,0,192293
2023-08-07,podkarpackie,PK,0,215907,0,6239,0,1560055,0,247038,0,192293
2023-08-08,podkarpackie,PK,0,215907,0,6239,14,1560069,0,247038,0,192293
2023-08-09,podkarpackie,PK,3,215910,0,6239,8,1560077,3,247041,0,192293
2023-08-10,podkarpackie,PK,0,215910,0,6239,4,1560081,0,247041,0,192293
2023-08-11,podkarpackie,PK,0,215910,0,6239,4,1560085,0,247041,0,192293
2023-08-12,podkarpackie,PK,3,215913,0,6239,7,1560092,3,247044,0,192293
2023-08-13,podkarpackie,PK,1,215914,0,6239,2,1560094,1,247045,0,192293
2023-08-14,podkarpackie,PK,0,215914,0,6239,2,1560096,0,247045,0,192293
2023-08-15,podkarpackie,PK,0,215914,0,6239,17,1560113,0,247045,0,192293
2023-08-16,podkarpackie,PK,0,215914,0,6239,1,1560114,0,247045,0,192293
2023-08-17,podkarpackie,PK,3,215917,0,6239,12,1560126,3,247048,0,192293
2023-08-18,podkarpackie,PK,3,215920,0,6239,6,1560132,3,247051,0,192293
2023-08-19,podkarpackie,PK,0,215920,0,6239,8,1560140,0,247051,0,192293
2023-08-20,podkarpackie,PK,0,215920,0,6239,0,1560140,0,247051,0,192293
2023-08-21,podkarpackie,PK,0,215920,0,6239,0,1560140,0,247051,0,192293
2023-08-22,podkarpackie,PK,1,215921,0,6239,4,1560144,1,247052,0,192293
2023-08-23,podkarpackie,PK,2,215923,0,6239,7,1560151,2,247054,0,192293
2023-08-24,podkarpackie,PK,0,215923,0,6239,4,1560155,0,247054,0,192293
2023-08-25,podkarpackie,PK,3,215926,0,6239,11,1560166,3,247057,0,192293
2023-08-26,podkarpackie,PK,2,215928,0,6239,7,1560173,2,247059,0,192293
2023-08-27,podkarpackie,PK,0,215928,0,6239,0,1560173,0,247059,0,192293
2023-08-28,podkarpackie,PK,0,215928,0,6239,0,1560173,0,247059,0,192293
2023-08-29,podkarpackie,PK,2,215930,0,6239,15,1560188,2,247061,0,192293
2023-08-30,podkarpackie,PK,2,215932,0,6239,10,1560198,2,247063,0,192293
2023-08-31,podkarpackie,PK,5,215937,0,6239,17,1560215,5,247068,0,192293
2023-09-01,podkarpackie,PK,2,215939,0,6239,10,1560225,2,247070,0,192293
2023-09-02,podkarpackie,PK,1,215940,0,6239,7,1560232,1,247071,0,192293
2023-09-03,podkarpackie,PK,0,215940,0,6239,0,1560232,0,247071,0,192293
2023-09-04,podkarpackie,PK,0,215940,0,6239,1,1560233,0,247071,0,192293
2023-09-05,podkarpackie,PK,2,215942,0,6239,18,1560251,2,247073,0,192293
2023-09-06,podkarpackie,PK,4,215946,0,6239,19,1560270,4,247077,0,192293
2023-09-07,podkarpackie,PK,5,215951,0,6239,14,1560284,5,247082,0,192293
2023-09-08,podkarpackie,PK,4,215955,0,6239,14,1560298,4,247086,0,192293
2023-09-09,podkarpackie,PK,8,215963,0,6239,22,1560320,8,247094,0,192293
2023-09-10,podkarpackie,PK,0,215963,0,6239,0,1560320,0,247094,0,192293
2023-09-11,podkarpackie,PK,0,215963,0,6239,0,1560320,0,247094,0,192293
2023-09-12,podkarpackie,PK,10,215973,0,6239,45,1560365,10,247104,0,192293
2023-09-13,podkarpackie,PK,9,215982,0,6239,26,1560391,9,247113,0,192293
2023-09-14,podkarpackie,PK,7,215989,0,6239,15,1560406,7,247120,0,192293
2023-09-15,podkarpackie,PK,11,216000,0,6239,48,1560454,11,247131,0,192293
2023-09-16,podkarpackie,PK,13,216013,0,6239,42,1560496,14,247145,0,192293
2023-09-17,podkarpackie,PK,1,216014,0,6239,2,1560498,1,247146,0,192293
2023-09-18,podkarpackie,PK,1,216015,0,6239,1,1560499,1,247147,0,192293
2023-09-19,podkarpackie,PK,9,216024,0,6239,52,1560551,9,247156,0,192293
2023-09-20,podkarpackie,PK,10,216034,0,6239,35,1560586,10,247166,0,192293
2023-09-21,podkarpackie,PK,11,216045,0,6239,43,1560629,12,247178,0,192293
2023-09-22,podkarpackie,PK,7,216052,0,6239,36,1560665,7,247185,0,192293
2023-09-23,podkarpackie,PK,11,216063,0,6239,41,1560706,11,247196,0,192293
2023-09-24,podkarpackie,PK,0,216063,0,6239,0,1560706,0,247196,0,192293
2023-09-25,podkarpackie,PK,0,216063,0,6239,0,1560706,0,247196,0,192293
2023-09-26,podkarpackie,PK,16,216079,0,6239,65,1560771,16,247212,0,192293
2023-09-27,podkarpackie,PK,9,216088,0,6239,57,1560828,9,247221,0,192293
2023-09-28,podkarpackie,PK,9,216097,0,6239,28,1560856,9,247230,0,192293
2023-09-29,podkarpackie,PK,9,216106,0,6239,59,1560915,9,247239,0,192293
2023-09-30,podkarpackie,PK,8,216114,0,6239,44,1560959,8,247247,0,192293
2023-10-01,podkarpackie,PK,0,216114,0,6239,0,1560959,0,247247,0,192293
2023-10-02,podkarpackie,PK,1,216115,0,6239,1,1560960,1,247248,0,192293
2023-10-03,podkarpackie,PK,11,216126,0,6239,47,1561007,12,247260,0,192293
2023-10-04,podkarpackie,PK,12,216138,0,6239,54,1561061,13,247273,0,192293
2023-10-05,podkarpackie,PK,6,216144,0,6239,47,1561108,6,247279,0,192293
2023-10-06,podkarpackie,PK,6,216150,0,6239,37,1561145,6,247285,0,192293
2023-10-07,podkarpackie,PK,6,216156,0,6239,40,1561185,6,247291,0,192293
2023-10-08,podkarpackie,PK,0,216156,0,6239,1,1561186,0,247291,0,192293
2023-10-09,podkarpackie,PK,0,216156,0,6239,1,1561187,0,247291,0,192293
2023-10-10,podkarpackie,PK,11,216167,0,6239,84,1561271,11,247302,0,192293
2023-10-11,podkarpackie,PK,12,216179,0,6239,53,1561324,12,247314,0,192293
2023-10-12,podkarpackie,PK,10,216189,0,6239,38,1561362,10,247324,0,192293
2023-10-13,podkarpackie,PK,12,216201,0,6239,50,1561412,12,247336,0,192293
2023-10-14,podkarpackie,PK,13,216214,0,6239,56,1561468,13,247349,0,192293
2023-10-15,podkarpackie,PK,0,216214,0,6239,2,1561470,0,247349,0,192293
2023-10-16,podkarpackie,PK,0,216214,0,6239,0,1561470,0,247349,0,192293
2023-10-17,podkarpackie,PK,22,216236,0,6239,69,1561539,22,247371,0,192293
2023-10-18,podkarpackie,PK,31,216267,0,6239,98,1561637,32,247403,0,192293
2023-10-19,podkarpackie,PK,23,216290,0,6239,53,1561690,23,247426,0,192293
2023-10-20,podkarpackie,PK,17,216307,0,6239,62,1561752,18,247444,0,192293
2023-10-21,podkarpackie,PK,26,216333,0,6239,77,1561829,33,247477,0,192293
2023-10-22,podkarpackie,PK,2,216335,0,6239,2,1561831,2,247479,0,192293
2023-10-23,podkarpackie,PK,0,216335,0,6239,2,1561833,0,247479,0,192293
2023-10-24,podkarpackie,PK,44,216379,0,6239,121,1561954,44,247523,0,192293
2023-10-25,podkarpackie,PK,50,216429,0,6239,105,1562059,50,247573,0,192293
2023-10-26,podkarpackie,PK,20,216449,0,6239,86,1562145,20,247593,0,192293
2023-10-27,podkarpackie,PK,33,216482,0,6239,105,1562250,34,247627,0,192293
2023-10-28,podkarpackie,PK,32,216514,0,6239,108,1562358,49,247676,0,192293
2023-10-29,podkarpackie,PK,0,216514,0,6239,0,1562358,0,247676,0,192293
2023-10-30,podkarpackie,PK,4,216518,0,6239,13,1562371,4,247680,0,192293
2023-10-31,podkarpackie,PK,35,216553,0,6239,105,1562476,36,247716,0,192293
2023-11-01,podkarpackie,PK,37,216590,0,6239,109,1562585,40,247756,0,192293
2023-11-02,podkarpackie,PK,1,216591,0,6239,3,1562588,1,247757,0,192293
2023-11-03,podkarpackie,PK,46,216637,0,6239,112,1562700,53,247810,0,192293
2023-11-04,podkarpackie,PK,48,216685,0,6239,125,1562825,52,247862,0,192293
2023-11-05,podkarpackie,PK,2,216687,0,6239,6,1562831,3,247865,0,192293
2023-11-06,podkarpackie,PK,2,216689,0,6239,3,1562834,2,247867,0,192293
2023-11-07,podkarpackie,PK,73,216762,0,6239,173,1563007,76,247943,0,192293
2023-11-08,podkarpackie,PK,52,216814,0,6239,136,1563143,56,247999,0,192293
2023-11-09,podkarpackie,PK,51,216865,0,6239,126,1563269,54,248053,0,192293
2023-11-10,podkarpackie,PK,36,216901,0,6239,91,1563360,39,248092,0,192293
2023-11-11,podkarpackie,PK,41,216942,0,6239,85,1563445,43,248135,0,192293
2023-11-12,podkarpackie,PK,2,216944,0,6239,5,1563450,2,248137,0,192293
2023-11-13,podkarpackie,PK,4,216948,0,6239,11,1563461,4,248141,0,192293
2023-11-14,podkarpackie,PK,73,217021,0,6239,164,1563625,77,248218,0,192293
2023-11-15,podkarpackie,PK,61,217082,0,6239,129,1563754,62,248280,0,192293
2023-11-16,podkarpackie,PK,50,217132,0,6239,131,1563885,51,248331,0,192293
2023-11-17,podkarpackie,PK,58,217190,0,6239,137,1564022,60,248391,0,192293
2023-11-18,podkarpackie,PK,60,217250,0,6239,116,1564138,61,248452,0,192293
2023-11-19,podkarpackie,PK,3,217253,0,6239,10,1564148,4,248456,0,192293
2023-11-20,podkarpackie,PK,3,217256,0,6239,3,1564151,3,248459,0,192293
2023-11-21,podkarpackie,PK,120,217376,2,6241,237,1564388,123,248582,0,192293
2023-11-22,podkarpackie,PK,87,217463,0,6241,212,1564600,92,248674,0,192293
2023-11-23,podkarpackie,PK,70,217533,0,6241,144,1564744,78,248752,0,192293
2023-11-24,podkarpackie,PK,104,217637,0,6241,215,1564959,106,248858,0,192293
2023-11-25,podkarpackie,PK,72,217709,0,6241,179,1565138,81,248939,0,192293
2023-11-26,podkarpackie,PK,2,217711,0,6241,11,1565149,2,248941,0,192293
2023-11-27,podkarpackie,PK,4,217715,0,6241,5,1565154,4,248945,0,192293
2023-11-28,podkarpackie,PK,151,217866,0,6241,323,1565477,158,249103,0,192293
2023-11-29,podkarpackie,PK,102,217968,1,6242,208,1565685,104,249207,0,192293
2023-11-30,podkarpackie,PK,135,218103,0,6242,226,1565911,137,249344,0,192293
2023-12-01,podkarpackie,PK,130,218233,0,6242,235,1566146,134,249478,0,192293
2023-12-02,podkarpackie,PK,135,218368,0,6242,266,1566412,141,249619,0,192293
2023-12-03,podkarpackie,PK,7,218375,0,6242,9,1566421,7,249626,0,192293
2023-12-04,podkarpackie,PK,8,218383,0,6242,20,1566441,8,249634,0,192293
2023-12-05,podkarpackie,PK,233,218616,0,6242,408,1566849,237,249871,0,192293
2023-12-06,podkarpackie,PK,155,218771,0,6242,301,1567150,170,250041,0,192293
2023-12-07,podkarpackie,PK,145,218916,0,6242,248,1567398,145,250186,0,192293
2023-12-08,podkarpackie,PK,163,219079,0,6242,283,1567681,170,250356,0,192293
2023-12-09,podkarpackie,PK,144,219223,0,6242,273,1567954,147,250503,0,192293
2023-12-10,podkarpackie,PK,10,219233,0,6242,10,1567964,10,250513,0,192293
2023-12-11,podkarpackie,PK,6,219239,0,6242,18,1567982,6,250519,0,192293
2023-12-12,podkarpackie,PK,238,219477,0,6242,394,1568376,242,250761,0,192293
2023-12-13,podkarpackie,PK,182,219659,0,6242,372,1568748,184,250945,0,192293
2023-12-14,podkarpackie,PK,171,219830,1,6243,300,1569048,187,251132,0,192293
2023-12-15,podkarpackie,PK,174,220004,1,6244,347,1569395,182,251314,0,192293
2023-12-16,podkarpackie,PK,166,220170,2,6246,330,1569725,171,251485,0,192293
2023-12-17,podkarpackie,PK,13,220183,0,6246,24,1569749,13,251498,0,192293
2023-12-18,podkarpackie,PK,20,220203,0,6246,24,1569773,21,251519,0,192293
2023-12-19,podkarpackie,PK,231,220434,4,6250,448,1570221,238,251757,0,192293
2023-12-20,podkarpackie,PK,171,220605,2,6252,367,1570588,173,251930,0,192293
2023-12-21,podkarpackie,PK,153,220758,1,6253,361,1570949,173,252103,0,192293
2023-12-22,podkarpackie,PK,125,220883,1,6254,294,1571243,136,252239,0,192293
2023-12-23,podkarpackie,PK,126,221009,0,6254,293,1571536,132,252371,0,192293
2023-12-24,podkarpackie,PK,15,221024,0,6254,16,1571552,15,252386,0,192293
2023-12-25,podkarpackie,PK,11,221035,0,6254,17,1571569,11,252397,0,192293
2023-12-26,podkarpackie,PK,7,221042,0,6254,9,1571578,7,252404,0,192293
2023-12-27,podkarpackie,PK,12,221054,0,6254,14,1571592,12,252416,0,192293
2023-12-28,podkarpackie,PK,187,221241,1,6255,420,1572012,202,252618,0,192293
2023-12-29,podkarpackie,PK,132,221373,0,6255,319,1572331,135,252753,0,192293
2023-12-30,podkarpackie,PK,199,221572,2,6257,402,1572733,212,252965,0,192293
2023-12-31,podkarpackie,PK,15,221587,0,6257,45,1572778,15,252980,0,192293
2024-01-01,podkarpackie,PK,8,221595,0,6257,12,1572790,9,252989,0,192293
2024-01-02,podkarpackie,PK,13,221608,0,6257,21,1572811,14,253003,0,192293
2024-01-03,podkarpackie,PK,149,221757,0,6257,404,1573215,158,253161,0,192293
2024-01-04,podkarpackie,PK,126,221883,2,6259,454,1573669,138,253299,0,192293
2024-01-05,podkarpackie,PK,118,222001,2,6261,352,1574021,125,253424,0,192293
2024-01-06,podkarpackie,PK,86,222087,1,6262,281,1574302,93,253517,0,192293
2024-01-07,podkarpackie,PK,11,222098,0,6262,42,1574344,11,253528,0,192293
2024-01-08,podkarpackie,PK,4,222102,0,6262,15,1574359,4,253532,0,192293
2024-01-09,podkarpackie,PK,112,222214,2,6264,317,1574676,115,253647,0,192293
2024-01-10,podkarpackie,PK,55,222269,0,6264,242,1574918,57,253704,0,192293
2024-01-11,podkarpackie,PK,51,222320,1,6265,232,1575150,53,253757,0,192293
2024-01-12,podkarpackie,PK,72,222392,0,6265,212,1575362,72,253829,0,192293
2024-01-13,podkarpackie,PK,60,222452,0,6265,257,1575619,62,253891,0,192293
2024-01-14,podkarpackie,PK,5,222457,0,6265,11,1575630,5,253896,0,192293
2024-01-15,podkarpackie,PK,2,222459,0,6265,9,1575639,2,253898,0,192293
2024-01-16,podkarpackie,PK,98,222557,0,6265,368,1576007,98,253996,0,192293
2024-01-17,podkarpackie,PK,72,222629,1,6266,284,1576291,72,254068,0,192293
2024-01-18,podkarpackie,PK,66,222695,1,6267,272,1576563,67,254135,0,192293
2024-01-19,podkarpackie,PK,78,222773,1,6268,278,1576841,84,254219,0,192293
2024-01-20,podkarpackie,PK,60,222833,0,6268,260,1577101,66,254285,0,192293
2024-01-21,podkarpackie,PK,5,222838,0,6268,22,1577123,6,254291,0,192293
2024-01-22,podkarpackie,PK,1,222839,0,6268,4,1577127,1,254292,0,192293
2024-01-23,podkarpackie,PK,87,222926,0,6268,392,1577519,93,254385,0,192293
2024-01-24,podkarpackie,PK,60,222986,0,6268,310,1577829,62,254447,0,192293
2024-01-25,podkarpackie,PK,60,223046,0,6268,305,1578134,64,254511,0,192293
2024-01-26,podkarpackie,PK,57,223103,0,6268,286,1578420,59,254570,0,192293
2024-01-27,podkarpackie,PK,51,223154,0,6268,272,1578692,53,254623,0,192293
2024-01-28,podkarpackie,PK,6,223160,0,6268,14,1578706,7,254630,0,192293
2024-01-29,podkarpackie,PK,4,223164,0,6268,12,1578718,5,254635,0,192293
2024-01-30,podkarpackie,PK,50,223214,0,6268,378,1579096,50,254685,0,192293
2024-01-31,podkarpackie,PK,44,223258,1,6269,267,1579363,45,254730,0,192293
2024-02-01,podkarpackie,PK,34,223292,0,6269,249,1579612,35,254765,0,192293
2024-02-02,podkarpackie,PK,37,223329,0,6269,251,1579863,39,254804,0,192293
2024-02-03,podkarpackie,PK,46,223375,0,6269,300,1580163,54,254858,0,192293
2024-02-04,podkarpackie,PK,0,223375,0,6269,23,1580186,0,254858,0,192293
2024-02-05,podkarpackie,PK,1,223376,0,6269,12,1580198,1,254859,0,192293
2024-02-06,podkarpackie,PK,37,223413,0,6269,331,1580529,38,254897,0,192293
2024-02-07,podkarpackie,PK,29,223442,1,6270,273,1580802,29,254926,0,192293
2024-02-08,podkarpackie,PK,25,223467,0,6270,188,1580990,28,254954,0,192293
2024-02-09,podkarpackie,PK,18,223485,0,6270,181,1581171,19,254973,0,192293
2024-02-10,podkarpackie,PK,20,223505,0,6270,204,1581375,23,254996,0,192293
2024-02-11,podkarpackie,PK,1,223506,0,6270,21,1581396,1,254997,0,192293
2024-02-12,podkarpackie,PK,1,223507,0,6270,9,1581405,2,254999,0,192293
2024-02-13,podkarpackie,PK,12,223519,0,6270,263,1581668,12,255011,0,192293
2024-02-14,podkarpackie,PK,8,223527,1,6271,149,1581817,8,255019,0,192293
2024-02-15,podkarpackie,PK,13,223540,1,6272,161,1581978,13,255032,0,192293
2024-02-16,podkarpackie,PK,9,223549,0,6272,127,1582105,9,255041,0,192293
2024-02-17,podkarpackie,PK,16,223565,0,6272,146,1582251,16,255057,0,192293
2024-02-18,podkarpackie,PK,2,223567,0,6272,19,1582270,2,255059,0,192293
2024-02-19,podkarpackie,PK,1,223568,0,6272,13,1582283,2,255061,0,192293
2024-02-20,podkarpackie,PK,16,223584,0,6272,215,1582498,18,255079,0,192293
2024-02-21,podkarpackie,PK,13,223597,1,6273,159,1582657,13,255092,0,192293
2024-02-22,podkarpackie,PK,5,223602,0,6273,108,1582765,5,255097,0,192293
2024-02-23,podkarpackie,PK,13,223615,0,6273,117,1582882,14,255111,0,192293
2024-02-24,podkarpackie,PK,18,223633,0,6273,149,1583031,19,255130,0,192293
2024-02-25,podkarpackie,PK,1,223634,0,6273,13,1583044,1,255131,0,192293
2024-02-26,podkarpackie,PK,1,223635,0,6273,11,1583055,1,255132,0,192293
2024-02-27,podkarpackie,PK,14,223649,1,6274,190,1583245,14,255146,0,192293
2024-02-28,podkarpackie,PK,1,223650,0,6274,129,1583374,1,255147,0,192293
2024-02-29,podkarpackie,PK,3,223653,0,6274,108,1583482,3,255150,0,192293
2024-03-01,podkarpackie,PK,3,223656,0,6274,91,1583573,3,255153,0,192293
2024-03-02,podkarpackie,PK,7,223663,1,6275,127,1583700,7,255160,0,192293
2024-03-03,podkarpackie,PK,0,223663,0,6275,1,1583701,0,255160,0,192293
2024-03-04,podkarpackie,PK,0,223663,0,6275,6,1583707,0,255160,0,192293
2024-03-05,podkarpackie,PK,8,223671,0,6275,159,1583866,8,255168,0,192293
2024-03-06,podkarpackie,PK,6,223677,0,6275,133,1583999,6,255174,0,192293
2024-03-07,podkarpackie,PK,5,223682,0,6275,71,1584070,5,255179,0,192293
2024-03-08,podkarpackie,PK,8,223690,0,6275,91,1584161,8,255187,0,192293
2024-03-09,podkarpackie,PK,4,223694,0,6275,79,1584240,6,255193,0,192293
2024-03-10,podkarpackie,PK,0,223694,0,6275,3,1584243,0,255193,0,192293
2024-03-11,podkarpackie,PK,0,223694,0,6275,6,1584249,0,255193,0,192293
2024-03-12,podkarpackie,PK,2,223696,0,6275,142,1584391,2,255195,0,192293
2024-03-13,podkarpackie,PK,3,223699,0,6275,96,1584487,3,255198,0,192293
2024-03-14,podkarpackie,PK,3,223702,0,6275,84,1584571,3,255201,0,192293
2024-03-15,podkarpackie,PK,3,223705,1,6276,85,1584656,3,255204,0,192293
2024-03-16,podkarpackie,PK,5,223710,0,6276,77,1584733,5,255209,0,192293
2024-03-17,podkarpackie,PK,0,223710,0,6276,2,1584735,0,255209,0,192293
2024-03-18,podkarpackie,PK,1,223711,0,6276,5,1584740,1,255210,0,192293
2024-03-19,podkarpackie,PK,0,223711,0,6276,97,1584837,0,255210,0,192293
2024-03-20,podkarpackie,PK,3,223714,0,6276,66,1584903,3,255213,0,192293
2024-03-21,podkarpackie,PK,3,223717,0,6276,58,1584961,3,255216,0,192293
2024-03-22,podkarpackie,PK,1,223718,0,6276,59,1585020,1,255217,0,192293
2024-03-23,podkarpackie,PK,3,223721,0,6276,63,1585083,3,255220,0,192293
2024-03-24,podkarpackie,PK,0,223721,0,6276,5,1585088,0,255220,0,192293
2024-03-25,podkarpackie,PK,0,223721,0,6276,0,1585088,0,255220,0,192293
2024-03-26,podkarpackie,PK,2,223723,0,6276,83,1585171,2,255222,0,192293
2024-03-27,podkarpackie,PK,1,223724,0,6276,76,1585247,1,255223,0,192293
2024-03-28,podkarpackie,PK,2,223726,0,6276,61,1585308,2,255225,0,192293
2024-03-29,podkarpackie,PK,2,223728,0,6276,54,1585362,2,255227,0,192293
2024-03-30,podkarpackie,PK,1,223729,0,6276,33,1585395,1,255228,0,192293
2024-03-31,podkarpackie,PK,0,223729,0,6276,0,1585395,0,255228,0,192293
2024-04-01,podkarpackie,PK,0,223729,0,6276,7,1585402,0,255228,0,192293
2024-04-02,podkarpackie,PK,0,223729,0,6276,1,1585403,0,255228,0,192293
2024-04-03,podkarpackie,PK,1,223730,0,6276,75,1585478,1,255229,0,192293
2024-04-19,podkarpackie,PK,2,223732,0,6276,36,1585514,2,255231,0,192293
2024-04-20,podkarpackie,PK,0,223732,0,6276,19,1585533,0,255231,0,192293
2024-04-21,podkarpackie,PK,0,223732,0,6276,8,1585541,0,255231,0,192293
2024-04-22,podkarpackie,PK,0,223732,0,6276,3,1585544,0,255231,0,192293
2024-04-23,podkarpackie,PK,0,223732,0,6276,48,1585592,0,255231,0,192293
2024-04-24,podkarpackie,PK,1,223733,0,6276,33,1585625,1,255232,0,192293
2024-04-25,podkarpackie,PK,0,223733,0,6276,26,1585651,0,255232,0,192293
2024-04-26,podkarpackie,PK,0,223733,0,6276,23,1585674,0,255232,0,192293
2024-04-27,podkarpackie,PK,0,223733,0,6276,27,1585701,0,255232,0,192293
2024-04-28,podkarpackie,PK,0,223733,0,6276,0,1585701,0,255232,0,192293
2024-04-29,podkarpackie,PK,0,223733,0,6276,7,1585708,0,255232,0,192293
2024-04-30,podkarpackie,PK,0,223733,0,6276,32,1585740,0,255232,0,192293
2024-05-01,podkarpackie,PK,0,223733,0,6276,34,1585774,0,255232,0,192293
2024-05-02,podkarpackie,PK,0,223733,0,6276,5,1585779,0,255232,0,192293
2024-05-03,podkarpackie,PK,1,223734,0,6276,17,1585796,1,255233,0,192293
2024-05-04,podkarpackie,PK,0,223734,0,6276,2,1585798,0,255233,0,192293
2024-05-05,podkarpackie,PK,0,223734,0,6276,0,1585798,0,255233,0,192293
2024-05-06,podkarpackie,PK,0,223734,0,6276,3,1585801,0,255233,0,192293
2024-05-07,podkarpackie,PK,1,223735,0,6276,25,1585826,1,255234,0,192293
2024-05-08,podkarpackie,PK,2,223737,0,6276,32,1585858,2,255236,0,192293
2024-05-09,podkarpackie,PK,2,223739,0,6276,15,1585873,3,255239,0,192293
2024-05-10,podkarpackie,PK,0,223739,0,6276,30,1585903,0,255239,0,192293
2024-05-11,podkarpackie,PK,0,223739,0,6276,20,1585923,0,255239,0,192293
2024-05-12,podkarpackie,PK,0,223739,0,6276,2,1585925,0,255239,0,192293
2024-05-13,podkarpackie,PK,0,223739,0,6276,5,1585930,0,255239,0,192293
2024-05-14,podkarpackie,PK,0,223739,0,6276,12,1585942,0,255239,0,192293
2024-05-15,podkarpackie,PK,2,223741,0,6276,22,1585964,3,255242,0,192293
2024-05-16,podkarpackie,PK,2,223743,0,6276,16,1585980,2,255244,0,192293
2024-05-17,podkarpackie,PK,2,223745,0,6276,21,1586001,2,255246,0,192293
2024-05-18,podkarpackie,PK,1,223746,0,6276,12,1586013,1,255247,0,192293
2024-05-19,podkarpackie,PK,0,223746,0,6276,1,1586014,0,255247,0,192293
2024-05-20,podkarpackie,PK,0,223746,0,6276,0,1586014,0,255247,0,192293
2024-05-21,podkarpackie,PK,0,223746,0,6276,19,1586033,0,255247,0,192293
2024-05-22,podkarpackie,PK,0,223746,0,6276,10,1586043,0,255247,0,192293
2024-05-23,podkarpackie,PK,0,223746,0,6276,4,1586047,0,255247,0,192293
2024-05-24,podkarpackie,PK,1,223747,0,6276,12,1586059,1,255248,0,192293
2024-05-25,podkarpackie,PK,0,223747,0,6276,23,1586082,0,255248,0,192293
2024-05-26,podkarpackie,PK,0,223747,0,6276,1,1586083,0,255248,0,192293
2024-05-27,podkarpackie,PK,0,223747,0,6276,4,1586087,0,255248,0,192293
2024-05-28,podkarpackie,PK,5,223752,0,6276,25,1586112,6,255254,0,192293
2024-05-29,podkarpackie,PK,2,223754,0,6276,11,1586123,2,255256,0,192293
2024-05-30,podkarpackie,PK,1,223755,0,6276,8,1586131,1,255257,0,192293
2024-05-31,podkarpackie,PK,0,223755,0,6276,2,1586133,0,255257,0,192293
2024-06-01,podkarpackie,PK,1,223756,0,6276,10,1586143,1,255258,0,192293
2024-06-02,podkarpackie,PK,0,223756,0,6276,2,1586145,0,255258,0,192293
2024-06-03,podkarpackie,PK,0,223756,0,6276,0,1586145,0,255258,0,192293
2024-06-04,podkarpackie,PK,2,223758,0,6276,17,1586162,2,255260,0,192293
2024-06-05,podkarpackie,PK,3,223761,0,6276,9,1586171,3,255263,0,192293
2024-06-06,podkarpackie,PK,0,223761,0,6276,22,1586193,0,255263,0,192293
2024-06-07,podkarpackie,PK,1,223762,0,6276,20,1586213,1,255264,0,192293
2024-06-08,podkarpackie,PK,0,223762,0,6276,8,1586221,0,255264,0,192293
2024-06-09,podkarpackie,PK,0,223762,0,6276,1,1586222,0,255264,0,192293
2024-06-10,podkarpackie,PK,0,223762,0,6276,0,1586222,0,255264,0,192293
2024-06-11,podkarpackie,PK,3,223765,0,6276,28,1586250,3,255267,0,192293
2024-06-12,podkarpackie,PK,4,223769,0,6276,16,1586266,4,255271,0,192293
2024-06-13,podkarpackie,PK,3,223772,0,6276,11,1586277,3,255274,0,192293
2024-06-14,podkarpackie,PK,4,223776,0,6276,13,1586290,4,255278,0,192293
2024-06-15,podkarpackie,PK,3,223779,0,6276,6,1586296,3,255281,0,192293
2024-06-16,podkarpackie,PK,0,223779,0,6276,1,1586297,0,255281,0,192293
2024-06-17,podkarpackie,PK,0,223779,0,6276,0,1586297,0,255281,0,192293
2024-06-18,podkarpackie,PK,3,223782,0,6276,23,1586320,3,255284,0,192293
2024-06-19,podkarpackie,PK,4,223786,0,6276,14,1586334,4,255288,0,192293
2024-06-20,podkarpackie,PK,1,223787,0,6276,8,1586342,1,255289,0,192293
2024-06-21,podkarpackie,PK,4,223791,0,6276,18,1586360,5,255294,0,192293
2024-06-22,podkarpackie,PK,3,223794,0,6276,17,1586377,3,255297,0,192293
2024-06-23,podkarpackie,PK,0,223794,0,6276,0,1586377,0,255297,0,192293
2024-06-24,podkarpackie,PK,0,223794,0,6276,1,1586378,0,255297,0,192293
2024-06-25,podkarpackie,PK,3,223797,0,6276,16,1586394,3,255300,0,192293
2024-06-26,podkarpackie,PK,2,223799,0,6276,16,1586410,2,255302,0,192293
2024-06-27,podkarpackie,PK,2,223801,0,6276,10,1586420,2,255304,0,192293
2024-06-28,podkarpackie,PK,3,223804,0,6276,28,1586448,3,255307,0,192293
2024-06-29,podkarpackie,PK,2,223806,0,6276,13,1586461,2,255309,0,192293
2024-06-30,podkarpackie,PK,0,223806,0,6276,0,1586461,0,255309,0,192293
2024-07-01,podkarpackie,PK,0,223806,0,6276,0,1586461,0,255309,0,192293
2020-11-24,małopolskie,MA,489,489,64,64,3614,3614,584,584,0,0
2020-11-25,małopolskie,MA,951,1440,86,150,4999,8613,1062,1646,0,0
2020-11-26,małopolskie,MA,917,2357,40,190,4567,13180,1030,2676,0,0
2020-11-27,małopolskie,MA,870,3227,43,233,5229,18409,968,3644,0,0
2020-11-28,małopolskie,MA,660,3887,42,275,4503,22912,798,4442,0,0
2020-11-29,małopolskie,MA,450,4337,9,284,2781,25693,481,4923,0,0
2020-11-30,małopolskie,MA,284,4621,2,286,2501,28194,350,5273,0,0
2020-12-01,małopolskie,MA,494,5115,67,353,3931,32125,658,5931,0,0
2020-12-02,małopolskie,MA,827,5942,42,395,4744,36869,957,6888,0,0
2020-12-03,małopolskie,MA,645,6587,50,445,4591,41460,786,7674,0,0
2020-12-04,małopolskie,MA,600,7187,41,486,4884,46344,783,8457,0,0
2020-12-05,małopolskie,MA,551,7738,35,521,4438,50782,666,9123,0,0
2020-12-06,małopolskie,MA,382,8120,12,533,2445,53227,455,9578,0,0
2020-12-07,małopolskie,MA,213,8333,0,533,1619,54846,270,9848,0,0
2020-12-08,małopolskie,MA,1079,9412,50,583,3601,58447,1168,11016,0,0
2020-12-09,małopolskie,MA,566,9978,40,623,3382,61829,607,11623,0,0
2020-12-10,małopolskie,MA,491,10469,27,650,2957,64786,537,12160,0,0
2020-12-11,małopolskie,MA,474,10943,27,677,2419,67205,507,12667,0,0
2020-12-12,małopolskie,MA,411,11354,22,699,2417,69622,455,13122,0,0
2020-12-13,małopolskie,MA,316,11670,19,718,2031,71653,351,13473,0,0
2020-12-14,małopolskie,MA,149,11819,0,718,1315,72968,175,13648,0,0
2020-12-15,małopolskie,MA,238,12057,27,745,2099,75067,300,13948,0,0
2020-12-16,małopolskie,MA,538,12595,25,770,3030,78097,571,14519,0,0
2020-12-17,małopolskie,MA,348,12943,32,802,2506,80603,383,14902,0,0
2020-12-18,małopolskie,MA,409,13352,21,823,2589,83192,446,15348,0,0
2020-12-19,małopolskie,MA,397,13749,22,845,2717,85909,428,15776,0,0
2020-12-20,małopolskie,MA,311,14060,1,846,1713,87622,342,16118,0,0
2020-12-21,małopolskie,MA,211,14271,3,849,1394,89016,226,16344,0,0
2020-12-22,małopolskie,MA,198,14469,25,874,2071,91087,244,16588,0,0
2020-12-23,małopolskie,MA,528,14997,18,892,3346,94433,570,17158,0,0
2020-12-24,małopolskie,MA,410,15407,43,935,2959,97392,463,17621,288,288
2020-12-25,małopolskie,MA,210,15617,7,942,1436,98828,224,17845,512,800
2020-12-26,małopolskie,MA,169,15786,1,943,1348,100176,197,18042,326,1126
2020-12-27,małopolskie,MA,115,15901,2,945,843,101019,134,18176,329,1455
2020-12-28,małopolskie,MA,190,16091,1,946,1182,102201,241,18417,334,1789
2020-12-29,małopolskie,MA,250,16341,19,965,2018,104219,326,18743,325,2114
2020-12-30,małopolskie,MA,541,16882,30,995,3090,107309,598,19341,187,2301
2020-12-31,małopolskie,MA,387,17269,18,1013,2761,110070,430,19771,226,2527
2021-01-01,małopolskie,MA,388,17657,22,1035,2237,112307,425,20196,514,3041
2021-01-02,małopolskie,MA,281,17938,0,1035,1448,113755,303,20499,324,3365
2021-01-03,małopolskie,MA,199,18137,2,1037,1665,115420,227,20726,200,3565
2021-01-04,małopolskie,MA,194,18331,0,1037,1698,117118,221,20947,150,3715
2021-01-05,małopolskie,MA,233,18564,23,1060,2431,119549,281,21228,178,3893
2021-01-06,małopolskie,MA,625,19189,23,1083,3605,123154,671,21899,133,4026
2021-01-08,małopolskie,MA,352,19541,10,1093,2772,125926,399,22298,498,4524
2021-01-09,małopolskie,MA,418,19959,13,1106,3332,129258,454,22752,353,4877
2021-01-10,małopolskie,MA,260,20219,2,1108,2304,131562,269,23021,361,5238
2021-01-11,małopolskie,MA,233,20452,1,1109,1695,133257,268,23289,283,5521
2021-01-12,małopolskie,MA,236,20688,26,1135,3021,136278,292,23581,237,5758
2021-01-13,małopolskie,MA,383,21071,35,1170,4692,140970,418,23999,179,5937
2021-01-14,małopolskie,MA,337,21408,12,1182,4427,145397,358,24357,315,6252
2021-01-15,małopolskie,MA,321,21729,16,1198,4309,149706,343,24700,518,6770
2021-01-16,małopolskie,MA,293,22022,14,1212,4255,153961,316,25016,412,7182
2021-01-17,małopolskie,MA,225,22247,7,1219,2954,156915,259,25275,314,7496
2021-01-18,małopolskie,MA,306,22553,0,1219,1583,158498,322,25597,416,7912
2021-01-19,małopolskie,MA,233,22786,19,1238,2480,160978,262,25859,288,8200
2021-01-20,małopolskie,MA,280,23066,18,1256,2829,163807,302,26161,201,8401
2021-01-21,małopolskie,MA,315,23381,13,1269,2692,166499,343,26504,258,8659
2021-01-22,małopolskie,MA,270,23651,10,1279,2454,168953,291,26795,384,9043
2021-01-23,małopolskie,MA,250,23901,23,1302,2688,171641,274,27069,360,9403
2021-01-24,małopolskie,MA,219,24120,6,1308,1892,173533,243,27312,333,9736
2021-01-25,małopolskie,MA,115,24235,0,1308,1325,174858,128,27440,289,10025
2021-01-26,małopolskie,MA,159,24394,18,1326,2418,177276,202,27642,230,10255
2021-01-27,małopolskie,MA,359,24753,32,1358,2833,180109,386,28028,112,10367
2021-01-28,małopolskie,MA,290,25043,11,1369,2658,182767,322,28350,247,10614
2021-01-29,małopolskie,MA,250,25293,11,1380,2611,185378,273,28623,274,10888
2021-01-30,małopolskie,MA,265,25558,9,1389,2703,188081,283,28906,323,11211
2021-01-31,małopolskie,MA,203,25761,1,1390,2014,190095,223,29129,253,11464
2021-02-01,małopolskie,MA,182,25943,0,1390,1367,191462,209,29338,270,11734
2021-02-02,małopolskie,MA,244,26187,20,1410,2460,193922,263,29601,200,11934
2021-02-03,małopolskie,MA,355,26542,28,1438,3006,196928,382,29983,112,12046
2021-02-04,małopolskie,MA,272,26814,8,1446,2640,199568,320,30303,187,12233
2021-02-05,małopolskie,MA,266,27080,9,1455,2254,201822,291,30594,329,12562
2021-02-06,małopolskie,MA,293,27373,16,1471,2912,204734,319,30913,273,12835
2021-02-07,małopolskie,MA,226,27599,0,1471,1886,206620,242,31155,236,13071
2021-02-08,małopolskie,MA,83,27682,0,1471,1210,207830,95,31250,241,13312
2021-02-09,małopolskie,MA,191,27873,19,1490,2654,210484,212,31462,226,13538
2021-02-10,małopolskie,MA,340,28213,15,1505,3141,213625,368,31830,153,13691
2021-02-11,małopolskie,MA,364,28577,27,1532,3409,217034,388,32218,231,13922
2021-02-12,małopolskie,MA,250,28827,14,1546,2882,219916,272,32490,327,14249
2021-02-13,małopolskie,MA,356,29183,11,1557,3200,223116,386,32876,304,14553
2021-02-14,małopolskie,MA,212,29395,2,1559,2267,225383,226,33102,260,14813
2021-02-15,małopolskie,MA,115,29510,3,1562,1517,226900,131,33233,273,15086
2021-02-16,małopolskie,MA,222,29732,16,1578,2978,229878,250,33483,223,15309
2021-02-17,małopolskie,MA,514,30246,24,1602,3681,233559,537,34020,96,15405
2021-02-18,małopolskie,MA,427,30673,11,1613,3163,236722,451,34471,211,15616
2021-02-19,małopolskie,MA,548,31221,11,1624,3554,240276,577,35048,345,15961
2021-02-20,małopolskie,MA,493,31714,14,1638,3339,243615,516,35564,370,16331
2021-02-21,małopolskie,MA,380,32094,3,1641,2667,246282,405,35969,266,16597
2021-02-22,małopolskie,MA,233,32327,0,1641,1831,248113,256,36225,342,16939
2021-02-23,małopolskie,MA,293,32620,31,1672,2526,250639,315,36540,221,17160
2021-02-24,małopolskie,MA,717,33337,15,1687,4093,254732,758,37298,125,17285
2021-02-25,małopolskie,MA,752,34089,4,1691,3902,258634,794,38092,282,17567
2021-02-26,małopolskie,MA,660,34749,14,1705,3475,262109,737,38829,491,18058
2021-02-27,małopolskie,MA,629,35378,19,1724,3650,265759,674,39503,418,18476
2021-02-28,małopolskie,MA,736,36114,1,1725,3328,269087,766,40269,475,18951
2021-03-01,małopolskie,MA,281,36395,4,1729,1857,270944,304,40573,509,19460
2021-03-02,małopolskie,MA,521,36916,14,1743,3340,274284,572,41145,368,19828
2021-03-03,małopolskie,MA,1272,38188,8,1751,4596,278880,1325,42470,224,20052
2021-03-04,małopolskie,MA,953,39141,11,1762,3973,282853,996,43466,341,20393
2021-03-05,małopolskie,MA,1014,40155,13,1775,3952,286805,1068,44534,684,21077
2021-03-06,małopolskie,MA,1061,41216,16,1791,4503,291308,1110,45644,696,21773
2021-03-07,małopolskie,MA,997,42213,6,1797,3599,294907,1045,46689,625,22398
2021-03-08,małopolskie,MA,496,42709,0,1797,2492,297399,534,47223,675,23073
2021-03-09,małopolskie,MA,582,43291,24,1821,3670,301069,634,47857,660,23733
2021-03-10,małopolskie,MA,1497,44788,16,1837,4963,306032,1557,49414,360,24093
2021-03-11,małopolskie,MA,1607,46395,13,1850,4662,310694,1664,51078,550,24643
2021-03-12,małopolskie,MA,1336,47731,14,1864,4271,314965,1403,52481,1143,25786
2021-03-13,małopolskie,MA,1685,49416,16,1880,5419,320384,1766,54247,1035,26821
2021-03-14,małopolskie,MA,1379,50795,2,1882,4318,324702,1445,55692,971,27792
2021-03-15,małopolskie,MA,699,51494,7,1889,2852,327554,756,56448,1077,28869
2021-03-16,małopolskie,MA,1044,52538,46,1935,4327,331881,1127,57575,950,29819
2021-03-17,małopolskie,MA,2050,54588,26,1961,5686,337567,2117,59692,596,30415
2021-03-18,małopolskie,MA,2190,56778,21,1982,6065,343632,2324,62016,752,31167
2021-03-19,małopolskie,MA,1913,58691,34,2016,5456,349088,2001,64017,1417,32584
2021-03-20,małopolskie,MA,2136,60827,25,2041,6120,355208,2224,66241,1586,34170
2021-03-21,małopolskie,MA,1715,62542,5,2046,4594,359802,1812,68053,1307,35477
2021-03-22,małopolskie,MA,1204,63746,5,2051,3679,363481,1259,69312,1385,36862
2021-03-23,małopolskie,MA,1210,64956,41,2092,4136,367617,1296,70608,1459,38321
2021-03-24,małopolskie,MA,2608,67564,28,2120,6845,374462,2709,73317,740,39061
2021-03-25,małopolskie,MA,2919,70483,27,2147,7692,382154,3068,76385,1032,40093
2021-03-26,małopolskie,MA,2826,73309,33,2180,7481,389635,2952,79337,2022,42115
2021-03-27,małopolskie,MA,2724,76033,24,2204,7445,397080,2830,82167,2359,44474
2021-03-28,małopolskie,MA,2403,78436,6,2210,6001,403081,2475,84642,1811,46285
2021-03-29,małopolskie,MA,1525,79961,5,2215,4344,407425,1615,86257,2092,48377
2021-03-30,małopolskie,MA,1655,81616,48,2263,5553,412978,1781,88038,1921,50298
2021-03-31,małopolskie,MA,2764,84380,40,2303,7805,420783,2895,90933,1250,51548
2021-04-01,małopolskie,MA,3066,87446,50,2353,8236,429019,3201,94134,1540,53088
2021-04-02,małopolskie,MA,2628,90074,39,2392,7589,436608,2782,96916,2659,55747
2021-04-03,małopolskie,MA,2290,92364,53,2445,7000,443608,2421,99337,2801,58548
2021-04-04,małopolskie,MA,1692,94056,12,2457,5416,449024,1769,101106,2765,61313
2021-04-05,małopolskie,MA,919,94975,8,2465,3656,452680,990,102096,2742,64055
2021-04-06,małopolskie,MA,663,95638,2,2467,4439,457119,721,102817,2335,66390
2021-04-07,małopolskie,MA,1221,96859,101,2568,8202,465321,1305,104122,1726,68116
2021-04-08,małopolskie,MA,2812,99671,87,2655,9993,475314,2929,107051,1670,69786
2021-04-09,małopolskie,MA,2218,101889,71,2726,7606,482920,2349,109400,2768,72554
2021-04-10,małopolskie,MA,2135,104024,50,2776,8575,491495,2231,111631,3285,75839
2021-04-11,małopolskie,MA,1869,105893,9,2785,7705,499200,1961,113592,2472,78311
2021-04-12,małopolskie,MA,1078,106971,7,2792,5637,504837,1148,114740,2184,80495
2021-04-13,małopolskie,MA,1080,108051,110,2902,6520,511357,1204,115944,1896,82391
2021-04-14,małopolskie,MA,1885,109936,61,2963,8327,519684,2028,117972,1021,83412
2021-04-15,małopolskie,MA,1746,111682,36,2999,6719,526403,1847,119819,874,84286
2021-04-16,małopolskie,MA,1439,113121,65,3064,6070,532473,1527,121346,1265,85551
2021-04-17,małopolskie,MA,1322,114443,70,3134,6325,538798,1437,122783,3048,88599
2021-04-18,małopolskie,MA,1075,115518,8,3142,5697,544495,1176,123959,2139,90738
2021-04-19,małopolskie,MA,671,116189,6,3148,4234,548729,741,124700,2061,92799
2021-04-20,małopolskie,MA,630,116819,62,3210,4963,553692,688,125388,1797,94596
2021-04-21,małopolskie,MA,1290,118109,43,3253,5833,559525,1382,126770,1107,95703
2021-04-22,małopolskie,MA,1075,119184,40,3293,4821,564346,1162,127932,1181,96884
2021-04-23,małopolskie,MA,908,120092,42,3335,4539,568885,967,128899,1875,98759
2021-04-24,małopolskie,MA,789,120881,34,3369,5081,573966,888,129787,1889,100648
2021-04-25,małopolskie,MA,601,121482,4,3373,4205,578171,669,130456,1461,102109
2021-04-26,małopolskie,MA,326,121808,6,3379,2946,581117,378,130834,1230,103339
2021-04-27,małopolskie,MA,402,122210,61,3440,4396,585513,456,131290,1226,104565
2021-04-28,małopolskie,MA,770,122980,66,3506,4967,590480,838,132128,718,105283
2021-04-29,małopolskie,MA,620,123600,38,3544,4469,594949,676,132804,745,106028
2021-04-30,małopolskie,MA,551,124151,29,3573,4192,599141,593,133397,1259,107287
2021-05-01,małopolskie,MA,499,124650,29,3602,4920,604061,566,133963,1203,108490
2021-05-02,małopolskie,MA,478,125128,3,3605,4312,608373,538,134501,873,109363
2021-05-03,małopolskie,MA,220,125348,8,3613,3349,611722,253,134754,772,110135
2021-05-04,małopolskie,MA,213,125561,1,3614,2966,614688,242,134996,643,110778
2021-05-05,małopolskie,MA,285,125846,65,3679,4283,618971,314,135310,397,111175
2021-05-06,małopolskie,MA,480,126326,56,3735,4936,623907,514,135824,445,111620
2021-05-07,małopolskie,MA,382,126708,27,3762,4467,628374,409,136233,738,112358
2021-05-08,małopolskie,MA,367,127075,19,3781,4724,633098,403,136636,671,113029
2021-05-09,małopolskie,MA,314,127389,1,3782,4970,638068,351,136987,537,113566
2021-05-10,małopolskie,MA,135,127524,2,3784,3395,641463,149,137136,514,114080
2021-05-11,małopolskie,MA,200,127724,44,3828,4609,646072,225,137361,493,114573
2021-05-12,małopolskie,MA,308,128032,21,3849,4495,650567,338,137699,239,114812
2021-05-13,małopolskie,MA,269,128301,30,3879,3923,654490,295,137994,257,115069
2021-05-14,małopolskie,MA,244,128545,19,3898,4121,658611,277,138271,308,115377
2021-05-15,małopolskie,MA,238,128783,19,3917,4605,663216,255,138526,509,115886
2021-05-16,małopolskie,MA,147,128930,0,3917,4549,667765,171,138697,381,116267
2021-05-17,małopolskie,MA,91,129021,3,3920,3355,671120,97,138794,328,116595
2021-05-18,małopolskie,MA,134,129155,27,3947,4966,676086,150,138944,364,116959
2021-05-19,małopolskie,MA,182,129337,19,3966,4067,680153,190,139134,139,117098
2021-05-20,małopolskie,MA,171,129508,15,3981,4158,684311,184,139318,223,117321
2021-05-21,małopolskie,MA,130,129638,17,3998,4016,688327,155,139473,324,117645
2021-05-22,małopolskie,MA,130,129768,9,4007,4525,692852,152,139625,314,117959
2021-05-23,małopolskie,MA,91,129859,1,4008,3552,696404,106,139731,246,118205
2021-05-24,małopolskie,MA,47,129906,2,4010,3214,699618,53,139784,237,118442
2021-05-25,małopolskie,MA,64,129970,18,4028,4981,704599,73,139857,162,118604
2021-05-26,małopolskie,MA,100,130070,26,4054,4153,708752,118,139975,109,118713
2021-05-27,małopolskie,MA,85,130155,6,4060,4735,713487,140,140115,149,118862
2021-05-28,małopolskie,MA,66,130221,10,4070,3871,717358,76,140191,176,119038
2021-05-29,małopolskie,MA,48,130269,7,4077,5224,722582,57,140248,193,119231
2021-05-30,małopolskie,MA,45,130314,2,4079,4023,726605,51,140299,144,119375
2021-05-31,małopolskie,MA,19,130333,2,4081,3092,729697,21,140320,127,119502
2021-06-01,małopolskie,MA,52,130385,19,4100,4509,734206,74,140394,104,119606
2021-06-02,małopolskie,MA,49,130434,7,4107,4103,738309,72,140466,52,119658
2021-06-03,małopolskie,MA,45,130479,8,4115,4146,742455,52,140518,75,119733
2021-06-04,małopolskie,MA,20,130499,0,4115,3062,745517,30,140548,98,119831
2021-06-05,małopolskie,MA,27,130526,1,4116,4170,749687,45,140593,69,119900
2021-06-06,małopolskie,MA,28,130554,4,4120,4429,754116,34,140627,68,119968
2021-06-07,małopolskie,MA,21,130575,0,4120,3317,757433,26,140653,50,120018
2021-06-08,małopolskie,MA,31,130606,12,4132,5027,762460,40,140693,56,120074
2021-06-09,małopolskie,MA,36,130642,6,4138,4601,767061,38,140731,19,120093
2021-06-10,małopolskie,MA,31,130673,8,4146,3891,770952,43,140774,53,120146
2021-06-11,małopolskie,MA,26,130699,8,4154,3809,774761,32,140806,65,120211
2021-06-12,małopolskie,MA,15,130714,2,4156,4352,779113,20,140826,42,120253
2021-06-13,małopolskie,MA,13,130727,0,4156,4429,783542,21,140847,24,120277
2021-06-14,małopolskie,MA,9,130736,0,4156,3047,786589,11,140858,29,120306
2021-06-15,małopolskie,MA,12,130748,6,4162,4388,790977,16,140874,29,120335
2021-06-16,małopolskie,MA,19,130767,2,4164,4416,795393,21,140895,28,120363
2021-06-17,małopolskie,MA,15,130782,2,4166,3807,799200,22,140917,34,120397
2021-06-18,małopolskie,MA,22,130804,1,4167,3351,802551,29,140946,44,120441
2021-06-19,małopolskie,MA,11,130815,3,4170,4223,806774,17,140963,31,120472
2021-06-20,małopolskie,MA,7,130822,0,4170,3497,810271,8,140971,28,120500
2021-06-21,małopolskie,MA,6,130828,0,4170,2579,812850,7,140978,16,120516
2021-06-22,małopolskie,MA,11,130839,11,4181,5241,818091,15,140993,10,120526
2021-06-23,małopolskie,MA,16,130855,0,4181,4933,823024,23,141016,19,120545
2021-06-24,małopolskie,MA,7,130862,1,4182,3517,826541,10,141026,13,120558
2021-06-25,małopolskie,MA,9,130871,2,4184,3135,829676,11,141037,22,120580
2021-06-26,małopolskie,MA,8,130879,3,4187,3490,833166,10,141047,21,120601
2021-06-27,małopolskie,MA,4,130883,0,4187,2933,836099,5,141052,18,120619
2021-06-28,małopolskie,MA,6,130889,0,4187,2151,838250,9,141061,13,120632
2021-06-29,małopolskie,MA,8,130897,6,4193,4093,842343,16,141077,9,120641
2021-06-30,małopolskie,MA,4,130901,2,4195,3907,846250,9,141086,10,120651
2021-07-01,małopolskie,MA,8,130909,1,4196,2791,849041,8,141094,10,120661
2021-07-02,małopolskie,MA,7,130916,3,4199,3298,852339,14,141108,21,120682
2021-07-03,małopolskie,MA,8,130924,1,4200,3919,856258,14,141122,8,120690
2021-07-04,małopolskie,MA,3,130927,0,4200,3320,859578,3,141125,9,120699
2021-07-05,małopolskie,MA,3,130930,0,4200,2426,862004,3,141128,9,120708
2021-07-06,małopolskie,MA,4,130934,0,4200,3838,865842,5,141133,9,120717
2021-07-07,małopolskie,MA,6,130940,5,4205,3101,868943,7,141140,9,120726
2021-07-08,małopolskie,MA,7,130947,6,4211,3050,871993,10,141150,8,120734
2021-07-09,małopolskie,MA,4,130951,0,4211,3137,875130,5,141155,7,120741
2021-07-10,małopolskie,MA,6,130957,0,4211,3907,879037,12,141167,8,120749
2021-07-11,małopolskie,MA,3,130960,0,4211,3180,882217,3,141170,13,120762
2021-07-12,małopolskie,MA,7,130967,0,4211,2481,884698,8,141178,8,120770
2021-07-13,małopolskie,MA,4,130971,2,4213,3906,888604,8,141186,2,120772
2021-07-14,małopolskie,MA,7,130978,0,4213,3015,891619,9,141195,3,120775
2021-07-15,małopolskie,MA,3,130981,0,4213,3069,894688,3,141198,6,120781
2021-07-16,małopolskie,MA,4,130985,0,4213,3049,897737,6,141204,8,120789
2021-07-17,małopolskie,MA,14,130999,0,4213,4023,901760,20,141224,9,120798
2021-07-18,małopolskie,MA,8,131007,0,4213,3139,904899,10,141234,4,120802
2021-07-19,małopolskie,MA,9,131016,0,4213,2154,907053,12,141246,7,120809
2021-07-20,małopolskie,MA,16,131032,0,4213,3746,910799,23,141269,7,120816
2021-07-21,małopolskie,MA,11,131043,1,4214,3320,914119,15,141284,10,120826
2021-07-22,małopolskie,MA,23,131066,0,4214,2818,916937,25,141309,7,120833
2021-07-23,małopolskie,MA,14,131080,0,4214,2867,919804,23,141332,10,120843
2021-07-24,małopolskie,MA,12,131092,0,4214,3555,923359,14,141346,6,120849
2021-07-25,małopolskie,MA,11,131103,0,4214,2979,926338,13,141359,8,120857
2021-07-26,małopolskie,MA,8,131111,0,4214,2229,928567,10,141369,14,120871
2021-07-27,małopolskie,MA,20,131131,1,4215,3237,931804,22,141391,16,120887
2021-07-28,małopolskie,MA,20,131151,0,4215,3030,934834,24,141415,13,120900
2021-07-29,małopolskie,MA,24,131175,0,4215,2885,937719,31,141446,16,120916
2021-07-30,małopolskie,MA,23,131198,0,4215,2798,940517,25,141471,14,120930
2021-07-31,małopolskie,MA,22,131220,0,4215,3798,944315,24,141495,23,120953
2021-08-01,małopolskie,MA,10,131230,0,4215,3406,947721,14,141509,24,120977
2021-08-02,małopolskie,MA,11,131241,0,4215,2608,950329,12,141521,14,120991
2021-08-03,małopolskie,MA,35,131276,0,4215,3470,953799,39,141560,12,121003
2021-08-04,małopolskie,MA,27,131303,0,4215,3093,956892,32,141592,17,121020
2021-08-05,małopolskie,MA,36,131339,0,4215,3114,960006,39,141631,27,121047
2021-08-06,małopolskie,MA,22,131361,0,4215,3020,963026,28,141659,28,121075
2021-08-07,małopolskie,MA,26,131387,0,4215,3707,966733,29,141688,28,121103
2021-08-08,małopolskie,MA,21,131408,0,4215,3699,970432,22,141710,22,121125
2021-08-09,małopolskie,MA,9,131417,0,4215,2819,973251,9,141719,35,121160
2021-08-10,małopolskie,MA,26,131443,0,4215,3632,976883,35,141754,9,121169
2021-08-11,małopolskie,MA,17,131460,0,4215,3069,979952,26,141780,20,121189
2021-08-12,małopolskie,MA,24,131484,1,4216,3201,983153,27,141807,39,121228
2021-08-13,małopolskie,MA,22,131506,0,4216,3066,986219,24,141831,40,121268
2021-08-14,małopolskie,MA,19,131525,0,4216,3864,990083,25,141856,44,121312
2021-08-15,małopolskie,MA,22,131547,0,4216,3577,993660,24,141880,20,121332
2021-08-16,małopolskie,MA,4,131551,0,4216,2760,996420,5,141885,31,121363
2021-08-17,małopolskie,MA,21,131572,0,4216,3670,1000090,24,141909,19,121382
2021-08-18,małopolskie,MA,23,131595,0,4216,3336,1003426,28,141937,7,121389
2021-08-19,małopolskie,MA,25,131620,1,4217,2877,1006303,32,141969,27,121416
2021-08-20,małopolskie,MA,30,131650,0,4217,3147,1009450,36,142005,23,121439
2021-08-21,małopolskie,MA,32,131682,0,4217,4039,1013489,37,142042,27,121466
2021-08-22,małopolskie,MA,16,131698,0,4217,3381,1016870,19,142061,21,121487
2021-08-23,małopolskie,MA,10,131708,0,4217,2296,1019166,11,142072,20,121507
2021-08-24,małopolskie,MA,24,131732,2,4219,3508,1022674,26,142098,24,121531
2021-08-25,małopolskie,MA,35,131767,0,4219,3138,1025812,42,142140,10,121541
2021-08-26,małopolskie,MA,23,131790,0,4219,2868,1028680,27,142167,31,121572
2021-08-27,małopolskie,MA,23,131813,0,4219,3123,1031803,24,142191,23,121595
2021-08-28,małopolskie,MA,32,131845,0,4219,3719,1035522,38,142229,32,121627
2021-08-29,małopolskie,MA,30,131875,0,4219,3217,1038739,32,142261,30,121657
2021-08-30,małopolskie,MA,18,131893,0,4219,2311,1041050,20,142281,34,121691
2021-08-31,małopolskie,MA,37,131930,0,4219,3538,1044588,45,142326,21,121712
2021-09-01,małopolskie,MA,37,131967,1,4220,3121,1047709,42,142368,17,121729
2021-09-02,małopolskie,MA,58,132025,1,4221,3192,1050901,61,142429,30,121759
2021-09-03,małopolskie,MA,41,132066,0,4221,3379,1054280,51,142480,30,121789
2021-09-04,małopolskie,MA,43,132109,0,4221,3583,1057863,48,142528,35,121824
2021-09-05,małopolskie,MA,43,132152,0,4221,3057,1060920,48,142576,19,121843
2021-09-06,małopolskie,MA,15,132167,0,4221,2116,1063036,18,142594,28,121871
2021-09-07,małopolskie,MA,26,132193,1,4222,3253,1066289,30,142624,34,121905
2021-09-08,małopolskie,MA,47,132240,0,4222,2915,1069204,51,142675,17,121922
2021-09-09,małopolskie,MA,44,132284,1,4223,2632,1071836,49,142724,43,121965
2021-09-10,małopolskie,MA,45,132329,0,4223,2892,1074728,52,142776,52,122017
2021-09-11,małopolskie,MA,41,132370,3,4226,3462,1078190,45,142821,48,122065
2021-09-12,małopolskie,MA,51,132421,0,4226,3161,1081351,56,142877,33,122098
2021-09-13,małopolskie,MA,21,132442,0,4226,2209,1083560,25,142902,49,122147
2021-09-14,małopolskie,MA,52,132494,0,4226,3420,1086980,60,142962,42,122189
2021-09-15,małopolskie,MA,72,132566,3,4229,3211,1090191,82,143044,16,122205
2021-09-16,małopolskie,MA,54,132620,0,4229,3056,1093247,60,143104,31,122236
2021-09-17,małopolskie,MA,56,132676,1,4230,2893,1096140,58,143162,47,122283
2021-09-18,małopolskie,MA,57,132733,2,4232,3365,1099505,61,143223,50,122333
2021-09-19,małopolskie,MA,34,132767,0,4232,2825,1102330,40,143263,53,122386
2021-09-20,małopolskie,MA,38,132805,0,4232,2523,1104853,42,143305,42,122428
2021-09-21,małopolskie,MA,53,132858,5,4237,3406,1108259,59,143364,51,122479
2021-09-22,małopolskie,MA,57,132915,3,4240,3138,1111397,68,143432,26,122505
2021-09-23,małopolskie,MA,96,133011,0,4240,3288,1114685,105,143537,45,122550
2021-09-24,małopolskie,MA,56,133067,2,4242,3384,1118069,62,143599,85,122635
2021-09-25,małopolskie,MA,72,133139,1,4243,3261,1121330,86,143685,58,122693
2021-09-26,małopolskie,MA,40,133179,0,4243,2828,1124158,44,143729,48,122741
2021-09-27,małopolskie,MA,27,133206,0,4243,2229,1126387,32,143761,57,122798
2021-09-28,małopolskie,MA,75,133281,2,4245,3438,1129825,81,143842,41,122839
2021-09-29,małopolskie,MA,82,133363,1,4246,3213,1133038,95,143937,35,122874
2021-09-30,małopolskie,MA,97,133460,2,4248,2790,1135828,107,144044,59,122933
2021-10-01,małopolskie,MA,93,133553,1,4249,3392,1139220,108,144152,75,123008
2021-10-02,małopolskie,MA,71,133624,2,4251,3153,1142373,81,144233,97,123105
2021-10-03,małopolskie,MA,69,133693,0,4251,2684,1145057,83,144316,53,123158
2021-10-04,małopolskie,MA,54,133747,0,4251,1991,1147048,56,144372,77,123235
2021-10-05,małopolskie,MA,82,133829,5,4256,2815,1149863,89,144461,53,123288
2021-10-06,małopolskie,MA,121,133950,1,4257,2952,1152815,132,144593,32,123320
2021-10-07,małopolskie,MA,101,134051,5,4262,2621,1155436,108,144701,84,123404
2021-10-08,małopolskie,MA,99,134150,1,4263,2617,1158053,108,144809,78,123482
2021-10-09,małopolskie,MA,100,134250,2,4265,2807,1160860,115,144924,105,123587
2021-10-10,małopolskie,MA,96,134346,1,4266,2256,1163116,102,145026,93,123680
2021-10-11,małopolskie,MA,53,134399,0,4266,1824,1164940,59,145085,71,123751
2021-10-12,małopolskie,MA,99,134498,3,4269,3013,1167953,115,145200,74,123825
2021-10-13,małopolskie,MA,142,134640,1,4270,2739,1170692,165,145365,68,123893
2021-10-14,małopolskie,MA,135,134775,0,4270,2934,1173626,167,145532,91,123984
2021-10-15,małopolskie,MA,138,134913,3,4273,2664,1176290,144,145676,110,124094
2021-10-16,małopolskie,MA,217,135130,5,4278,3004,1179294,232,145908,109,124203
2021-10-17,małopolskie,MA,101,135231,0,4278,2185,1181479,115,146023,93,124296
2021-10-18,małopolskie,MA,63,135294,1,4279,1809,1183288,73,146096,99,124395
2021-10-19,małopolskie,MA,183,135477,5,4284,3158,1186446,206,146302,99,124494
2021-10-20,małopolskie,MA,260,135737,6,4290,3341,1189787,284,146586,58,124552
2021-10-21,małopolskie,MA,194,135931,2,4292,2619,1192406,212,146798,95,124647
2021-10-22,małopolskie,MA,285,136216,5,4297,3041,1195447,305,147103,145,124792
2021-10-23,małopolskie,MA,316,136532,3,4300,3410,1198857,342,147445,141,124933
2021-10-24,małopolskie,MA,200,136732,0,4300,2277,1201134,221,147666,158,125091
2021-10-25,małopolskie,MA,140,136872,0,4300,1875,1203009,151,147817,178,125269
2021-10-26,małopolskie,MA,290,137162,8,4308,3516,1206525,317,148134,138,125407
2021-10-27,małopolskie,MA,377,137539,10,4318,3539,1210064,406,148540,66,125473
2021-10-28,małopolskie,MA,346,137885,2,4320,3516,1213580,379,148919,199,125672
2021-10-29,małopolskie,MA,371,138256,6,4326,3454,1217034,406,149325,238,125910
2021-10-30,małopolskie,MA,501,138757,2,4328,3826,1220860,526,149851,238,126148
2021-10-31,małopolskie,MA,369,139126,0,4328,2601,1223461,401,150252,239,126387
2021-11-01,małopolskie,MA,272,139398,1,4329,2112,1225573,299,150551,318,126705
2021-11-02,małopolskie,MA,263,139661,0,4329,2097,1227670,282,150833,205,126910
2021-11-03,małopolskie,MA,589,140250,12,4341,4482,1232152,641,151474,156,127066
2021-11-04,małopolskie,MA,925,141175,7,4348,5212,1237364,979,152453,300,127366
2021-11-05,małopolskie,MA,911,142086,11,4359,5136,1242500,992,153445,403,127769
2021-11-06,małopolskie,MA,854,142940,9,4368,4759,1247259,920,154365,332,128101
2021-11-07,małopolskie,MA,819,143759,0,4368,4219,1251478,877,155242,391,128492
2021-11-08,małopolskie,MA,493,144252,0,4368,2999,1254477,541,155783,493,128985
2021-11-09,małopolskie,MA,1011,145263,23,4391,5306,1259783,1087,156870,386,129371
2021-11-10,małopolskie,MA,1123,146386,15,4406,5417,1265200,1193,158063,306,129677
2021-11-11,małopolskie,MA,1006,147392,24,4430,4914,1270114,1080,159143,267,129944
2021-11-12,małopolskie,MA,987,148379,0,4430,3979,1274093,1054,160197,567,130511
2021-11-13,małopolskie,MA,840,149219,29,4459,4237,1278330,914,161111,955,131466
2021-11-14,małopolskie,MA,1171,150390,0,4459,4445,1282775,1232,162343,824,132290
2021-11-15,małopolskie,MA,568,150958,0,4459,2909,1285684,613,162956,893,133183
2021-11-16,małopolskie,MA,1301,152259,20,4479,5809,1291493,1421,164377,852,134035
2021-11-17,małopolskie,MA,1538,153797,27,4506,6305,1297798,1625,166002,499,134534
2021-11-18,małopolskie,MA,1534,155331,21,4527,6163,1303961,1649,167651,1019,135553
2021-11-19,małopolskie,MA,1783,157114,44,4571,6899,1310860,1902,169553,1145,136698
2021-11-20,małopolskie,MA,1635,158749,35,4606,6506,1317366,1746,171299,1083,137781
2021-11-21,małopolskie,MA,1579,160328,1,4607,5529,1322895,1669,172968,944,138725
2021-11-22,małopolskie,MA,1055,161383,0,4607,4160,1327055,1137,174105,939,139664
2021-11-23,małopolskie,MA,1583,162966,47,4654,6549,1333604,1732,175837,1231,140895
2021-11-24,małopolskie,MA,2175,165141,39,4693,8120,1341724,2286,178123,489,141384
2021-11-25,małopolskie,MA,2332,167473,25,4718,8689,1350413,2441,180564,1274,142658
2021-11-26,małopolskie,MA,2049,169522,29,4747,7648,1358061,2168,182732,1714,144372
2021-11-27,małopolskie,MA,2142,171664,30,4777,8128,1366189,2320,185052,1535,145907
2021-11-28,małopolskie,MA,1736,173400,3,4780,6126,1372315,1846,186898,1691,147598
2021-11-29,małopolskie,MA,1134,174534,0,4780,4122,1376437,1209,188107,1706,149304
2021-11-30,małopolskie,MA,1524,176058,41,4821,6857,1383294,1665,189772,1578,150882
2021-12-01,małopolskie,MA,2569,178627,49,4870,9305,1392599,2735,192507,1233,152115
2021-12-02,małopolskie,MA,2323,180950,50,4920,8294,1400893,2491,194998,1541,153656
2021-12-03,małopolskie,MA,2235,183185,40,4960,8679,1409572,2395,197393,2186,155842
2021-12-04,małopolskie,MA,2254,185439,51,5011,8184,1417756,2412,199805,2379,158221
2021-12-05,małopolskie,MA,1908,187347,0,5011,6526,1424282,2020,201825,2025,160246
2021-12-06,małopolskie,MA,1289,188636,7,5018,4950,1429232,1390,203215,2201,162447
2021-12-07,małopolskie,MA,1441,190077,39,5057,6871,1436103,1574,204789,1695,164142
2021-12-08,małopolskie,MA,2504,192581,30,5087,8968,1445071,2649,207438,1205,165347
2021-12-09,małopolskie,MA,2424,195005,80,5167,9377,1454448,2532,209970,1512,166859
2021-12-10,małopolskie,MA,2351,197356,45,5212,9573,1464021,2484,212454,2572,169431
2021-12-11,małopolskie,MA,2210,199566,67,5279,8784,1472805,2350,214804,2640,172071
2021-12-12,małopolskie,MA,1790,201356,0,5279,6599,1479404,1893,216697,2120,174191
2021-12-13,małopolskie,MA,920,202276,5,5284,4789,1484193,1070,217767,2394,176585
2021-12-14,małopolskie,MA,1584,203860,51,5335,7266,1491459,1713,219480,1871,178456
2021-12-15,małopolskie,MA,2180,206040,82,5417,8972,1500431,2327,221807,1253,179709
2021-12-16,małopolskie,MA,1737,207777,50,5467,7927,1508358,1858,223665,1584,181293
2021-12-17,małopolskie,MA,1904,209681,31,5498,8634,1516992,2038,225703,2459,183752
2021-12-18,małopolskie,MA,1664,211345,38,5536,8378,1525370,1779,227482,2642,186394
2021-12-19,małopolskie,MA,1584,212929,1,5537,6596,1531966,1699,229181,2213,188607
2021-12-20,małopolskie,MA,824,213753,4,5541,5162,1537128,915,230096,2260,190867
2021-12-21,małopolskie,MA,1105,214858,59,5600,6993,1544121,1245,231341,1874,192741
2021-12-22,małopolskie,MA,1710,216568,106,5706,8519,1552640,1852,233193,1087,193828
2021-12-23,małopolskie,MA,1604,218172,53,5759,8285,1560925,1734,234927,1608,195436
2021-12-24,małopolskie,MA,1449,219621,36,5795,7731,1568656,1623,236550,2279,197715
2021-12-25,małopolskie,MA,914,220535,7,5802,4840,1573496,1017,237567,1750,199465
2021-12-26,małopolskie,MA,750,221285,3,5805,3753,1577249,854,238421,1895,201360
2021-12-27,małopolskie,MA,584,221869,29,5834,4293,1581542,649,239070,1671,203031
2021-12-28,małopolskie,MA,783,222652,96,5930,7057,1588599,881,239951,1804,204835
2021-12-29,małopolskie,MA,1465,224117,69,5999,8597,1597196,1653,241604,886,205721
2021-12-30,małopolskie,MA,1555,225672,60,6059,8310,1605506,1705,243309,1085,206806
2021-12-31,małopolskie,MA,1462,227134,58,6117,7998,1613504,1647,244956,1751,208557
2022-01-01,małopolskie,MA,1275,228409,54,6171,7312,1620816,1418,246374,1649,210206
2022-01-02,małopolskie,MA,762,229171,1,6172,4988,1625804,831,247205,1504,211710
2022-01-03,małopolskie,MA,980,230151,2,6174,6605,1632409,1091,248296,891,212601
2022-01-04,małopolskie,MA,1120,231271,26,6200,9164,1641573,1256,249552,834,213435
2022-01-05,małopolskie,MA,2173,233444,26,6226,10815,1652388,2417,251969,655,214090
2022-01-06,małopolskie,MA,2017,235461,70,6296,9699,1662087,2270,254239,909,214999
2022-01-07,małopolskie,MA,1687,237148,10,6306,7883,1669970,1853,256092,1512,216511
2022-01-08,małopolskie,MA,1393,238541,23,6329,8083,1678053,1564,257656,1639,218150
2022-01-09,małopolskie,MA,1468,240009,0,6329,7863,1685916,1645,259301,1606,219756
2022-01-10,małopolskie,MA,1038,241047,1,6330,6133,1692049,1210,260511,1409,221165
2022-01-11,małopolskie,MA,1355,242402,64,6394,7998,1700047,1571,262082,775,221940
2022-01-12,małopolskie,MA,2172,244574,65,6459,9016,1709063,2526,264608,995,222935
2022-01-13,małopolskie,MA,2507,247081,51,6510,9811,1718874,2871,267479,1255,224190
2022-01-14,małopolskie,MA,2207,249288,31,6541,8951,1727825,2562,270041,2324,226514
2022-01-15,małopolskie,MA,2290,251578,43,6584,11857,1739682,2815,272856,2308,228822
2022-01-16,małopolskie,MA,2269,253847,0,6584,8817,1748499,2586,275442,1777,230599
2022-01-17,małopolskie,MA,1426,255273,1,6585,6269,1754768,1653,277095,1457,232056
2022-01-18,małopolskie,MA,1998,257271,43,6628,8474,1763242,2331,279426,1621,233677
2022-01-19,małopolskie,MA,3470,260741,13,6641,10619,1773861,3980,283406,1151,234828
2022-01-20,małopolskie,MA,3652,264393,26,6667,10829,1784690,4187,287593,1538,236366
2022-01-21,małopolskie,MA,4206,268599,27,6694,12377,1797067,4807,292400,2466,238832
2022-01-22,małopolskie,MA,4001,272600,20,6714,13585,1810652,4599,296999,2755,241587
2022-01-23,małopolskie,MA,3361,275961,1,6715,10152,1820804,3827,300826,2402,243989
2022-01-24,małopolskie,MA,2868,278829,0,6715,9159,1829963,3276,304102,2524,246513
2022-01-25,małopolskie,MA,3230,282059,37,6752,10824,1840787,3803,307905,2478,248991
2022-01-26,małopolskie,MA,4557,286616,28,6780,13050,1853837,5232,313137,1706,250697
2022-01-27,małopolskie,MA,4281,290897,24,6804,12203,1866040,4942,318079,2252,252949
2022-01-28,małopolskie,MA,4472,295369,13,6817,12125,1878165,5156,323235,3894,256843
2022-01-29,małopolskie,MA,3881,299250,19,6836,12212,1890377,4475,327710,4324,261167
2022-01-30,małopolskie,MA,3587,302837,0,6836,10480,1900857,4134,331844,4509,265676
2022-01-31,małopolskie,MA,2540,305377,7,6843,8617,1909474,2916,334760,4384,270060
2022-02-01,małopolskie,MA,2916,308293,28,6871,10005,1919479,3455,338215,3839,273899
2022-02-02,małopolskie,MA,4274,312567,46,6917,13059,1932538,5082,343297,3531,277430
2022-02-03,małopolskie,MA,3820,316387,28,6945,12199,1944737,4523,347820,3215,280645
2022-02-04,małopolskie,MA,3125,319512,19,6964,10778,1955515,3631,351451,4967,285612
2022-02-05,małopolskie,MA,2872,322384,41,7005,10304,1965819,3293,354744,4969,290581
2022-02-06,małopolskie,MA,2074,324458,1,7006,7562,1973381,2379,357123,5294,295875
2022-02-07,małopolskie,MA,1385,325843,0,7006,5663,1979044,1603,358726,4511,300386
2022-02-08,małopolskie,MA,1908,327751,40,7046,8177,1987221,2093,360819,3711,304097
2022-02-09,małopolskie,MA,2796,330547,22,7068,9928,1997149,2948,363767,3052,307149
2022-02-10,małopolskie,MA,2424,332971,27,7095,9040,2006189,2575,366342,3682,310831
2022-02-11,małopolskie,MA,1992,334963,41,7136,8116,2014305,2113,368455,4681,315512
2022-02-12,małopolskie,MA,1758,336721,39,7175,7544,2021849,1856,370311,4376,319888
2022-02-13,małopolskie,MA,1153,337874,0,7175,5318,2027167,1236,371547,3246,323134
2022-02-14,małopolskie,MA,704,338578,1,7176,3912,2031079,759,372306,3107,326241
2022-02-15,małopolskie,MA,1027,339605,41,7217,6709,2037788,1122,373428,2340,328581
2022-02-16,małopolskie,MA,1497,341102,32,7249,7318,2045106,1589,375017,1732,330313
2022-02-17,małopolskie,MA,1602,342704,26,7275,7939,2053045,1767,376784,2000,332313
2022-02-18,małopolskie,MA,1259,343963,18,7293,6412,2059457,1360,378144,2761,335074
2022-02-19,małopolskie,MA,1115,345078,17,7310,6594,2066051,1249,379393,2468,337542
2022-02-20,małopolskie,MA,740,345818,0,7310,4319,2070370,821,380214,1907,339449
2022-02-21,małopolskie,MA,482,346300,0,7310,3358,2073728,522,380736,1971,341420
2022-02-22,małopolskie,MA,858,347158,20,7330,6431,2080159,940,381676,2653,344073
2022-02-23,małopolskie,MA,1019,348177,18,7348,5985,2086144,1118,382794,2110,346183
2022-02-24,małopolskie,MA,839,349016,49,7397,5697,2091841,890,383684,1996,348179
2022-02-25,małopolskie,MA,838,349854,12,7409,5298,2097139,909,384593,1128,349307
2022-02-26,małopolskie,MA,678,350532,15,7424,4801,2101940,732,385325,826,350133
2022-02-27,małopolskie,MA,498,351030,0,7424,3348,2105288,533,385858,535,350668
2022-02-28,małopolskie,MA,337,351367,0,7424,2766,2108054,369,386227,808,351476
2022-03-01,małopolskie,MA,654,352021,15,7439,5282,2113336,706,386933,1125,352601
2022-03-02,małopolskie,MA,759,352780,20,7459,5563,2118899,814,387747,864,353465
2022-03-03,małopolskie,MA,702,353482,12,7471,5061,2123960,749,388496,831,354296
2022-03-04,małopolskie,MA,640,354122,17,7488,4759,2128719,709,389205,716,355012
2022-03-05,małopolskie,MA,580,354702,13,7501,4820,2133539,620,389825,559,355571
2022-03-06,małopolskie,MA,408,355110,0,7501,3365,2136904,435,390260,327,355898
2022-03-07,małopolskie,MA,306,355416,0,7501,2962,2139866,326,390586,660,356558
2022-03-08,małopolskie,MA,545,355961,20,7521,5337,2145203,598,391184,801,357359
2022-03-09,małopolskie,MA,805,356766,15,7536,5135,2150338,851,392035,734,358093
2022-03-10,małopolskie,MA,688,357454,16,7552,4948,2155286,737,392772,626,358719
2022-03-11,małopolskie,MA,647,358101,16,7568,6375,2161661,862,393634,624,359343
2022-03-12,małopolskie,MA,610,358711,11,7579,4692,2166353,636,394270,459,359802
2022-03-13,małopolskie,MA,483,359194,1,7580,3376,2169729,515,394785,343,360145
2022-03-14,małopolskie,MA,307,359501,0,7580,2960,2172689,330,395115,550,360695
2022-03-15,małopolskie,MA,614,360115,10,7590,5502,2178191,662,395777,782,361477
2022-03-16,małopolskie,MA,896,361011,8,7598,5636,2183827,938,396715,797,362274
2022-03-17,małopolskie,MA,741,361752,17,7615,4852,2188679,775,397490,651,362925
2022-03-18,małopolskie,MA,672,362424,7,7622,4625,2193304,707,398197,629,363554
2022-03-19,małopolskie,MA,537,362961,15,7637,4455,2197759,567,398764,570,364124
2022-03-20,małopolskie,MA,375,363336,0,7637,2996,2200755,398,399162,366,364490
2022-03-21,małopolskie,MA,296,363632,0,7637,2631,2203386,313,399475,587,365077
2022-03-22,małopolskie,MA,613,364245,11,7648,5282,2208668,657,400132,907,365984
2022-03-23,małopolskie,MA,639,364884,9,7657,4867,2213535,693,400825,769,366753
2022-03-24,małopolskie,MA,579,365463,4,7661,4398,2217933,615,401440,675,367428
2022-03-25,małopolskie,MA,510,365973,10,7671,4164,2222097,550,401990,547,367975
2022-03-26,małopolskie,MA,383,366356,3,7674,3978,2226075,410,402400,459,368434
2022-03-27,małopolskie,MA,272,366628,0,7674,2473,2228548,285,402685,289,368723
2022-03-28,małopolskie,MA,161,366789,0,7674,2505,2231053,177,402862,628,369351
2022-03-29,małopolskie,MA,446,367235,10,7684,4310,2235363,479,403341,699,370050
2022-03-30,małopolskie,MA,400,367635,6,7690,3743,2239106,430,403771,713,370763
2022-03-31,małopolskie,MA,335,367970,1,7691,3781,2242887,393,404164,528,371291
2022-04-01,małopolskie,MA,291,368261,0,7691,3206,2246093,328,404492,404,371695
2022-04-02,małopolskie,MA,167,368428,10,7701,1710,2247803,186,404678,195,371890
2022-04-03,małopolskie,MA,47,368475,0,7701,877,2248680,56,404734,99,371989
2022-04-04,małopolskie,MA,39,368514,0,7701,893,2249573,43,404777,4,371993
2022-04-05,małopolskie,MA,139,368653,3,7704,1738,2251311,167,404944,12,372005
2022-04-06,małopolskie,MA,106,368759,0,7704,1440,2252751,124,405068,4,372009
2022-04-07,małopolskie,MA,140,368899,0,7704,1292,2254043,149,405217,3,372012
2022-04-08,małopolskie,MA,114,369013,1,7705,1253,2255296,145,405362,2,372014
2022-04-09,małopolskie,MA,134,369147,0,7705,1558,2256854,162,405524,3,372017
2022-04-10,małopolskie,MA,38,369185,0,7705,677,2257531,50,405574,3,372020
2022-04-11,małopolskie,MA,37,369222,0,7705,606,2258137,39,405613,1,372021
2022-04-12,małopolskie,MA,127,369349,13,7718,1377,2259514,141,405754,3,372024
2022-04-13,małopolskie,MA,108,369457,2,7720,1121,2260635,121,405875,12,372036
2022-04-14,małopolskie,MA,96,369553,2,7722,1137,2261772,106,405981,1,372037
2022-04-15,małopolskie,MA,91,369644,0,7722,1082,2262854,108,406089,16,372053
2022-04-16,małopolskie,MA,106,369750,1,7723,1079,2263933,111,406200,3,372056
2022-04-17,małopolskie,MA,25,369775,0,7723,548,2264481,27,406227,4,372060
2022-04-18,małopolskie,MA,19,369794,0,7723,471,2264952,24,406251,0,372060
2022-04-19,małopolskie,MA,25,369819,0,7723,622,2265574,27,406278,2,372062
2022-04-20,małopolskie,MA,127,369946,8,7731,1279,2266853,132,406410,2,372064
2022-04-21,małopolskie,MA,93,370039,4,7735,1008,2267861,98,406508,8,372072
2022-04-22,małopolskie,MA,100,370139,1,7736,1104,2268965,108,406616,14,372086
2022-04-23,małopolskie,MA,114,370253,0,7736,1182,2270147,126,406742,4,372090
2022-04-24,małopolskie,MA,41,370294,0,7736,730,2270877,44,406786,4,372094
2022-04-25,małopolskie,MA,22,370316,0,7736,516,2271393,24,406810,0,372094
2022-04-26,małopolskie,MA,142,370458,2,7738,1329,2272722,152,406962,1,372095
2022-04-27,małopolskie,MA,78,370536,1,7739,1204,2273926,84,407046,21,372116
2022-04-28,małopolskie,MA,80,370616,0,7739,1110,2275036,89,407135,9,372125
2022-04-29,małopolskie,MA,68,370684,0,7739,1127,2276163,73,407208,7,372132
2022-04-30,małopolskie,MA,92,370776,0,7739,1423,2277586,98,407306,4,372136
2022-05-01,małopolskie,MA,23,370799,0,7739,661,2278247,23,407329,5,372141
2022-05-02,małopolskie,MA,15,370814,0,7739,598,2278845,19,407348,4,372145
2022-05-03,małopolskie,MA,110,370924,3,7742,1142,2279987,125,407473,3,372148
2022-05-04,małopolskie,MA,23,370947,0,7742,518,2280505,28,407501,2,372150
2022-05-05,małopolskie,MA,75,371022,3,7745,900,2281405,80,407581,4,372154
2022-05-06,małopolskie,MA,60,371082,1,7746,944,2282349,68,407649,5,372159
2022-05-07,małopolskie,MA,71,371153,0,7746,1064,2283413,78,407727,6,372165
2022-05-08,małopolskie,MA,28,371181,0,7746,687,2284100,33,407760,4,372169
2022-05-09,małopolskie,MA,24,371205,0,7746,557,2284657,28,407788,2,372171
2022-05-10,małopolskie,MA,82,371287,0,7746,1168,2285825,90,407878,4,372175
2022-05-11,małopolskie,MA,80,371367,1,7747,935,2286760,92,407970,5,372180
2022-05-12,małopolskie,MA,48,371415,2,7749,858,2287618,54,408024,3,372183
2022-05-13,małopolskie,MA,74,371489,0,7749,1008,2288626,77,408101,2,372185
2022-05-14,małopolskie,MA,49,371538,0,7749,960,2289586,63,408164,2,372187
2022-05-15,małopolskie,MA,14,371552,0,7749,650,2290236,16,408180,0,372187
2022-05-16,małopolskie,MA,8,371560,0,7749,578,2290814,8,408188,0,372187
2022-05-17,małopolskie,MA,63,371623,0,7749,1060,2291874,71,408259,0,372187
2022-05-18,małopolskie,MA,40,371663,4,7753,782,2292656,41,408300,0,372187
2022-05-19,małopolskie,MA,33,371696,0,7753,856,2293512,38,408338,2,372189
2022-05-20,małopolskie,MA,38,371734,2,7755,937,2294449,42,408380,1,372190
2022-05-21,małopolskie,MA,32,371766,0,7755,849,2295298,35,408415,0,372190
2022-05-22,małopolskie,MA,7,371773,0,7755,599,2295897,9,408424,1,372191
2022-05-23,małopolskie,MA,5,371778,0,7755,508,2296405,7,408431,3,372194
2022-05-24,małopolskie,MA,24,371802,2,7757,873,2297278,29,408460,0,372194
2022-05-25,małopolskie,MA,23,371825,0,7757,797,2298075,24,408484,23,372217
2022-05-26,małopolskie,MA,26,371851,0,7757,700,2298775,28,408512,1,372218
2022-05-27,małopolskie,MA,17,371868,0,7757,756,2299531,22,408534,1,372219
2022-05-28,małopolskie,MA,25,371893,0,7757,823,2300354,29,408563,2,372221
2022-05-29,małopolskie,MA,8,371901,0,7757,587,2300941,10,408573,0,372221
2022-05-30,małopolskie,MA,6,371907,0,7757,506,2301447,6,408579,0,372221
2022-05-31,małopolskie,MA,23,371930,0,7757,725,2302172,24,408603,0,372221
2022-06-01,małopolskie,MA,20,371950,0,7757,695,2302867,23,408626,1,372222
2022-06-02,małopolskie,MA,14,371964,0,7757,552,2303419,16,408642,6,372228
2022-06-03,małopolskie,MA,20,371984,0,7757,501,2303920,22,408664,4,372232
2022-06-04,małopolskie,MA,15,371999,0,7757,655,2304575,19,408683,1,372233
2022-06-05,małopolskie,MA,7,372006,0,7757,377,2304952,8,408691,0,372233
2022-06-06,małopolskie,MA,1,372007,0,7757,375,2305327,1,408692,0,372233
2022-06-07,małopolskie,MA,32,372039,1,7758,533,2305860,34,408726,1,372234
2022-06-08,małopolskie,MA,17,372056,0,7758,470,2306330,21,408747,1,372235
2022-06-09,małopolskie,MA,24,372080,0,7758,477,2306807,27,408774,0,372235
2022-06-10,małopolskie,MA,14,372094,0,7758,504,2307311,16,408790,0,372235
2022-06-11,małopolskie,MA,27,372121,0,7758,631,2307942,28,408818,1,372236
2022-06-12,małopolskie,MA,4,372125,0,7758,308,2308250,7,408825,0,372236
2022-06-13,małopolskie,MA,4,372129,0,7758,208,2308458,5,408830,1,372237
2022-06-14,małopolskie,MA,21,372150,0,7758,429,2308887,25,408855,0,372237
2022-06-15,małopolskie,MA,22,372172,0,7758,282,2309169,24,408879,0,372237
2022-06-16,małopolskie,MA,14,372186,0,7758,345,2309514,15,408894,1,372238
2022-06-17,małopolskie,MA,5,372191,0,7758,128,2309642,6,408900,0,372238
2022-06-18,małopolskie,MA,29,372220,0,7758,343,2309985,31,408931,1,372239
2022-06-19,małopolskie,MA,7,372227,0,7758,215,2310200,8,408939,0,372239
2022-06-20,małopolskie,MA,4,372231,0,7758,129,2310329,5,408944,0,372239
2022-06-21,małopolskie,MA,37,372268,0,7758,338,2310667,39,408983,1,372240
2022-06-22,małopolskie,MA,33,372301,0,7758,261,2310928,35,409018,0,372240
2022-06-23,małopolskie,MA,24,372325,0,7758,254,2311182,24,409042,1,372241
2022-06-24,małopolskie,MA,31,372356,0,7758,259,2311441,33,409075,0,372241
2022-06-25,małopolskie,MA,44,372400,2,7760,289,2311730,48,409123,0,372241
2022-06-26,małopolskie,MA,8,372408,0,7760,170,2311900,9,409132,0,372241
2022-06-27,małopolskie,MA,4,372412,0,7760,124,2312024,5,409137,0,372241
2022-06-28,małopolskie,MA,63,372475,0,7760,410,2312434,65,409202,0,372241
2022-06-29,małopolskie,MA,56,372531,0,7760,320,2312754,60,409262,3,372244
2022-06-30,małopolskie,MA,45,372576,0,7760,337,2313091,46,409308,0,372244
2022-07-01,małopolskie,MA,65,372641,0,7760,318,2313409,69,409377,0,372244
2022-07-02,małopolskie,MA,52,372693,0,7760,318,2313727,57,409434,1,372245
2022-07-03,małopolskie,MA,17,372710,0,7760,213,2313940,21,409455,0,372245
2022-07-04,małopolskie,MA,16,372726,0,7760,208,2314148,16,409471,0,372245
2022-07-05,małopolskie,MA,81,372807,0,7760,599,2314747,83,409554,0,372245
2022-07-06,małopolskie,MA,98,372905,0,7760,444,2315191,105,409659,2,372247
2022-07-07,małopolskie,MA,96,373001,2,7762,423,2315614,102,409761,0,372247
2022-07-08,małopolskie,MA,103,373104,0,7762,432,2316046,110,409871,1,372248
2022-07-09,małopolskie,MA,122,373226,0,7762,503,2316549,126,409997,2,372250
2022-07-10,małopolskie,MA,24,373250,0,7762,167,2316716,25,410022,0,372250
2022-07-11,małopolskie,MA,25,373275,0,7762,176,2316892,26,410048,0,372250
2022-07-12,małopolskie,MA,169,373444,0,7762,589,2317481,177,410225,0,372250
2022-07-13,małopolskie,MA,152,373596,0,7762,441,2317922,159,410384,1,372251
2022-07-14,małopolskie,MA,180,373776,0,7762,604,2318526,186,410570,2,372253
2022-07-15,małopolskie,MA,104,373880,0,7762,389,2318915,113,410683,0,372253
2022-07-16,małopolskie,MA,114,373994,0,7762,404,2319319,121,410804,1,372254
2022-07-17,małopolskie,MA,22,374016,0,7762,144,2319463,25,410829,0,372254
2022-07-18,małopolskie,MA,27,374043,0,7762,155,2319618,27,410856,0,372254
2022-07-19,małopolskie,MA,216,374259,0,7762,706,2320324,226,411082,0,372254
2022-07-20,małopolskie,MA,271,374530,3,7765,836,2321160,282,411364,0,372254
2022-07-21,małopolskie,MA,273,374803,0,7765,751,2321911,285,411649,1,372255
2022-07-22,małopolskie,MA,288,375091,0,7765,822,2322733,301,411950,2,372257
2022-07-23,małopolskie,MA,315,375406,2,7767,849,2323582,320,412270,1,372258
2022-07-24,małopolskie,MA,55,375461,0,7767,306,2323888,57,412327,0,372258
2022-07-25,małopolskie,MA,60,375521,0,7767,265,2324153,62,412389,0,372258
2022-07-26,małopolskie,MA,435,375956,0,7767,1055,2325208,447,412836,0,372258
2022-07-27,małopolskie,MA,323,376279,0,7767,948,2326156,338,413174,1,372259
2022-07-28,małopolskie,MA,261,376540,0,7767,801,2326957,278,413452,0,372259
2022-07-29,małopolskie,MA,306,376846,1,7768,846,2327803,326,413778,1,372260
2022-07-30,małopolskie,MA,324,377170,2,7770,834,2328637,338,414116,0,372260
2022-07-31,małopolskie,MA,62,377232,0,7770,342,2328979,66,414182,0,372260
2022-08-01,małopolskie,MA,39,377271,0,7770,249,2329228,41,414223,0,372260
2022-08-02,małopolskie,MA,421,377692,4,7774,1123,2330351,437,414660,1,372261
2022-08-03,małopolskie,MA,357,378049,1,7775,983,2331334,370,415030,1,372262
2022-08-04,małopolskie,MA,362,378411,1,7776,990,2332324,387,415417,0,372262
2022-08-05,małopolskie,MA,347,378758,3,7779,1093,2333417,368,415785,0,372262
2022-08-06,małopolskie,MA,409,379167,1,7780,1027,2334444,431,416216,0,372262
2022-08-07,małopolskie,MA,61,379228,0,7780,290,2334734,70,416286,0,372262
2022-08-08,małopolskie,MA,42,379270,0,7780,237,2334971,44,416330,0,372262
2022-08-09,małopolskie,MA,496,379766,0,7780,1186,2336157,519,416849,0,372262
2022-08-10,małopolskie,MA,440,380206,3,7783,1078,2337235,459,417308,0,372262
2022-08-11,małopolskie,MA,381,380587,0,7783,1122,2338357,401,417709,0,372262
2022-08-12,małopolskie,MA,337,380924,2,7785,1066,2339423,357,418066,0,372262
2022-08-13,małopolskie,MA,385,381309,5,7790,1026,2340449,411,418477,1,372263
2022-08-14,małopolskie,MA,75,381384,0,7790,397,2340846,91,418568,0,372263
2022-08-15,małopolskie,MA,58,381442,0,7790,286,2341132,72,418640,1,372264
2022-08-16,małopolskie,MA,68,381510,0,7790,331,2341463,75,418715,0,372264
2022-08-17,małopolskie,MA,570,382080,3,7793,1309,2342772,594,419309,1,372265
2022-08-18,małopolskie,MA,433,382513,3,7796,1136,2343908,455,419764,2,372267
2022-08-19,małopolskie,MA,402,382915,3,7799,992,2344900,414,420178,0,372267
2022-08-20,małopolskie,MA,436,383351,1,7800,1143,2346043,470,420648,3,372270
2022-08-21,małopolskie,MA,56,383407,0,7800,290,2346333,62,420710,0,372270
2022-08-22,małopolskie,MA,64,383471,0,7800,257,2346590,66,420776,0,372270
2022-08-23,małopolskie,MA,507,383978,3,7803,1196,2347786,528,421304,0,372270
2022-08-24,małopolskie,MA,389,384367,1,7804,1019,2348805,407,421711,0,372270
2022-08-25,małopolskie,MA,330,384697,1,7805,1044,2349849,339,422050,0,372270
2022-08-26,małopolskie,MA,372,385069,4,7809,1064,2350913,394,422444,0,372270
2022-08-27,małopolskie,MA,353,385422,2,7811,924,2351837,363,422807,0,372270
2022-08-28,małopolskie,MA,65,385487,0,7811,305,2352142,70,422877,0,372270
2022-08-29,małopolskie,MA,33,385520,0,7811,223,2352365,37,422914,0,372270
2022-08-30,małopolskie,MA,440,385960,0,7811,1193,2353558,460,423374,0,372270
2022-08-31,małopolskie,MA,319,386279,2,7813,958,2354516,337,423711,0,372270
2022-09-01,małopolskie,MA,278,386557,3,7816,720,2355236,295,424006,0,372270
2022-09-02,małopolskie,MA,178,386735,2,7818,801,2356037,195,424201,0,372270
2022-09-03,małopolskie,MA,153,386888,6,7824,641,2356678,161,424362,0,372270
2022-09-04,małopolskie,MA,41,386929,0,7824,225,2356903,43,424405,0,372270
2022-09-05,małopolskie,MA,33,386962,0,7824,217,2357120,36,424441,0,372270
2022-09-06,małopolskie,MA,268,387230,4,7828,789,2357909,288,424729,0,372270
2022-09-07,małopolskie,MA,212,387442,3,7831,683,2358592,216,424945,0,372270
2022-09-08,małopolskie,MA,278,387720,2,7833,846,2359438,287,425232,0,372270
2022-09-09,małopolskie,MA,363,388083,1,7834,1094,2360532,377,425609,0,372270
2022-09-10,małopolskie,MA,299,388382,0,7834,919,2361451,316,425925,0,372270
2022-09-11,małopolskie,MA,57,388439,0,7834,404,2361855,59,425984,0,372270
2022-09-12,małopolskie,MA,37,388476,0,7834,236,2362091,43,426027,0,372270
2022-09-13,małopolskie,MA,374,388850,9,7843,1158,2363249,379,426406,0,372270
2022-09-14,małopolskie,MA,403,389253,4,7847,1168,2364417,417,426823,0,372270
2022-09-15,małopolskie,MA,416,389669,1,7848,1212,2365629,433,427256,0,372270
2022-09-16,małopolskie,MA,226,389895,2,7850,841,2366470,233,427489,0,372270
2022-09-17,małopolskie,MA,191,390086,1,7851,756,2367226,201,427690,0,372270
2022-09-18,małopolskie,MA,39,390125,0,7851,217,2367443,47,427737,0,372270
2022-09-19,małopolskie,MA,49,390174,0,7851,276,2367719,51,427788,0,372270
2022-09-20,małopolskie,MA,336,390510,2,7853,1099,2368818,352,428140,0,372270
2022-09-21,małopolskie,MA,243,390753,1,7854,870,2369688,257,428397,0,372270
2022-09-22,małopolskie,MA,388,391141,1,7855,1277,2370965,400,428797,0,372270
2022-09-23,małopolskie,MA,337,391478,1,7856,1237,2372202,347,429144,0,372270
2022-09-24,małopolskie,MA,181,391659,0,7856,727,2372929,196,429340,0,372270
2022-09-25,małopolskie,MA,29,391688,0,7856,164,2373093,35,429375,0,372270
2022-09-26,małopolskie,MA,29,391717,0,7856,163,2373256,32,429407,0,372270
2022-09-27,małopolskie,MA,288,392005,1,7857,1071,2374327,300,429707,0,372270
2022-09-28,małopolskie,MA,227,392232,1,7858,858,2375185,234,429941,0,372270
2022-09-29,małopolskie,MA,338,392570,2,7860,1086,2376271,347,430288,0,372270
2022-09-30,małopolskie,MA,275,392845,2,7862,1009,2377280,290,430578,0,372270
2022-10-01,małopolskie,MA,291,393136,3,7865,981,2378261,301,430879,0,372270
2022-10-02,małopolskie,MA,24,393160,0,7865,124,2378385,26,430905,0,372270
2022-10-03,małopolskie,MA,27,393187,0,7865,130,2378515,28,430933,0,372270
2022-10-04,małopolskie,MA,340,393527,0,7865,1147,2379662,354,431287,0,372270
2022-10-05,małopolskie,MA,254,393781,7,7872,885,2380547,267,431554,0,372270
2022-10-06,małopolskie,MA,239,394020,2,7874,875,2381422,244,431798,0,372270
2022-10-07,małopolskie,MA,209,394229,0,7874,782,2382204,220,432018,0,372270
2022-10-08,małopolskie,MA,370,394599,2,7876,1665,2383869,390,432408,0,372270
2022-10-09,małopolskie,MA,36,394635,0,7876,276,2384145,39,432447,0,372270
2022-10-10,małopolskie,MA,33,394668,0,7876,215,2384360,38,432485,0,372270
2022-10-11,małopolskie,MA,239,394907,6,7882,1105,2385465,256,432741,0,372270
2022-10-12,małopolskie,MA,204,395111,4,7886,825,2386290,213,432954,0,372270
2022-10-13,małopolskie,MA,162,395273,2,7888,914,2387204,169,433123,0,372270
2022-10-14,małopolskie,MA,163,395436,1,7889,839,2388043,171,433294,0,372270
2022-10-15,małopolskie,MA,139,395575,0,7889,825,2388868,150,433444,0,372270
2022-10-16,małopolskie,MA,20,395595,0,7889,203,2389071,21,433465,0,372270
2022-10-17,małopolskie,MA,6,395601,0,7889,150,2389221,7,433472,0,372270
2022-10-18,małopolskie,MA,184,395785,1,7890,1001,2390222,195,433667,0,372270
2022-10-19,małopolskie,MA,130,395915,3,7893,882,2391104,143,433810,0,372270
2022-10-20,małopolskie,MA,140,396055,0,7893,796,2391900,150,433960,0,372270
2022-10-21,małopolskie,MA,112,396167,2,7895,592,2392492,114,434074,0,372270
2022-10-22,małopolskie,MA,89,396256,1,7896,619,2393111,98,434172,0,372270
2022-10-23,małopolskie,MA,17,396273,0,7896,208,2393319,21,434193,0,372270
2022-10-24,małopolskie,MA,14,396287,0,7896,178,2393497,14,434207,0,372270
2022-10-25,małopolskie,MA,117,396404,0,7896,735,2394232,122,434329,0,372270
2022-10-26,małopolskie,MA,99,396503,1,7897,720,2394952,105,434434,0,372270
2022-10-27,małopolskie,MA,96,396599,1,7898,648,2395600,105,434539,0,372270
2022-10-28,małopolskie,MA,58,396657,1,7899,489,2396089,64,434603,0,372270
2022-10-29,małopolskie,MA,71,396728,0,7899,534,2396623,83,434686,0,372270
2022-10-30,małopolskie,MA,19,396747,0,7899,190,2396813,20,434706,0,372270
2022-10-31,małopolskie,MA,19,396766,0,7899,173,2396986,19,434725,0,372270
2022-11-01,małopolskie,MA,64,396830,0,7899,624,2397610,68,434793,0,372270
2022-11-02,małopolskie,MA,18,396848,0,7899,180,2397790,19,434812,0,372270
2022-11-03,małopolskie,MA,99,396947,1,7900,619,2398409,103,434915,0,372270
2022-11-04,małopolskie,MA,70,397017,0,7900,546,2398955,75,434990,0,372270
2022-11-05,małopolskie,MA,47,397064,1,7901,540,2399495,50,435040,0,372270
2022-11-06,małopolskie,MA,10,397074,0,7901,178,2399673,10,435050,0,372270
2022-11-07,małopolskie,MA,11,397085,0,7901,147,2399820,12,435062,0,372270
2022-11-08,małopolskie,MA,63,397148,0,7901,755,2400575,67,435129,0,372270
2022-11-09,małopolskie,MA,43,397191,2,7903,452,2401027,46,435175,0,372270
2022-11-10,małopolskie,MA,32,397223,1,7904,409,2401436,34,435209,0,372270
2022-11-11,małopolskie,MA,39,397262,1,7905,473,2401909,48,435257,0,372270
2022-11-12,małopolskie,MA,7,397269,0,7905,175,2402084,9,435266,0,372270
2022-11-13,małopolskie,MA,7,397276,0,7905,135,2402219,7,435273,0,372270
2022-11-14,małopolskie,MA,9,397285,0,7905,155,2402374,11,435284,0,372270
2022-11-15,małopolskie,MA,66,397351,1,7906,650,2403024,66,435350,0,372270
2022-11-16,małopolskie,MA,51,397402,3,7909,525,2403549,51,435401,0,372270
2022-11-17,małopolskie,MA,35,397437,1,7910,489,2404038,41,435442,0,372270
2022-11-18,małopolskie,MA,30,397467,1,7911,392,2404430,32,435474,0,372270
2022-11-19,małopolskie,MA,26,397493,1,7912,389,2404819,30,435504,0,372270
2022-11-20,małopolskie,MA,5,397498,0,7912,139,2404958,5,435509,0,372270
2022-11-21,małopolskie,MA,10,397508,0,7912,184,2405142,10,435519,0,372270
2022-11-22,małopolskie,MA,47,397555,0,7912,597,2405739,53,435572,0,372270
2022-11-23,małopolskie,MA,39,397594,0,7912,451,2406190,41,435613,0,372270
2022-11-24,małopolskie,MA,32,397626,0,7912,412,2406602,33,435646,0,372270
2022-11-25,małopolskie,MA,44,397670,0,7912,473,2407075,47,435693,0,372270
2022-11-26,małopolskie,MA,25,397695,0,7912,331,2407406,27,435720,0,372270
2022-11-27,małopolskie,MA,7,397702,0,7912,157,2407563,8,435728,0,372270
2022-11-28,małopolskie,MA,3,397705,0,7912,149,2407712,4,435732,0,372270
2022-11-29,małopolskie,MA,71,397776,0,7912,526,2408238,72,435804,0,372270
2022-11-30,małopolskie,MA,56,397832,0,7912,513,2408751,58,435862,0,372270
2022-12-01,małopolskie,MA,48,397880,0,7912,474,2409225,48,435910,0,372270
2022-12-02,małopolskie,MA,23,397903,0,7912,369,2409594,23,435933,0,372270
2022-12-03,małopolskie,MA,29,397932,0,7912,355,2409949,31,435964,0,372270
2022-12-04,małopolskie,MA,11,397943,0,7912,148,2410097,13,435977,0,372270
2022-12-05,małopolskie,MA,9,397952,0,7912,128,2410225,9,435986,0,372270
2022-12-06,małopolskie,MA,61,398013,0,7912,592,2410817,65,436051,0,372270
2022-12-07,małopolskie,MA,56,398069,0,7912,532,2411349,60,436111,0,372270
2022-12-08,małopolskie,MA,46,398115,0,7912,462,2411811,47,436158,0,372270
2022-12-09,małopolskie,MA,18,398133,0,7912,276,2412087,25,436183,0,372270
2022-12-10,małopolskie,MA,20,398153,0,7912,320,2412407,20,436203,0,372270
2022-12-11,małopolskie,MA,4,398157,0,7912,148,2412555,4,436207,0,372270
2022-12-12,małopolskie,MA,11,398168,0,7912,171,2412726,11,436218,0,372270
2022-12-13,małopolskie,MA,69,398237,1,7913,722,2413448,74,436292,0,372270
2022-12-14,małopolskie,MA,47,398284,0,7913,596,2414044,51,436343,0,372270
2022-12-15,małopolskie,MA,41,398325,1,7914,500,2414544,43,436386,0,372270
2022-12-16,małopolskie,MA,46,398371,0,7914,506,2415050,50,436436,0,372270
2022-12-17,małopolskie,MA,38,398409,0,7914,514,2415564,39,436475,0,372270
2022-12-18,małopolskie,MA,7,398416,0,7914,158,2415722,9,436484,0,372270
2022-12-19,małopolskie,MA,12,398428,0,7914,143,2415865,12,436496,0,372270
2022-12-20,małopolskie,MA,43,398471,1,7915,688,2416553,47,436543,0,372270
2022-12-21,małopolskie,MA,35,398506,0,7915,529,2417082,38,436581,0,372270
2022-12-22,małopolskie,MA,26,398532,0,7915,420,2417502,27,436608,0,372270
2022-12-23,małopolskie,MA,32,398564,0,7915,525,2418027,33,436641,0,372270
2022-12-24,małopolskie,MA,46,398610,0,7915,458,2418485,52,436693,0,372270
2022-12-25,małopolskie,MA,7,398617,0,7915,189,2418674,7,436700,0,372270
2022-12-26,małopolskie,MA,11,398628,0,7915,196,2418870,12,436712,0,372270
2022-12-27,małopolskie,MA,22,398650,0,7915,195,2419065,23,436735,0,372270
2022-12-28,małopolskie,MA,42,398692,0,7915,685,2419750,44,436779,0,372270
2022-12-29,małopolskie,MA,41,398733,0,7915,451,2420201,44,436823,0,372270
2022-12-30,małopolskie,MA,44,398777,1,7916,504,2420705,45,436868,0,372270
2022-12-31,małopolskie,MA,33,398810,2,7918,393,2421098,35,436903,0,372270
2023-01-01,małopolskie,MA,21,398831,0,7918,188,2421286,24,436927,0,372270
2023-01-02,małopolskie,MA,9,398840,0,7918,165,2421451,9,436936,0,372270
2023-01-03,małopolskie,MA,46,398886,1,7919,554,2422005,50,436986,0,372270
2023-01-04,małopolskie,MA,49,398935,1,7920,474,2422479,51,437037,0,372270
2023-01-05,małopolskie,MA,34,398969,0,7920,597,2423076,37,437074,0,372270
2023-01-06,małopolskie,MA,24,398993,0,7920,347,2423423,26,437100,0,372270
2023-01-07,małopolskie,MA,13,399006,0,7920,212,2423635,17,437117,0,372270
2023-01-08,małopolskie,MA,13,399019,0,7920,164,2423799,13,437130,0,372270
2023-01-09,małopolskie,MA,9,399028,0,7920,137,2423936,9,437139,0,372270
2023-01-10,małopolskie,MA,39,399067,3,7923,446,2424382,42,437181,0,372270
2023-01-11,małopolskie,MA,35,399102,0,7923,407,2424789,38,437219,0,372270
2023-01-12,małopolskie,MA,32,399134,1,7924,353,2425142,34,437253,0,372270
2023-01-13,małopolskie,MA,25,399159,1,7925,281,2425423,28,437281,0,372270
2023-01-14,małopolskie,MA,24,399183,0,7925,259,2425682,24,437305,0,372270
2023-01-15,małopolskie,MA,5,399188,0,7925,104,2425786,6,437311,0,372270
2023-01-16,małopolskie,MA,2,399190,0,7925,108,2425894,2,437313,0,372270
2023-01-17,małopolskie,MA,40,399230,1,7926,388,2426282,44,437357,0,372270
2023-01-18,małopolskie,MA,32,399262,1,7927,402,2426684,34,437391,0,372270
2023-01-19,małopolskie,MA,46,399308,0,7927,319,2427003,48,437439,0,372270
2023-01-20,małopolskie,MA,33,399341,0,7927,287,2427290,34,437473,0,372270
2023-01-21,małopolskie,MA,39,399380,0,7927,354,2427644,41,437514,0,372270
2023-01-22,małopolskie,MA,11,399391,0,7927,96,2427740,12,437526,0,372270
2023-01-23,małopolskie,MA,7,399398,0,7927,91,2427831,7,437533,0,372270
2023-01-24,małopolskie,MA,56,399454,2,7929,422,2428253,59,437592,0,372270
2023-01-25,małopolskie,MA,43,399497,2,7931,374,2428627,44,437636,0,372270
2023-01-26,małopolskie,MA,42,399539,0,7931,279,2428906,42,437678,0,372270
2023-01-27,małopolskie,MA,46,399585,3,7934,292,2429198,48,437726,0,372270
2023-01-28,małopolskie,MA,68,399653,0,7934,338,2429536,69,437795,0,372270
2023-01-29,małopolskie,MA,7,399660,0,7934,42,2429578,7,437802,0,372270
2023-01-30,małopolskie,MA,4,399664,0,7934,167,2429745,5,437807,0,372270
2023-01-31,małopolskie,MA,89,399753,1,7935,339,2430084,90,437897,0,372270
2023-02-01,małopolskie,MA,60,399813,0,7935,368,2430452,65,437962,0,372270
2023-02-02,małopolskie,MA,86,399899,0,7935,266,2430718,86,438048,0,372270
2023-02-03,małopolskie,MA,94,399993,0,7935,667,2431385,96,438144,0,372270
2023-02-04,małopolskie,MA,90,400083,0,7935,540,2431925,100,438244,0,372270
2023-02-05,małopolskie,MA,10,400093,0,7935,94,2432019,10,438254,0,372270
2023-02-06,małopolskie,MA,5,400098,0,7935,88,2432107,8,438262,0,372270
2023-02-07,małopolskie,MA,134,400232,0,7935,473,2432580,137,438399,0,372270
2023-02-08,małopolskie,MA,117,400349,0,7935,447,2433027,119,438518,0,372270
2023-02-09,małopolskie,MA,94,400443,1,7936,390,2433417,98,438616,0,372270
2023-02-10,małopolskie,MA,82,400525,0,7936,314,2433731,83,438699,0,372270
2023-02-11,małopolskie,MA,113,400638,0,7936,394,2434125,120,438819,0,372270
2023-02-12,małopolskie,MA,14,400652,0,7936,123,2434248,18,438837,0,372270
2023-02-13,małopolskie,MA,15,400667,0,7936,100,2434348,15,438852,0,372270
2023-02-14,małopolskie,MA,168,400835,0,7936,575,2434923,176,439028,0,372270
2023-02-15,małopolskie,MA,127,400962,0,7936,481,2435404,133,439161,0,372270
2023-02-16,małopolskie,MA,155,401117,0,7936,533,2435937,168,439329,0,372270
2023-02-17,małopolskie,MA,140,401257,0,7936,424,2436361,149,439478,0,372270
2023-02-18,małopolskie,MA,180,401437,1,7937,531,2436892,187,439665,0,372270
2023-02-19,małopolskie,MA,15,401452,0,7937,93,2436985,15,439680,0,372270
2023-02-20,małopolskie,MA,23,401475,0,7937,150,2437135,24,439704,0,372270
2023-02-21,małopolskie,MA,274,401749,1,7938,719,2437854,285,439989,0,372270
2023-02-22,małopolskie,MA,237,401986,0,7938,558,2438412,246,440235,0,372270
2023-02-23,małopolskie,MA,207,402193,1,7939,564,2438976,212,440447,0,372270
2023-02-24,małopolskie,MA,260,402453,0,7939,668,2439644,265,440712,0,372270
2023-02-25,małopolskie,MA,234,402687,1,7940,602,2440246,238,440950,0,372270
2023-02-26,małopolskie,MA,31,402718,0,7940,121,2440367,35,440985,0,372270
2023-02-27,małopolskie,MA,30,402748,0,7940,112,2440479,31,441016,0,372270
2023-02-28,małopolskie,MA,344,403092,0,7940,766,2441245,354,441370,0,372270
2023-03-01,małopolskie,MA,258,403350,0,7940,667,2441912,269,441639,0,372270
2023-03-02,małopolskie,MA,257,403607,3,7943,579,2442491,261,441900,0,372270
2023-03-03,małopolskie,MA,300,403907,0,7943,770,2443261,310,442210,0,372270
2023-03-04,małopolskie,MA,318,404225,0,7943,791,2444052,331,442541,0,372270
2023-03-05,małopolskie,MA,34,404259,0,7943,142,2444194,37,442578,0,372270
2023-03-06,małopolskie,MA,39,404298,0,7943,142,2444336,41,442619,0,372270
2023-03-07,małopolskie,MA,468,404766,2,7945,1087,2445423,480,443099,0,372270
2023-03-08,małopolskie,MA,378,405144,0,7945,859,2446282,388,443487,0,372270
2023-03-09,małopolskie,MA,299,405443,1,7946,745,2447027,312,443799,0,372270
2023-03-10,małopolskie,MA,330,405773,0,7946,796,2447823,345,444144,0,372270
2023-03-11,małopolskie,MA,378,406151,0,7946,850,2448673,389,444533,0,372270
2023-03-12,małopolskie,MA,47,406198,0,7946,171,2448844,48,444581,0,372270
2023-03-13,małopolskie,MA,50,406248,0,7946,212,2449056,54,444635,0,372270
2023-03-14,małopolskie,MA,437,406685,3,7949,996,2450052,455,445090,0,372270
2023-03-15,małopolskie,MA,296,406981,0,7949,744,2450796,304,445394,0,372270
2023-03-16,małopolskie,MA,308,407289,0,7949,804,2451600,317,445711,0,372270
2023-03-17,małopolskie,MA,290,407579,0,7949,684,2452284,309,446020,0,372270
2023-03-18,małopolskie,MA,277,407856,2,7951,837,2453121,290,446310,0,372270
2023-03-19,małopolskie,MA,29,407885,0,7951,165,2453286,32,446342,0,372270
2023-03-20,małopolskie,MA,25,407910,0,7951,130,2453416,27,446369,0,372270
2023-03-21,małopolskie,MA,300,408210,9,7960,876,2454292,314,446683,0,372270
2023-03-22,małopolskie,MA,198,408408,1,7961,649,2454941,205,446888,0,372270
2023-03-23,małopolskie,MA,191,408599,0,7961,554,2455495,200,447088,0,372270
2023-03-24,małopolskie,MA,176,408775,1,7962,667,2456162,184,447272,0,372270
2023-03-25,małopolskie,MA,174,408949,0,7962,516,2456678,179,447451,0,372270
2023-03-26,małopolskie,MA,18,408967,0,7962,146,2456824,18,447469,0,372270
2023-03-27,małopolskie,MA,38,409005,0,7962,198,2457022,49,447518,0,372270
2023-03-28,małopolskie,MA,211,409216,0,7962,800,2457822,221,447739,0,372270
2023-03-29,małopolskie,MA,128,409344,3,7965,559,2458381,132,447871,0,372270
2023-03-30,małopolskie,MA,127,409471,1,7966,519,2458900,132,448003,0,372270
2023-03-31,małopolskie,MA,88,409559,1,7967,481,2459381,98,448101,0,372270
2023-04-01,małopolskie,MA,112,409671,1,7968,422,2459803,117,448218,0,372270
2023-04-02,małopolskie,MA,14,409685,0,7968,115,2459918,15,448233,0,372270
2023-04-03,małopolskie,MA,24,409709,0,7968,129,2460047,25,448258,0,372270
2023-04-04,małopolskie,MA,117,409826,0,7968,528,2460575,122,448380,0,372270
2023-04-05,małopolskie,MA,92,409918,0,7968,484,2461059,105,448485,0,372270
2023-04-06,małopolskie,MA,77,409995,0,7968,436,2461495,78,448563,0,372270
2023-04-07,małopolskie,MA,61,410056,0,7968,310,2461805,62,448625,0,372270
2023-04-08,małopolskie,MA,60,410116,0,7968,275,2462080,61,448686,0,372270
2023-04-09,małopolskie,MA,14,410130,0,7968,108,2462188,15,448701,0,372270
2023-04-10,małopolskie,MA,6,410136,0,7968,81,2462269,6,448707,0,372270
2023-04-11,małopolskie,MA,4,410140,0,7968,91,2462360,5,448712,0,372270
2023-04-12,małopolskie,MA,90,410230,0,7968,534,2462894,91,448803,0,372270
2023-04-13,małopolskie,MA,75,410305,2,7970,375,2463269,79,448882,0,372270
2023-04-14,małopolskie,MA,77,410382,2,7972,365,2463634,81,448963,0,372270
2023-04-15,małopolskie,MA,77,410459,0,7972,366,2464000,83,449046,0,372270
2023-04-16,małopolskie,MA,6,410465,0,7972,89,2464089,6,449052,0,372270
2023-04-17,małopolskie,MA,5,410470,0,7972,75,2464164,6,449058,0,372270
2023-04-18,małopolskie,MA,82,410552,0,7972,435,2464599,85,449143,0,372270
2023-04-19,małopolskie,MA,52,410604,1,7973,293,2464892,52,449195,0,372270
2023-04-20,małopolskie,MA,45,410649,0,7973,316,2465208,46,449241,0,372270
2023-04-21,małopolskie,MA,27,410676,0,7973,271,2465479,28,449269,0,372270
2023-04-22,małopolskie,MA,57,410733,0,7973,295,2465774,60,449329,0,372270
2023-04-23,małopolskie,MA,3,410736,0,7973,65,2465839,3,449332,0,372270
2023-04-24,małopolskie,MA,4,410740,0,7973,80,2465919,5,449337,0,372270
2023-04-25,małopolskie,MA,34,410774,0,7973,355,2466274,37,449374,0,372270
2023-04-26,małopolskie,MA,30,410804,0,7973,326,2466600,32,449406,0,372270
2023-04-27,małopolskie,MA,21,410825,0,7973,288,2466888,25,449431,0,372270
2023-04-28,małopolskie,MA,22,410847,0,7973,219,2467107,23,449454,0,372270
2023-04-29,małopolskie,MA,34,410881,0,7973,276,2467383,37,449491,0,372270
2023-04-30,małopolskie,MA,8,410889,0,7973,66,2467449,9,449500,0,372270
2023-05-01,małopolskie,MA,5,410894,0,7973,75,2467524,6,449506,0,372270
2023-05-02,małopolskie,MA,4,410898,0,7973,84,2467608,5,449511,0,372270
2023-05-03,małopolskie,MA,23,410921,0,7973,175,2467783,26,449537,0,372270
2023-05-04,małopolskie,MA,3,410924,0,7973,83,2467866,3,449540,0,372270
2023-05-05,małopolskie,MA,16,410940,0,7973,212,2468078,17,449557,0,372270
2023-05-06,małopolskie,MA,7,410947,0,7973,180,2468258,9,449566,0,372270
2023-05-07,małopolskie,MA,5,410952,0,7973,69,2468327,5,449571,0,372270
2023-05-08,małopolskie,MA,2,410954,0,7973,66,2468393,2,449573,0,372270
2023-05-09,małopolskie,MA,13,410967,0,7973,201,2468594,16,449589,0,372270
2023-05-10,małopolskie,MA,6,410973,0,7973,147,2468741,8,449597,0,372270
2023-05-11,małopolskie,MA,8,410981,0,7973,193,2468934,8,449605,0,372270
2023-05-12,małopolskie,MA,6,410987,0,7973,191,2469125,6,449611,0,372270
2023-05-13,małopolskie,MA,8,410995,0,7973,150,2469275,9,449620,0,372270
2023-05-14,małopolskie,MA,1,410996,0,7973,43,2469318,1,449621,0,372270
2023-05-15,małopolskie,MA,2,410998,0,7973,54,2469372,2,449623,0,372270
2023-05-16,małopolskie,MA,10,411008,0,7973,222,2469594,12,449635,0,372270
2023-05-17,małopolskie,MA,11,411019,0,7973,152,2469746,11,449646,0,372270
2023-05-18,małopolskie,MA,8,411027,0,7973,177,2469923,8,449654,0,372270
2023-05-19,małopolskie,MA,2,411029,0,7973,233,2470156,2,449656,0,372270
2023-05-20,małopolskie,MA,5,411034,1,7974,127,2470283,5,449661,0,372270
2023-05-21,małopolskie,MA,1,411035,0,7974,49,2470332,1,449662,0,372270
2023-05-22,małopolskie,MA,1,411036,0,7974,70,2470402,1,449663,0,372270
2023-05-23,małopolskie,MA,8,411044,0,7974,136,2470538,8,449671,0,372270
2023-05-24,małopolskie,MA,11,411055,0,7974,176,2470714,14,449685,0,372270
2023-05-25,małopolskie,MA,5,411060,0,7974,110,2470824,6,449691,0,372270
2023-05-26,małopolskie,MA,3,411063,0,7974,136,2470960,4,449695,0,372270
2023-05-27,małopolskie,MA,2,411065,0,7974,122,2471082,2,449697,0,372270
2023-05-28,małopolskie,MA,1,411066,0,7974,39,2471121,1,449698,0,372270
2023-05-29,małopolskie,MA,1,411067,0,7974,36,2471157,2,449700,0,372270
2023-05-30,małopolskie,MA,8,411075,0,7974,187,2471344,10,449710,0,372270
2023-05-31,małopolskie,MA,6,411081,0,7974,124,2471468,7,449717,0,372270
2023-06-01,małopolskie,MA,3,411084,0,7974,150,2471618,4,449721,0,372270
2023-06-02,małopolskie,MA,4,411088,0,7974,114,2471732,4,449725,0,372270
2023-06-03,małopolskie,MA,4,411092,0,7974,92,2471824,5,449730,0,372270
2023-06-04,małopolskie,MA,1,411093,0,7974,40,2471864,1,449731,0,372270
2023-06-05,małopolskie,MA,5,411098,0,7974,130,2471994,6,449737,0,372270
2023-06-06,małopolskie,MA,5,411103,0,7974,115,2472109,5,449742,0,372270
2023-06-07,małopolskie,MA,2,411105,0,7974,111,2472220,2,449744,0,372270
2023-06-08,małopolskie,MA,1,411106,0,7974,117,2472337,1,449745,0,372270
2023-06-09,małopolskie,MA,0,411106,0,7974,34,2472371,0,449745,0,372270
2023-06-10,małopolskie,MA,6,411112,0,7974,86,2472457,6,449751,0,372270
2023-06-11,małopolskie,MA,1,411113,0,7974,41,2472498,1,449752,0,372270
2023-06-12,małopolskie,MA,0,411113,0,7974,37,2472535,0,449752,0,372270
2023-06-13,małopolskie,MA,7,411120,0,7974,150,2472685,8,449760,0,372270
2023-06-14,małopolskie,MA,0,411120,0,7974,126,2472811,0,449760,0,372270
2023-06-15,małopolskie,MA,2,411122,0,7974,79,2472890,3,449763,0,372270
2023-06-16,małopolskie,MA,0,411122,0,7974,119,2473009,0,449763,0,372270
2023-06-17,małopolskie,MA,1,411123,0,7974,89,2473098,1,449764,0,372270
2023-06-18,małopolskie,MA,0,411123,0,7974,34,2473132,1,449765,0,372270
2023-06-19,małopolskie,MA,0,411123,0,7974,41,2473173,0,449765,0,372270
2023-06-20,małopolskie,MA,2,411125,0,7974,157,2473330,2,449767,0,372270
2023-06-21,małopolskie,MA,1,411126,0,7974,100,2473430,2,449769,0,372270
2023-06-22,małopolskie,MA,3,411129,0,7974,147,2473577,3,449772,0,372270
2023-06-23,małopolskie,MA,3,411132,0,7974,76,2473653,3,449775,0,372270
2023-06-24,małopolskie,MA,2,411134,0,7974,70,2473723,3,449778,0,372270
2023-06-25,małopolskie,MA,0,411134,0,7974,33,2473756,0,449778,0,372270
2023-06-26,małopolskie,MA,0,411134,0,7974,21,2473777,0,449778,0,372270
2023-06-27,małopolskie,MA,1,411135,0,7974,64,2473841,1,449779,0,372270
2023-06-28,małopolskie,MA,3,411138,0,7974,80,2473921,3,449782,0,372270
2023-06-29,małopolskie,MA,1,411139,0,7974,79,2474000,1,449783,0,372270
2023-06-30,małopolskie,MA,0,411139,0,7974,48,2474048,0,449783,0,372270
2023-07-01,małopolskie,MA,0,411139,0,7974,37,2474085,0,449783,0,372270
2023-07-02,małopolskie,MA,0,411139,0,7974,22,2474107,0,449783,0,372270
2023-07-03,małopolskie,MA,0,411139,0,7974,17,2474124,0,449783,0,372270
2023-07-04,małopolskie,MA,0,411139,0,7974,45,2474169,0,449783,0,372270
2023-07-05,małopolskie,MA,1,411140,0,7974,35,2474204,1,449784,0,372270
2023-07-06,małopolskie,MA,0,411140,0,7974,20,2474224,0,449784,0,372270
2023-07-07,małopolskie,MA,0,411140,0,7974,29,2474253,0,449784,0,372270
2023-07-08,małopolskie,MA,2,411142,0,7974,24,2474277,2,449786,0,372270
2023-07-09,małopolskie,MA,0,411142,0,7974,8,2474285,0,449786,0,372270
2023-07-10,małopolskie,MA,0,411142,0,7974,8,2474293,0,449786,0,372270
2023-07-11,małopolskie,MA,1,411143,0,7974,30,2474323,1,449787,0,372270
2023-07-12,małopolskie,MA,3,411146,0,7974,23,2474346,3,449790,0,372270
2023-07-13,małopolskie,MA,1,411147,0,7974,26,2474372,1,449791,0,372270
2023-07-14,małopolskie,MA,0,411147,0,7974,23,2474395,0,449791,0,372270
2023-07-15,małopolskie,MA,0,411147,0,7974,20,2474415,0,449791,0,372270
2023-07-16,małopolskie,MA,0,411147,0,7974,5,2474420,0,449791,0,372270
2023-07-17,małopolskie,MA,0,411147,0,7974,2,2474422,0,449791,0,372270
2023-07-18,małopolskie,MA,3,411150,0,7974,26,2474448,3,449794,0,372270
2023-07-19,małopolskie,MA,2,411152,0,7974,27,2474475,2,449796,0,372270
2023-07-20,małopolskie,MA,3,411155,0,7974,71,2474546,3,449799,0,372270
2023-07-21,małopolskie,MA,0,411155,0,7974,11,2474557,0,449799,0,372270
2023-07-22,małopolskie,MA,2,411157,0,7974,13,2474570,2,449801,0,372270
2023-07-23,małopolskie,MA,0,411157,0,7974,8,2474578,0,449801,0,372270
2023-07-24,małopolskie,MA,0,411157,0,7974,8,2474586,0,449801,0,372270
2023-07-25,małopolskie,MA,2,411159,0,7974,25,2474611,2,449803,0,372270
2023-07-26,małopolskie,MA,1,411160,0,7974,20,2474631,1,449804,0,372270
2023-07-27,małopolskie,MA,0,411160,0,7974,22,2474653,0,449804,0,372270
2023-07-28,małopolskie,MA,1,411161,0,7974,12,2474665,1,449805,0,372270
2023-07-29,małopolskie,MA,1,411162,0,7974,16,2474681,1,449806,0,372270
2023-07-30,małopolskie,MA,0,411162,0,7974,4,2474685,0,449806,0,372270
2023-07-31,małopolskie,MA,0,411162,0,7974,2,2474687,0,449806,0,372270
2023-08-01,małopolskie,MA,0,411162,0,7974,9,2474696,0,449806,0,372270
2023-08-02,małopolskie,MA,0,411162,0,7974,11,2474707,0,449806,0,372270
2023-08-03,małopolskie,MA,0,411162,0,7974,10,2474717,0,449806,0,372270
2023-08-04,małopolskie,MA,1,411163,0,7974,10,2474727,1,449807,0,372270
2023-08-05,małopolskie,MA,1,411164,0,7974,16,2474743,1,449808,0,372270
2023-08-06,małopolskie,MA,0,411164,0,7974,0,2474743,0,449808,0,372270
2023-08-07,małopolskie,MA,0,411164,0,7974,2,2474745,0,449808,0,372270
2023-08-08,małopolskie,MA,1,411165,0,7974,8,2474753,1,449809,0,372270
2023-08-09,małopolskie,MA,2,411167,0,7974,12,2474765,2,449811,0,372270
2023-08-10,małopolskie,MA,1,411168,0,7974,9,2474774,1,449812,0,372270
2023-08-11,małopolskie,MA,0,411168,0,7974,6,2474780,0,449812,0,372270
2023-08-12,małopolskie,MA,1,411169,0,7974,8,2474788,1,449813,0,372270
2023-08-13,małopolskie,MA,0,411169,0,7974,1,2474789,0,449813,0,372270
2023-08-14,małopolskie,MA,0,411169,0,7974,0,2474789,0,449813,0,372270
2023-08-15,małopolskie,MA,1,411170,0,7974,10,2474799,1,449814,0,372270
2023-08-16,małopolskie,MA,1,411171,0,7974,2,2474801,1,449815,0,372270
2023-08-17,małopolskie,MA,7,411178,0,7974,19,2474820,7,449822,0,372270
2023-08-18,małopolskie,MA,2,411180,0,7974,13,2474833,2,449824,0,372270
2023-08-19,małopolskie,MA,4,411184,0,7974,14,2474847,4,449828,0,372270
2023-08-20,małopolskie,MA,0,411184,0,7974,2,2474849,0,449828,0,372270
2023-08-21,małopolskie,MA,1,411185,0,7974,1,2474850,1,449829,0,372270
2023-08-22,małopolskie,MA,3,411188,0,7974,12,2474862,3,449832,0,372270
2023-08-23,małopolskie,MA,3,411191,0,7974,14,2474876,3,449835,0,372270
2023-08-24,małopolskie,MA,4,411195,0,7974,19,2474895,4,449839,0,372270
2023-08-25,małopolskie,MA,4,411199,0,7974,13,2474908,4,449843,0,372270
2023-08-26,małopolskie,MA,2,411201,0,7974,12,2474920,2,449845,0,372270
2023-08-27,małopolskie,MA,0,411201,0,7974,4,2474924,0,449845,0,372270
2023-08-28,małopolskie,MA,0,411201,0,7974,4,2474928,0,449845,0,372270
2023-08-29,małopolskie,MA,10,411211,0,7974,23,2474951,10,449855,0,372270
2023-08-30,małopolskie,MA,7,411218,0,7974,21,2474972,7,449862,0,372270
2023-08-31,małopolskie,MA,5,411223,0,7974,26,2474998,5,449867,0,372270
2023-09-01,małopolskie,MA,4,411227,0,7974,14,2475012,4,449871,0,372270
2023-09-02,małopolskie,MA,6,411233,0,7974,18,2475030,6,449877,0,372270
2023-09-03,małopolskie,MA,1,411234,0,7974,2,2475032,1,449878,0,372270
2023-09-04,małopolskie,MA,0,411234,0,7974,3,2475035,0,449878,0,372270
2023-09-05,małopolskie,MA,11,411245,0,7974,26,2475061,11,449889,0,372270
2023-09-06,małopolskie,MA,9,411254,0,7974,31,2475092,9,449898,0,372270
2023-09-07,małopolskie,MA,15,411269,0,7974,28,2475120,15,449913,0,372270
2023-09-08,małopolskie,MA,11,411280,0,7974,34,2475154,11,449924,0,372270
2023-09-09,małopolskie,MA,13,411293,0,7974,30,2475184,13,449937,0,372270
2023-09-10,małopolskie,MA,1,411294,0,7974,4,2475188,1,449938,0,372270
2023-09-11,małopolskie,MA,0,411294,0,7974,0,2475188,0,449938,0,372270
2023-09-12,małopolskie,MA,12,411306,0,7974,40,2475228,12,449950,0,372270
2023-09-13,małopolskie,MA,17,411323,0,7974,74,2475302,17,449967,0,372270
2023-09-14,małopolskie,MA,17,411340,0,7974,66,2475368,18,449985,0,372270
2023-09-15,małopolskie,MA,11,411351,0,7974,42,2475410,11,449996,0,372270
2023-09-16,małopolskie,MA,13,411364,0,7974,46,2475456,13,450009,0,372270
2023-09-17,małopolskie,MA,0,411364,0,7974,3,2475459,0,450009,0,372270
2023-09-18,małopolskie,MA,0,411364,0,7974,0,2475459,0,450009,0,372270
2023-09-19,małopolskie,MA,30,411394,0,7974,70,2475529,30,450039,0,372270
2023-09-20,małopolskie,MA,13,411407,0,7974,67,2475596,15,450054,0,372270
2023-09-21,małopolskie,MA,21,411428,0,7974,62,2475658,21,450075,0,372270
2023-09-22,małopolskie,MA,20,411448,0,7974,79,2475737,20,450095,0,372270
2023-09-23,małopolskie,MA,14,411462,0,7974,74,2475811,15,450110,0,372270
2023-09-24,małopolskie,MA,0,411462,0,7974,5,2475816,0,450110,0,372270
2023-09-25,małopolskie,MA,0,411462,0,7974,2,2475818,0,450110,0,372270
2023-09-26,małopolskie,MA,35,411497,0,7974,99,2475917,36,450146,0,372270
2023-09-27,małopolskie,MA,25,411522,0,7974,89,2476006,26,450172,0,372270
2023-09-28,małopolskie,MA,31,411553,0,7974,75,2476081,31,450203,0,372270
2023-09-29,małopolskie,MA,23,411576,0,7974,91,2476172,24,450227,0,372270
2023-09-30,małopolskie,MA,18,411594,0,7974,75,2476247,18,450245,0,372270
2023-10-01,małopolskie,MA,3,411597,0,7974,7,2476254,3,450248,0,372270
2023-10-02,małopolskie,MA,0,411597,0,7974,4,2476258,0,450248,0,372270
2023-10-03,małopolskie,MA,24,411621,0,7974,90,2476348,24,450272,0,372270
2023-10-04,małopolskie,MA,25,411646,0,7974,78,2476426,25,450297,0,372270
2023-10-05,małopolskie,MA,16,411662,0,7974,61,2476487,16,450313,0,372270
2023-10-06,małopolskie,MA,20,411682,0,7974,72,2476559,20,450333,0,372270
2023-10-07,małopolskie,MA,21,411703,0,7974,80,2476639,21,450354,0,372270
2023-10-08,małopolskie,MA,3,411706,0,7974,6,2476645,3,450357,0,372270
2023-10-09,małopolskie,MA,0,411706,0,7974,3,2476648,0,450357,0,372270
2023-10-10,małopolskie,MA,37,411743,0,7974,108,2476756,37,450394,0,372270
2023-10-11,małopolskie,MA,33,411776,0,7974,102,2476858,33,450427,0,372270
2023-10-12,małopolskie,MA,23,411799,0,7974,92,2476950,23,450450,0,372270
2023-10-13,małopolskie,MA,39,411838,0,7974,128,2477078,39,450489,0,372270
2023-10-14,małopolskie,MA,24,411862,0,7974,90,2477168,24,450513,0,372270
2023-10-15,małopolskie,MA,1,411863,0,7974,5,2477173,1,450514,0,372270
2023-10-16,małopolskie,MA,1,411864,0,7974,4,2477177,1,450515,0,372270
2023-10-17,małopolskie,MA,42,411906,0,7974,118,2477295,43,450558,0,372270
2023-10-18,małopolskie,MA,43,411949,0,7974,113,2477408,43,450601,0,372270
2023-10-19,małopolskie,MA,41,411990,0,7974,122,2477530,41,450642,0,372270
2023-10-20,małopolskie,MA,22,412012,0,7974,79,2477609,23,450665,0,372270
2023-10-21,małopolskie,MA,39,412051,0,7974,123,2477732,40,450705,0,372270
2023-10-22,małopolskie,MA,3,412054,0,7974,8,2477740,3,450708,0,372270
2023-10-23,małopolskie,MA,1,412055,0,7974,11,2477751,1,450709,0,372270
2023-10-24,małopolskie,MA,59,412114,0,7974,151,2477902,59,450768,0,372270
2023-10-25,małopolskie,MA,52,412166,0,7974,120,2478022,53,450821,0,372270
2023-10-26,małopolskie,MA,47,412213,0,7974,140,2478162,49,450870,0,372270
2023-10-27,małopolskie,MA,56,412269,1,7975,123,2478285,57,450927,0,372270
2023-10-28,małopolskie,MA,42,412311,0,7975,112,2478397,44,450971,0,372270
2023-10-29,małopolskie,MA,4,412315,0,7975,9,2478406,4,450975,0,372270
2023-10-30,małopolskie,MA,2,412317,0,7975,8,2478414,2,450977,0,372270
2023-10-31,małopolskie,MA,60,412377,0,7975,168,2478582,60,451037,0,372270
2023-11-01,małopolskie,MA,45,412422,1,7976,124,2478706,45,451082,0,372270
2023-11-02,małopolskie,MA,3,412425,0,7976,9,2478715,3,451085,0,372270
2023-11-03,małopolskie,MA,65,412490,0,7976,148,2478863,65,451150,0,372270
2023-11-04,małopolskie,MA,61,412551,0,7976,156,2479019,62,451212,0,372270
2023-11-05,małopolskie,MA,3,412554,0,7976,7,2479026,3,451215,0,372270
2023-11-06,małopolskie,MA,3,412557,0,7976,16,2479042,3,451218,0,372270
2023-11-07,małopolskie,MA,86,412643,0,7976,214,2479256,89,451307,0,372270
2023-11-08,małopolskie,MA,47,412690,0,7976,118,2479374,47,451354,0,372270
2023-11-09,małopolskie,MA,66,412756,0,7976,163,2479537,68,451422,0,372270
2023-11-10,małopolskie,MA,52,412808,0,7976,146,2479683,52,451474,0,372270
2023-11-11,małopolskie,MA,60,412868,0,7976,151,2479834,61,451535,0,372270
2023-11-12,małopolskie,MA,7,412875,0,7976,19,2479853,7,451542,0,372270
2023-11-13,małopolskie,MA,9,412884,0,7976,16,2479869,9,451551,0,372270
2023-11-14,małopolskie,MA,104,412988,0,7976,239,2480108,105,451656,0,372270
2023-11-15,małopolskie,MA,83,413071,0,7976,214,2480322,84,451740,0,372270
2023-11-16,małopolskie,MA,93,413164,1,7977,208,2480530,93,451833,0,372270
2023-11-17,małopolskie,MA,85,413249,0,7977,181,2480711,87,451920,0,372270
2023-11-18,małopolskie,MA,87,413336,0,7977,199,2480910,89,452009,0,372270
2023-11-19,małopolskie,MA,1,413337,0,7977,14,2480924,1,452010,0,372270
2023-11-20,małopolskie,MA,4,413341,0,7977,18,2480942,4,452014,0,372270
2023-11-21,małopolskie,MA,148,413489,0,7977,293,2481235,150,452164,0,372270
2023-11-22,małopolskie,MA,116,413605,0,7977,261,2481496,120,452284,0,372270
2023-11-23,małopolskie,MA,101,413706,0,7977,217,2481713,107,452391,0,372270
2023-11-24,małopolskie,MA,150,413856,0,7977,282,2481995,151,452542,0,372270
2023-11-25,małopolskie,MA,103,413959,1,7978,237,2482232,107,452649,0,372270
2023-11-26,małopolskie,MA,6,413965,0,7978,20,2482252,6,452655,0,372270
2023-11-27,małopolskie,MA,7,413972,0,7978,19,2482271,7,452662,0,372270
2023-11-28,małopolskie,MA,176,414148,0,7978,357,2482628,180,452842,0,372270
2023-11-29,małopolskie,MA,144,414292,0,7978,317,2482945,146,452988,0,372270
2023-11-30,małopolskie,MA,166,414458,0,7978,322,2483267,173,453161,0,372270
2023-12-01,małopolskie,MA,152,414610,0,7978,322,2483589,157,453318,0,372270
2023-12-02,małopolskie,MA,176,414786,0,7978,348,2483937,180,453498,0,372270
2023-12-03,małopolskie,MA,10,414796,0,7978,28,2483965,11,453509,0,372270
2023-12-04,małopolskie,MA,14,414810,0,7978,33,2483998,15,453524,0,372270
2023-12-05,małopolskie,MA,251,415061,0,7978,465,2484463,258,453782,0,372270
2023-12-06,małopolskie,MA,244,415305,0,7978,515,2484978,247,454029,0,372270
2023-12-07,małopolskie,MA,224,415529,0,7978,409,2485387,228,454257,0,372270
2023-12-08,małopolskie,MA,205,415734,0,7978,352,2485739,209,454466,0,372270
2023-12-09,małopolskie,MA,215,415949,0,7978,457,2486196,223,454689,0,372270
2023-12-10,małopolskie,MA,8,415957,0,7978,45,2486241,10,454699,0,372270
2023-12-11,małopolskie,MA,14,415971,0,7978,40,2486281,16,454715,0,372270
2023-12-12,małopolskie,MA,304,416275,1,7979,579,2486860,313,455028,0,372270
2023-12-13,małopolskie,MA,253,416528,13,7992,480,2487340,256,455284,0,372270
2023-12-14,małopolskie,MA,245,416773,5,7997,516,2487856,248,455532,0,372270
2023-12-15,małopolskie,MA,238,417011,3,8000,469,2488325,244,455776,0,372270
2023-12-16,małopolskie,MA,174,417185,1,8001,377,2488702,181,455957,0,372270
2023-12-17,małopolskie,MA,2,417187,0,8001,20,2488722,2,455959,0,372270
2023-12-18,małopolskie,MA,11,417198,0,8001,32,2488754,15,455974,0,372270
2023-12-19,małopolskie,MA,248,417446,3,8004,533,2489287,253,456227,0,372270
2023-12-20,małopolskie,MA,216,417662,3,8007,431,2489718,217,456444,0,372270
2023-12-21,małopolskie,MA,179,417841,2,8009,406,2490124,181,456625,0,372270
2023-12-22,małopolskie,MA,168,418009,3,8012,414,2490538,172,456797,0,372270
2023-12-23,małopolskie,MA,179,418188,1,8013,405,2490943,186,456983,0,372270
2023-12-24,małopolskie,MA,15,418203,0,8013,30,2490973,16,456999,0,372270
2023-12-25,małopolskie,MA,6,418209,0,8013,25,2490998,8,457007,0,372270
2023-12-26,małopolskie,MA,12,418221,0,8013,31,2491029,12,457019,0,372270
2023-12-27,małopolskie,MA,16,418237,0,8013,47,2491076,19,457038,0,372270
2023-12-28,małopolskie,MA,234,418471,1,8014,503,2491579,238,457276,0,372270
2023-12-29,małopolskie,MA,140,418611,4,8018,393,2491972,143,457419,0,372270
2023-12-30,małopolskie,MA,231,418842,7,8025,511,2492483,236,457655,0,372270
2023-12-31,małopolskie,MA,8,418850,0,8025,26,2492509,8,457663,0,372270
2024-01-01,małopolskie,MA,8,418858,0,8025,24,2492533,8,457671,0,372270
2024-01-02,małopolskie,MA,4,418862,0,8025,28,2492561,8,457679,0,372270
2024-01-03,małopolskie,MA,159,419021,2,8027,423,2492984,163,457842,0,372270
2024-01-04,małopolskie,MA,218,419239,0,8027,594,2493578,222,458064,0,372270
2024-01-05,małopolskie,MA,190,419429,1,8028,615,2494193,196,458260,0,372270
2024-01-06,małopolskie,MA,127,419556,0,8028,365,2494558,129,458389,0,372270
2024-01-07,małopolskie,MA,5,419561,0,8028,40,2494598,5,458394,0,372270
2024-01-08,małopolskie,MA,6,419567,0,8028,31,2494629,7,458401,0,372270
2024-01-09,małopolskie,MA,111,419678,0,8028,370,2494999,113,458514,0,372270
2024-01-10,małopolskie,MA,86,419764,2,8030,351,2495350,86,458600,0,372270
2024-01-11,małopolskie,MA,99,419863,0,8030,370,2495720,103,458703,0,372270
2024-01-12,małopolskie,MA,77,419940,3,8033,297,2496017,79,458782,0,372270
2024-01-13,małopolskie,MA,62,420002,3,8036,285,2496302,63,458845,0,372270
2024-01-14,małopolskie,MA,6,420008,0,8036,25,2496327,6,458851,0,372270
2024-01-15,małopolskie,MA,1,420009,0,8036,22,2496349,1,458852,0,372270
2024-01-16,małopolskie,MA,108,420117,0,8036,394,2496743,111,458963,0,372270
2024-01-17,małopolskie,MA,72,420189,1,8037,294,2497037,72,459035,0,372270
2024-01-18,małopolskie,MA,67,420256,1,8038,347,2497384,71,459106,0,372270
2024-01-19,małopolskie,MA,69,420325,0,8038,388,2497772,72,459178,0,372270
2024-01-20,małopolskie,MA,58,420383,2,8040,319,2498091,58,459236,0,372270
2024-01-21,małopolskie,MA,10,420393,0,8040,23,2498114,10,459246,0,372270
2024-01-22,małopolskie,MA,4,420397,0,8040,31,2498145,5,459251,0,372270
2024-01-23,małopolskie,MA,77,420474,1,8041,412,2498557,79,459330,0,372270
2024-01-24,małopolskie,MA,59,420533,0,8041,307,2498864,59,459389,0,372270
2024-01-25,małopolskie,MA,45,420578,3,8044,340,2499204,45,459434,0,372270
2024-01-26,małopolskie,MA,48,420626,0,8044,288,2499492,48,459482,0,372270
2024-01-27,małopolskie,MA,46,420672,0,8044,326,2499818,46,459528,0,372270
2024-01-28,małopolskie,MA,0,420672,0,8044,36,2499854,0,459528,0,372270
2024-01-29,małopolskie,MA,4,420676,0,8044,39,2499893,4,459532,0,372270
2024-01-30,małopolskie,MA,52,420728,1,8045,370,2500263,53,459585,0,372270
2024-01-31,małopolskie,MA,32,420760,2,8047,405,2500668,32,459617,0,372270
2024-02-01,małopolskie,MA,24,420784,2,8049,282,2500950,25,459642,0,372270
2024-02-02,małopolskie,MA,22,420806,2,8051,268,2501218,23,459665,0,372270
2024-02-03,małopolskie,MA,29,420835,0,8051,318,2501536,30,459695,0,372270
2024-02-04,małopolskie,MA,2,420837,0,8051,28,2501564,2,459697,0,372270
2024-02-05,małopolskie,MA,1,420838,0,8051,31,2501595,1,459698,0,372270
2024-02-06,małopolskie,MA,42,420880,1,8052,399,2501994,43,459741,0,372270
2024-02-07,małopolskie,MA,23,420903,0,8052,317,2502311,23,459764,0,372270
2024-02-08,małopolskie,MA,33,420936,0,8052,291,2502602,33,459797,0,372270
2024-02-09,małopolskie,MA,16,420952,0,8052,251,2502853,16,459813,0,372270
2024-02-10,małopolskie,MA,14,420966,3,8055,297,2503150,14,459827,0,372270
2024-02-11,małopolskie,MA,2,420968,0,8055,34,2503184,3,459830,0,372270
2024-02-12,małopolskie,MA,1,420969,0,8055,11,2503195,1,459831,0,372270
2024-02-13,małopolskie,MA,28,420997,0,8055,305,2503500,28,459859,0,372270
2024-02-14,małopolskie,MA,6,421003,0,8055,202,2503702,6,459865,0,372270
2024-02-15,małopolskie,MA,15,421018,1,8056,183,2503885,16,459881,0,372270
2024-02-16,małopolskie,MA,8,421026,0,8056,185,2504070,8,459889,0,372270
2024-02-17,małopolskie,MA,10,421036,0,8056,214,2504284,12,459901,0,372270
2024-02-18,małopolskie,MA,1,421037,0,8056,16,2504300,2,459903,0,372270
2024-02-19,małopolskie,MA,3,421040,0,8056,20,2504320,3,459906,0,372270
2024-02-20,małopolskie,MA,21,421061,0,8056,230,2504550,21,459927,0,372270
2024-02-21,małopolskie,MA,15,421076,3,8059,162,2504712,15,459942,0,372270
2024-02-22,małopolskie,MA,4,421080,0,8059,151,2504863,6,459948,0,372270
2024-02-23,małopolskie,MA,4,421084,0,8059,145,2505008,4,459952,0,372270
2024-02-24,małopolskie,MA,12,421096,1,8060,192,2505200,12,459964,0,372270
2024-02-25,małopolskie,MA,0,421096,0,8060,11,2505211,0,459964,0,372270
2024-02-26,małopolskie,MA,1,421097,0,8060,16,2505227,1,459965,0,372270
2024-02-27,małopolskie,MA,12,421109,0,8060,151,2505378,12,459977,0,372270
2024-02-28,małopolskie,MA,7,421116,0,8060,136,2505514,8,459985,0,372270
2024-02-29,małopolskie,MA,4,421120,0,8060,89,2505603,4,459989,0,372270
2024-03-01,małopolskie,MA,8,421128,0,8060,96,2505699,8,459997,0,372270
2024-03-02,małopolskie,MA,6,421134,0,8060,118,2505817,7,460004,0,372270
2024-03-03,małopolskie,MA,0,421134,0,8060,12,2505829,0,460004,0,372270
2024-03-04,małopolskie,MA,0,421134,0,8060,8,2505837,0,460004,0,372270
2024-03-05,małopolskie,MA,5,421139,0,8060,120,2505957,5,460009,0,372270
2024-03-06,małopolskie,MA,7,421146,0,8060,147,2506104,7,460016,0,372270
2024-03-07,małopolskie,MA,6,421152,1,8061,115,2506219,6,460022,0,372270
2024-03-08,małopolskie,MA,12,421164,0,8061,81,2506300,12,460034,0,372270
2024-03-09,małopolskie,MA,4,421168,0,8061,96,2506396,4,460038,0,372270
2024-03-10,małopolskie,MA,1,421169,0,8061,8,2506404,1,460039,0,372270
2024-03-11,małopolskie,MA,1,421170,0,8061,9,2506413,1,460040,0,372270
2024-03-12,małopolskie,MA,8,421178,0,8061,147,2506560,8,460048,0,372270
2024-03-13,małopolskie,MA,10,421188,0,8061,96,2506656,12,460060,0,372270
2024-03-14,małopolskie,MA,1,421189,0,8061,78,2506734,1,460061,0,372270
2024-03-15,małopolskie,MA,3,421192,0,8061,124,2506858,3,460064,0,372270
2024-03-16,małopolskie,MA,3,421195,0,8061,61,2506919,3,460067,0,372270
2024-03-17,małopolskie,MA,0,421195,0,8061,5,2506924,0,460067,0,372270
2024-03-18,małopolskie,MA,0,421195,0,8061,4,2506928,0,460067,0,372270
2024-03-19,małopolskie,MA,5,421200,0,8061,119,2507047,5,460072,0,372270
2024-03-20,małopolskie,MA,3,421203,0,8061,90,2507137,3,460075,0,372270
2024-03-21,małopolskie,MA,2,421205,1,8062,120,2507257,2,460077,0,372270
2024-03-22,małopolskie,MA,1,421206,0,8062,63,2507320,1,460078,0,372270
2024-03-23,małopolskie,MA,2,421208,0,8062,86,2507406,2,460080,0,372270
2024-03-24,małopolskie,MA,0,421208,0,8062,3,2507409,0,460080,0,372270
2024-03-25,małopolskie,MA,0,421208,0,8062,4,2507413,0,460080,0,372270
2024-03-26,małopolskie,MA,0,421208,0,8062,126,2507539,0,460080,0,372270
2024-03-27,małopolskie,MA,2,421210,0,8062,96,2507635,2,460082,0,372270
2024-03-28,małopolskie,MA,3,421213,0,8062,66,2507701,3,460085,0,372270
2024-03-29,małopolskie,MA,1,421214,0,8062,77,2507778,1,460086,0,372270
2024-03-30,małopolskie,MA,2,421216,0,8062,69,2507847,2,460088,0,372270
2024-03-31,małopolskie,MA,1,421217,0,8062,12,2507859,1,460089,0,372270
2024-04-01,małopolskie,MA,0,421217,0,8062,7,2507866,0,460089,0,372270
2024-04-02,małopolskie,MA,0,421217,0,8062,4,2507870,0,460089,0,372270
2024-04-03,małopolskie,MA,5,421222,0,8062,74,2507944,5,460094,0,372270
2024-04-19,małopolskie,MA,1,421223,0,8062,38,2507982,1,460095,0,372270
2024-04-20,małopolskie,MA,3,421226,0,8062,26,2508008,3,460098,0,372270
2024-04-21,małopolskie,MA,0,421226,0,8062,0,2508008,0,460098,0,372270
2024-04-22,małopolskie,MA,0,421226,0,8062,4,2508012,0,460098,0,372270
2024-04-23,małopolskie,MA,3,421229,1,8063,48,2508060,3,460101,0,372270
2024-04-24,małopolskie,MA,3,421232,0,8063,49,2508109,3,460104,0,372270
2024-04-25,małopolskie,MA,1,421233,0,8063,42,2508151,1,460105,0,372270
2024-04-26,małopolskie,MA,1,421234,0,8063,32,2508183,1,460106,0,372270
2024-04-27,małopolskie,MA,0,421234,0,8063,21,2508204,0,460106,0,372270
2024-04-28,małopolskie,MA,0,421234,0,8063,3,2508207,0,460106,0,372270
2024-04-29,małopolskie,MA,0,421234,0,8063,4,2508211,0,460106,0,372270
2024-04-30,małopolskie,MA,1,421235,0,8063,34,2508245,1,460107,0,372270
2024-05-01,małopolskie,MA,2,421237,0,8063,29,2508274,2,460109,0,372270
2024-05-02,małopolskie,MA,0,421237,0,8063,4,2508278,0,460109,0,372270
2024-05-03,małopolskie,MA,2,421239,0,8063,34,2508312,2,460111,0,372270
2024-05-04,małopolskie,MA,0,421239,0,8063,10,2508322,0,460111,0,372270
2024-05-05,małopolskie,MA,0,421239,0,8063,13,2508335,0,460111,0,372270
2024-05-06,małopolskie,MA,0,421239,0,8063,8,2508343,0,460111,0,372270
2024-05-07,małopolskie,MA,1,421240,0,8063,29,2508372,1,460112,0,372270
2024-05-08,małopolskie,MA,0,421240,0,8063,28,2508400,0,460112,0,372270
2024-05-09,małopolskie,MA,0,421240,0,8063,30,2508430,0,460112,0,372270
2024-05-10,małopolskie,MA,1,421241,0,8063,25,2508455,1,460113,0,372270
2024-05-11,małopolskie,MA,2,421243,0,8063,23,2508478,2,460115,0,372270
2024-05-12,małopolskie,MA,0,421243,0,8063,1,2508479,0,460115,0,372270
2024-05-13,małopolskie,MA,0,421243,0,8063,5,2508484,0,460115,0,372270
2024-05-14,małopolskie,MA,0,421243,0,8063,15,2508499,0,460115,0,372270
2024-05-15,małopolskie,MA,1,421244,0,8063,22,2508521,1,460116,0,372270
2024-05-16,małopolskie,MA,1,421245,0,8063,15,2508536,1,460117,0,372270
2024-05-17,małopolskie,MA,3,421248,0,8063,23,2508559,3,460120,0,372270
2024-05-18,małopolskie,MA,2,421250,0,8063,19,2508578,2,460122,0,372270
2024-05-19,małopolskie,MA,1,421251,0,8063,3,2508581,1,460123,0,372270
2024-05-20,małopolskie,MA,1,421252,0,8063,8,2508589,1,460124,0,372270
2024-05-21,małopolskie,MA,2,421254,0,8063,49,2508638,2,460126,0,372270
2024-05-22,małopolskie,MA,0,421254,0,8063,28,2508666,0,460126,0,372270
2024-05-23,małopolskie,MA,1,421255,0,8063,21,2508687,1,460127,0,372270
2024-05-24,małopolskie,MA,2,421257,0,8063,23,2508710,2,460129,0,372270
2024-05-25,małopolskie,MA,1,421258,0,8063,24,2508734,1,460130,0,372270
2024-05-26,małopolskie,MA,2,421260,0,8063,10,2508744,2,460132,0,372270
2024-05-27,małopolskie,MA,0,421260,0,8063,8,2508752,0,460132,0,372270
2024-05-28,małopolskie,MA,2,421262,0,8063,19,2508771,2,460134,0,372270
2024-05-29,małopolskie,MA,0,421262,0,8063,15,2508786,0,460134,0,372270
2024-05-30,małopolskie,MA,2,421264,0,8063,13,2508799,2,460136,0,372270
2024-05-31,małopolskie,MA,0,421264,0,8063,10,2508809,0,460136,0,372270
2024-06-01,małopolskie,MA,1,421265,0,8063,12,2508821,1,460137,0,372270
2024-06-02,małopolskie,MA,0,421265,0,8063,10,2508831,0,460137,0,372270
2024-06-03,małopolskie,MA,0,421265,0,8063,2,2508833,0,460137,0,372270
2024-06-04,małopolskie,MA,4,421269,0,8063,37,2508870,4,460141,0,372270
2024-06-05,małopolskie,MA,0,421269,0,8063,20,2508890,0,460141,0,372270
2024-06-06,małopolskie,MA,0,421269,0,8063,15,2508905,1,460142,0,372270
2024-06-07,małopolskie,MA,0,421269,0,8063,33,2508938,0,460142,0,372270
2024-06-08,małopolskie,MA,3,421272,0,8063,18,2508956,3,460145,0,372270
2024-06-09,małopolskie,MA,0,421272,0,8063,7,2508963,0,460145,0,372270
2024-06-10,małopolskie,MA,0,421272,0,8063,4,2508967,0,460145,0,372270
2024-06-11,małopolskie,MA,5,421277,0,8063,34,2509001,5,460150,0,372270
2024-06-12,małopolskie,MA,5,421282,0,8063,39,2509040,5,460155,0,372270
2024-06-13,małopolskie,MA,3,421285,0,8063,26,2509066,3,460158,0,372270
2024-06-14,małopolskie,MA,2,421287,0,8063,24,2509090,2,460160,0,372270
2024-06-15,małopolskie,MA,2,421289,0,8063,22,2509112,2,460162,0,372270
2024-06-16,małopolskie,MA,0,421289,0,8063,7,2509119,0,460162,0,372270
2024-06-17,małopolskie,MA,0,421289,0,8063,1,2509120,0,460162,0,372270
2024-06-18,małopolskie,MA,6,421295,0,8063,18,2509138,6,460168,0,372270
2024-06-19,małopolskie,MA,6,421301,0,8063,36,2509174,6,460174,0,372270
2024-06-20,małopolskie,MA,4,421305,0,8063,10,2509184,4,460178,0,372270
2024-06-21,małopolskie,MA,3,421308,0,8063,16,2509200,3,460181,0,372270
2024-06-22,małopolskie,MA,9,421317,0,8063,23,2509223,10,460191,0,372270
2024-06-23,małopolskie,MA,0,421317,0,8063,4,2509227,0,460191,0,372270
2024-06-24,małopolskie,MA,0,421317,0,8063,2,2509229,0,460191,0,372270
2024-06-25,małopolskie,MA,9,421326,0,8063,21,2509250,9,460200,0,372270
2024-06-26,małopolskie,MA,5,421331,0,8063,21,2509271,5,460205,0,372270
2024-06-27,małopolskie,MA,6,421337,0,8063,16,2509287,6,460211,0,372270
2024-06-28,małopolskie,MA,12,421349,0,8063,25,2509312,12,460223,0,372270
2024-06-29,małopolskie,MA,6,421355,1,8064,23,2509335,6,460229,0,372270
2024-06-30,małopolskie,MA,1,421356,0,8064,8,2509343,1,460230,0,372270
2024-07-01,małopolskie,MA,1,421357,0,8064,7,2509350,1,460231,0,372270
2020-11-24,warmińsko-mazurskie,WN,476,476,31,31,1866,1866,522,522,0,0
2020-11-25,warmińsko-mazurskie,WN,860,1336,34,65,2348,4214,894,1416,0,0
2020-11-26,warmińsko-mazurskie,WN,1212,2548,22,87,2871,7085,1273,2689,0,0
2020-11-27,warmińsko-mazurskie,WN,1059,3607,30,117,2838,9923,1096,3785,0,0
2020-11-28,warmińsko-mazurskie,WN,951,4558,47,164,2641,12564,994,4779,0,0
2020-11-29,warmińsko-mazurskie,WN,616,5174,7,171,1494,14058,640,5419,0,0
2020-11-30,warmińsko-mazurskie,WN,328,5502,9,180,875,14933,339,5758,0,0
2020-12-01,warmińsko-mazurskie,WN,536,6038,36,216,2045,16978,596,6354,0,0
2020-12-02,warmińsko-mazurskie,WN,783,6821,31,247,2298,19276,828,7182,0,0
2020-12-03,warmińsko-mazurskie,WN,1057,7878,49,296,2865,22141,1096,8278,0,0
2020-12-04,warmińsko-mazurskie,WN,969,8847,27,323,2801,24942,1013,9291,0,0
2020-12-05,warmińsko-mazurskie,WN,760,9607,18,341,2493,27435,782,10073,0,0
2020-12-06,warmińsko-mazurskie,WN,695,10302,11,352,1631,29066,721,10794,0,0
2020-12-07,warmińsko-mazurskie,WN,222,10524,4,356,729,29795,227,11021,0,0
2020-12-08,warmińsko-mazurskie,WN,532,11056,27,383,2376,32171,665,11686,0,0
2020-12-09,warmińsko-mazurskie,WN,657,11713,21,404,2201,34372,694,12380,0,0
2020-12-10,warmińsko-mazurskie,WN,898,12611,30,434,2614,36986,935,13315,0,0
2020-12-11,warmińsko-mazurskie,WN,1201,13812,17,451,3289,40275,1247,14562,0,0
2020-12-12,warmińsko-mazurskie,WN,742,14554,26,477,2598,42873,780,15342,0,0
2020-12-13,warmińsko-mazurskie,WN,650,15204,30,507,1956,44829,667,16009,0,0
2020-12-14,warmińsko-mazurskie,WN,280,15484,1,508,1432,46261,304,16313,0,0
2020-12-15,warmińsko-mazurskie,WN,579,16063,23,531,2602,48863,644,16957,0,0
2020-12-16,warmińsko-mazurskie,WN,822,16885,31,562,2568,51431,868,17825,0,0
2020-12-17,warmińsko-mazurskie,WN,944,17829,27,589,2806,54237,986,18811,0,0
2020-12-18,warmińsko-mazurskie,WN,838,18667,19,608,2584,56821,876,19687,0,0
2020-12-19,warmińsko-mazurskie,WN,712,19379,36,644,2115,58936,744,20431,0,0
2020-12-20,warmińsko-mazurskie,WN,621,20000,1,645,1487,60423,648,21079,0,0
2020-12-21,warmińsko-mazurskie,WN,175,20175,1,646,640,61063,187,21266,0,0
2020-12-22,warmińsko-mazurskie,WN,586,20761,20,666,2300,63363,646,21912,0,0
2020-12-23,warmińsko-mazurskie,WN,986,21747,32,698,2420,65783,1016,22928,0,0
2020-12-24,warmińsko-mazurskie,WN,838,22585,33,731,2366,68149,864,23792,652,652
2020-12-25,warmińsko-mazurskie,WN,607,23192,0,731,1611,69760,648,24440,833,1485
2020-12-26,warmińsko-mazurskie,WN,315,23507,1,732,748,70508,331,24771,933,2418
2020-12-27,warmińsko-mazurskie,WN,188,23695,1,733,686,71194,198,24969,683,3101
2020-12-28,warmińsko-mazurskie,WN,136,23831,0,733,694,71888,155,25124,742,3843
2020-12-29,warmińsko-mazurskie,WN,765,24596,33,766,2487,74375,799,25923,688,4531
2020-12-30,warmińsko-mazurskie,WN,988,25584,15,781,3102,77477,1026,26949,229,4760
2020-12-31,warmińsko-mazurskie,WN,1061,26645,54,835,2714,80191,1110,28059,608,5368
2021-01-01,warmińsko-mazurskie,WN,825,27470,11,846,2363,82554,861,28920,1006,6374
2021-01-02,warmińsko-mazurskie,WN,321,27791,0,846,913,83467,343,29263,833,7207
2021-01-03,warmińsko-mazurskie,WN,376,28167,5,851,1119,84586,406,29669,499,7706
2021-01-04,warmińsko-mazurskie,WN,139,28306,8,859,722,85308,157,29826,393,8099
2021-01-05,warmińsko-mazurskie,WN,601,28907,30,889,2161,87469,640,30466,286,8385
2021-01-06,warmińsko-mazurskie,WN,1082,29989,15,904,2728,90197,1110,31576,220,8605
2021-01-08,warmińsko-mazurskie,WN,486,30475,26,930,2067,92264,518,32094,1039,9644
2021-01-09,warmińsko-mazurskie,WN,928,31403,27,957,2625,94889,976,33070,957,10601
2021-01-10,warmińsko-mazurskie,WN,515,31918,0,957,1384,96273,541,33611,774,11375
2021-01-11,warmińsko-mazurskie,WN,210,32128,3,960,870,97143,230,33841,320,11695
2021-01-12,warmińsko-mazurskie,WN,483,32611,23,983,3075,100218,522,34363,469,12164
2021-01-13,warmińsko-mazurskie,WN,626,33237,19,1002,3460,103678,673,35036,222,12386
2021-01-14,warmińsko-mazurskie,WN,690,33927,29,1031,4035,107713,733,35769,640,13026
2021-01-15,warmińsko-mazurskie,WN,420,34347,21,1052,3073,110786,451,36220,1100,14126
2021-01-16,warmińsko-mazurskie,WN,547,34894,28,1080,2970,113756,576,36796,647,14773
2021-01-17,warmińsko-mazurskie,WN,287,35181,2,1082,1710,115466,329,37125,541,15314
2021-01-18,warmińsko-mazurskie,WN,108,35289,0,1082,743,116209,123,37248,849,16163
2021-01-19,warmińsko-mazurskie,WN,354,35643,27,1109,1920,118129,382,37630,595,16758
2021-01-20,warmińsko-mazurskie,WN,549,36192,23,1132,2085,120214,571,38201,233,16991
2021-01-21,warmińsko-mazurskie,WN,415,36607,26,1158,1903,122117,443,38644,568,17559
2021-01-22,warmińsko-mazurskie,WN,476,37083,27,1185,1942,124059,500,39144,619,18178
2021-01-23,warmińsko-mazurskie,WN,361,37444,27,1212,1628,125687,385,39529,681,18859
2021-01-24,warmińsko-mazurskie,WN,170,37614,1,1213,770,126457,181,39710,477,19336
2021-01-25,warmińsko-mazurskie,WN,75,37689,0,1213,570,127027,84,39794,512,19848
2021-01-26,warmińsko-mazurskie,WN,383,38072,23,1236,1858,128885,406,40200,302,20150
2021-01-27,warmińsko-mazurskie,WN,435,38507,21,1257,1825,130710,454,40654,129,20279
2021-01-28,warmińsko-mazurskie,WN,413,38920,38,1295,1812,132522,433,41087,359,20638
2021-01-29,warmińsko-mazurskie,WN,442,39362,12,1307,1869,134391,465,41552,518,21156
2021-01-30,warmińsko-mazurskie,WN,326,39688,13,1320,1516,135907,345,41897,445,21601
2021-01-31,warmińsko-mazurskie,WN,248,39936,0,1320,935,136842,259,42156,462,22063
2021-02-01,warmińsko-mazurskie,WN,82,40018,0,1320,570,137412,90,42246,387,22450
2021-02-02,warmińsko-mazurskie,WN,377,40395,11,1331,2010,139422,410,42656,214,22664
2021-02-03,warmińsko-mazurskie,WN,460,40855,11,1342,1770,141192,478,43134,95,22759
2021-02-04,warmińsko-mazurskie,WN,483,41338,10,1352,1851,143043,498,43632,347,23106
2021-02-05,warmińsko-mazurskie,WN,394,41732,14,1366,1629,144672,409,44041,419,23525
2021-02-06,warmińsko-mazurskie,WN,439,42171,12,1378,1551,146223,454,44495,414,23939
2021-02-07,warmińsko-mazurskie,WN,214,42385,5,1383,919,147142,230,44725,434,24373
2021-02-08,warmińsko-mazurskie,WN,70,42455,1,1384,528,147670,77,44802,302,24675
2021-02-09,warmińsko-mazurskie,WN,491,42946,18,1402,2674,150344,517,45319,285,24960
2021-02-10,warmińsko-mazurskie,WN,607,43553,17,1419,2576,152920,625,45944,101,25061
2021-02-11,warmińsko-mazurskie,WN,494,44047,15,1434,2606,155526,513,46457,384,25445
2021-02-12,warmińsko-mazurskie,WN,534,44581,11,1445,1877,157403,556,47013,470,25915
2021-02-13,warmińsko-mazurskie,WN,503,45084,7,1452,2005,159408,528,47541,464,26379
2021-02-14,warmińsko-mazurskie,WN,221,45305,1,1453,900,160308,237,47778,369,26748
2021-02-15,warmińsko-mazurskie,WN,140,45445,0,1453,751,161059,153,47931,398,27146
2021-02-16,warmińsko-mazurskie,WN,616,46061,16,1469,2837,163896,647,48578,271,27417
2021-02-17,warmińsko-mazurskie,WN,795,46856,11,1480,2752,166648,826,49404,109,27526
2021-02-18,warmińsko-mazurskie,WN,774,47630,10,1490,2257,168905,803,50207,471,27997
2021-02-19,warmińsko-mazurskie,WN,732,48362,5,1495,2147,171052,760,50967,568,28565
2021-02-20,warmińsko-mazurskie,WN,736,49098,15,1510,2199,173251,769,51736,530,29095
2021-02-21,warmińsko-mazurskie,WN,364,49462,0,1510,1178,174429,379,52115,504,29599
2021-02-22,warmińsko-mazurskie,WN,158,49620,1,1511,646,175075,174,52289,474,30073
2021-02-23,warmińsko-mazurskie,WN,725,50345,11,1522,2211,177286,754,53043,247,30320
2021-02-24,warmińsko-mazurskie,WN,970,51315,19,1541,2834,180120,1007,54050,194,30514
2021-02-25,warmińsko-mazurskie,WN,810,52125,22,1563,2284,182404,835,54885,661,31175
2021-02-26,warmińsko-mazurskie,WN,960,53085,11,1574,2418,184822,990,55875,725,31900
2021-02-27,warmińsko-mazurskie,WN,943,54028,11,1585,2550,187372,968,56843,749,32649
2021-02-28,warmińsko-mazurskie,WN,593,54621,1,1586,1612,188984,620,57463,699,33348
2021-03-01,warmińsko-mazurskie,WN,197,54818,0,1586,748,189732,214,57677,712,34060
2021-03-02,warmińsko-mazurskie,WN,924,55742,13,1599,2611,192343,985,58662,449,34509
2021-03-03,warmińsko-mazurskie,WN,1132,56874,13,1612,3015,195358,1187,59849,208,34717
2021-03-04,warmińsko-mazurskie,WN,831,57705,17,1629,2425,197783,866,60715,735,35452
2021-03-05,warmińsko-mazurskie,WN,1083,58788,10,1639,2793,200576,1126,61841,872,36324
2021-03-06,warmińsko-mazurskie,WN,1129,59917,19,1658,2907,203483,1165,63006,894,37218
2021-03-07,warmińsko-mazurskie,WN,706,60623,1,1659,1882,205365,733,63739,947,38165
2021-03-08,warmińsko-mazurskie,WN,202,60825,2,1661,836,206201,229,63968,901,39066
2021-03-09,warmińsko-mazurskie,WN,835,61660,21,1682,2636,208837,876,64844,550,39616
2021-03-10,warmińsko-mazurskie,WN,1272,62932,25,1707,3484,212321,1375,66219,250,39866
2021-03-11,warmińsko-mazurskie,WN,999,63931,23,1730,2761,215082,1025,67244,995,40861
2021-03-12,warmińsko-mazurskie,WN,969,64900,22,1752,2918,218000,1006,68250,1045,41906
2021-03-13,warmińsko-mazurskie,WN,1115,66015,15,1767,2890,220890,1149,69399,1007,42913
2021-03-14,warmińsko-mazurskie,WN,759,66774,2,1769,2039,222929,789,70188,1022,43935
2021-03-15,warmińsko-mazurskie,WN,271,67045,1,1770,902,223831,286,70474,1017,44952
2021-03-16,warmińsko-mazurskie,WN,1003,68048,40,1810,2894,226725,1060,71534,706,45658
2021-03-17,warmińsko-mazurskie,WN,1097,69145,18,1828,3084,229809,1142,72676,291,45949
2021-03-18,warmińsko-mazurskie,WN,1109,70254,21,1849,2952,232761,1131,73807,1002,46951
2021-03-19,warmińsko-mazurskie,WN,1002,71256,27,1876,3015,235776,1055,74862,1144,48095
2021-03-20,warmińsko-mazurskie,WN,869,72125,13,1889,2806,238582,906,75768,1196,49291
2021-03-21,warmińsko-mazurskie,WN,605,72730,4,1893,1790,240372,642,76410,877,50168
2021-03-22,warmińsko-mazurskie,WN,310,73040,0,1893,1094,241466,328,76738,1008,51176
2021-03-23,warmińsko-mazurskie,WN,894,73934,24,1917,3062,244528,955,77693,795,51971
2021-03-24,warmińsko-mazurskie,WN,1155,75089,27,1944,3766,248294,1196,78889,298,52269
2021-03-25,warmińsko-mazurskie,WN,1082,76171,16,1960,3200,251494,1124,80013,965,53234
2021-03-26,warmińsko-mazurskie,WN,1067,77238,12,1972,3242,254736,1108,81121,1155,54389
2021-03-27,warmińsko-mazurskie,WN,760,77998,24,1996,2673,257409,800,81921,1197,55586
2021-03-28,warmińsko-mazurskie,WN,885,78883,0,1996,2643,260052,916,82837,903,56489
2021-03-29,warmińsko-mazurskie,WN,249,79132,0,1996,871,260923,260,83097,900,57389
2021-03-30,warmińsko-mazurskie,WN,786,79918,34,2030,2818,263741,824,83921,631,58020
2021-03-31,warmińsko-mazurskie,WN,908,80826,21,2051,3371,267112,958,84879,340,58360
2021-04-01,warmińsko-mazurskie,WN,935,81761,32,2083,3142,270254,970,85849,990,59350
2021-04-02,warmińsko-mazurskie,WN,662,82423,18,2101,2551,272805,706,86555,1063,60413
2021-04-03,warmińsko-mazurskie,WN,742,83165,20,2121,2682,275487,779,87334,1170,61583
2021-04-04,warmińsko-mazurskie,WN,502,83667,1,2122,1744,277231,527,87861,1034,62617
2021-04-05,warmińsko-mazurskie,WN,127,83794,0,2122,756,277987,136,87997,957,63574
2021-04-06,warmińsko-mazurskie,WN,125,83919,0,2122,864,278851,140,88137,639,64213
2021-04-07,warmińsko-mazurskie,WN,532,84451,30,2152,3069,281920,573,88710,350,64563
2021-04-08,warmińsko-mazurskie,WN,625,85076,33,2185,3084,285004,654,89364,893,65456
2021-04-09,warmińsko-mazurskie,WN,734,85810,11,2196,3378,288382,780,90144,913,66369
2021-04-10,warmińsko-mazurskie,WN,702,86512,22,2218,3438,291820,739,90883,867,67236
2021-04-11,warmińsko-mazurskie,WN,409,86921,8,2226,2309,294129,425,91308,721,67957
2021-04-12,warmińsko-mazurskie,WN,230,87151,1,2227,1259,295388,246,91554,730,68687
2021-04-13,warmińsko-mazurskie,WN,490,87641,19,2246,2914,298302,524,92078,460,69147
2021-04-14,warmińsko-mazurskie,WN,610,88251,18,2264,3010,301312,642,92720,168,69315
2021-04-15,warmińsko-mazurskie,WN,520,88771,12,2276,2550,303862,543,93263,190,69505
2021-04-16,warmińsko-mazurskie,WN,481,89252,6,2282,2518,306380,499,93762,642,70147
2021-04-17,warmińsko-mazurskie,WN,354,89606,24,2306,2058,308438,381,94143,713,70860
2021-04-18,warmińsko-mazurskie,WN,256,89862,0,2306,1521,309959,270,94413,659,71519
2021-04-19,warmińsko-mazurskie,WN,103,89965,2,2308,1046,311005,117,94530,643,72162
2021-04-20,warmińsko-mazurskie,WN,306,90271,24,2332,2262,313267,334,94864,409,72571
2021-04-21,warmińsko-mazurskie,WN,336,90607,9,2341,2712,315979,358,95222,239,72810
2021-04-22,warmińsko-mazurskie,WN,278,90885,9,2350,1979,317958,297,95519,590,73400
2021-04-23,warmińsko-mazurskie,WN,271,91156,13,2363,1847,319805,285,95804,539,73939
2021-04-24,warmińsko-mazurskie,WN,203,91359,15,2378,1850,321655,225,96029,531,74470
2021-04-25,warmińsko-mazurskie,WN,152,91511,0,2378,1396,323051,163,96192,431,74901
2021-04-26,warmińsko-mazurskie,WN,58,91569,0,2378,775,323826,65,96257,370,75271
2021-04-27,warmińsko-mazurskie,WN,153,91722,14,2392,2090,325916,177,96434,292,75563
2021-04-28,warmińsko-mazurskie,WN,209,91931,11,2403,1962,327878,221,96655,121,75684
2021-04-29,warmińsko-mazurskie,WN,272,92203,19,2422,2246,330124,288,96943,320,76004
2021-04-30,warmińsko-mazurskie,WN,142,92345,12,2434,1864,331988,160,97103,347,76351
2021-05-01,warmińsko-mazurskie,WN,163,92508,4,2438,1704,333692,175,97278,299,76650
2021-05-02,warmińsko-mazurskie,WN,75,92583,0,2438,1142,334834,78,97356,281,76931
2021-05-03,warmińsko-mazurskie,WN,47,92630,2,2440,787,335621,56,97412,199,77130
2021-05-04,warmińsko-mazurskie,WN,55,92685,0,2440,783,336404,58,97470,132,77262
2021-05-05,warmińsko-mazurskie,WN,104,92789,16,2456,1823,338227,111,97581,93,77355
2021-05-06,warmińsko-mazurskie,WN,180,92969,10,2466,2326,340553,195,97776,176,77531
2021-05-07,warmińsko-mazurskie,WN,152,93121,10,2476,2139,342692,164,97940,262,77793
2021-05-08,warmińsko-mazurskie,WN,149,93270,9,2485,1927,344619,164,98104,207,78000
2021-05-09,warmińsko-mazurskie,WN,62,93332,0,2485,1419,346038,72,98176,148,78148
2021-05-10,warmińsko-mazurskie,WN,41,93373,0,2485,980,347018,50,98226,169,78317
2021-05-11,warmińsko-mazurskie,WN,114,93487,5,2490,2256,349274,130,98356,82,78399
2021-05-12,warmińsko-mazurskie,WN,125,93612,10,2500,2167,351441,143,98499,48,78447
2021-05-13,warmińsko-mazurskie,WN,104,93716,3,2503,1895,353336,121,98620,59,78506
2021-05-14,warmińsko-mazurskie,WN,92,93808,9,2512,1898,355234,107,98727,119,78625
2021-05-15,warmińsko-mazurskie,WN,73,93881,3,2515,1586,356820,90,98817,174,78799
2021-05-16,warmińsko-mazurskie,WN,31,93912,0,2515,1227,358047,33,98850,141,78940
2021-05-17,warmińsko-mazurskie,WN,20,93932,0,2515,749,358796,23,98873,151,79091
2021-05-18,warmińsko-mazurskie,WN,69,94001,1,2516,1989,360785,77,98950,68,79159
2021-05-19,warmińsko-mazurskie,WN,70,94071,32,2548,1817,362602,80,99030,55,79214
2021-05-20,warmińsko-mazurskie,WN,48,94119,4,2552,1644,364246,51,99081,110,79324
2021-05-21,warmińsko-mazurskie,WN,44,94163,9,2561,1740,365986,51,99132,118,79442
2021-05-22,warmińsko-mazurskie,WN,35,94198,9,2570,1648,367634,44,99176,102,79544
2021-05-23,warmińsko-mazurskie,WN,21,94219,2,2572,989,368623,24,99200,98,79642
2021-05-24,warmińsko-mazurskie,WN,13,94232,2,2574,871,369494,14,99214,78,79720
2021-05-25,warmińsko-mazurskie,WN,31,94263,9,2583,1986,371480,46,99260,35,79755
2021-05-26,warmińsko-mazurskie,WN,33,94296,8,2591,1837,373317,41,99301,25,79780
2021-05-27,warmińsko-mazurskie,WN,37,94333,5,2596,2013,375330,52,99353,78,79858
2021-05-28,warmińsko-mazurskie,WN,21,94354,2,2598,1717,377047,23,99376,73,79931
2021-05-29,warmińsko-mazurskie,WN,24,94378,6,2604,1891,378938,26,99402,48,79979
2021-05-30,warmińsko-mazurskie,WN,14,94392,1,2605,984,379922,15,99417,43,80022
2021-05-31,warmińsko-mazurskie,WN,9,94401,0,2605,747,380669,11,99428,32,80054
2021-06-01,warmińsko-mazurskie,WN,22,94423,3,2608,2096,382765,27,99455,23,80077
2021-06-02,warmińsko-mazurskie,WN,14,94437,6,2614,1798,384563,19,99474,15,80092
2021-06-03,warmińsko-mazurskie,WN,11,94448,1,2615,1472,386035,25,99499,42,80134
2021-06-04,warmińsko-mazurskie,WN,8,94456,0,2615,709,386744,10,99509,33,80167
2021-06-05,warmińsko-mazurskie,WN,17,94473,1,2616,1494,388238,20,99529,28,80195
2021-06-06,warmińsko-mazurskie,WN,11,94484,0,2616,1021,389259,14,99543,24,80219
2021-06-07,warmińsko-mazurskie,WN,3,94487,0,2616,698,389957,8,99551,23,80242
2021-06-08,warmińsko-mazurskie,WN,13,94500,5,2621,2164,392121,20,99571,17,80259
2021-06-09,warmińsko-mazurskie,WN,15,94515,5,2626,1723,393844,20,99591,7,80266
2021-06-10,warmińsko-mazurskie,WN,10,94525,2,2628,1376,395220,12,99603,20,80286
2021-06-11,warmińsko-mazurskie,WN,9,94534,4,2632,1502,396722,13,99616,15,80301
2021-06-12,warmińsko-mazurskie,WN,5,94539,2,2634,1468,398190,8,99624,15,80316
2021-06-13,warmińsko-mazurskie,WN,5,94544,0,2634,926,399116,5,99629,10,80326
2021-06-14,warmińsko-mazurskie,WN,4,94548,0,2634,741,399857,4,99633,12,80338
2021-06-15,warmińsko-mazurskie,WN,9,94557,1,2635,1797,401654,16,99649,12,80350
2021-06-16,warmińsko-mazurskie,WN,2,94559,1,2636,1501,403155,7,99656,8,80358
2021-06-17,warmińsko-mazurskie,WN,4,94563,1,2637,1398,404553,7,99663,18,80376
2021-06-18,warmińsko-mazurskie,WN,4,94567,2,2639,1282,405835,6,99669,19,80395
2021-06-19,warmińsko-mazurskie,WN,3,94570,1,2640,1408,407243,8,99677,8,80403
2021-06-20,warmińsko-mazurskie,WN,1,94571,0,2640,710,407953,1,99678,12,80415
2021-06-21,warmińsko-mazurskie,WN,2,94573,0,2640,627,408580,3,99681,5,80420
2021-06-22,warmińsko-mazurskie,WN,9,94582,0,2640,2228,410808,13,99694,5,80425
2021-06-23,warmińsko-mazurskie,WN,4,94586,1,2641,1660,412468,7,99701,6,80431
2021-06-24,warmińsko-mazurskie,WN,6,94592,2,2643,1489,413957,7,99708,7,80438
2021-06-25,warmińsko-mazurskie,WN,6,94598,0,2643,1076,415033,9,99717,4,80442
2021-06-26,warmińsko-mazurskie,WN,5,94603,0,2643,1254,416287,7,99724,6,80448
2021-06-27,warmińsko-mazurskie,WN,0,94603,0,2643,655,416942,0,99724,4,80452
2021-06-28,warmińsko-mazurskie,WN,1,94604,0,2643,466,417408,1,99725,3,80455
2021-06-29,warmińsko-mazurskie,WN,4,94608,1,2644,2136,419544,6,99731,2,80457
2021-06-30,warmińsko-mazurskie,WN,3,94611,1,2645,1470,421014,5,99736,3,80460
2021-07-01,warmińsko-mazurskie,WN,3,94614,2,2647,1298,422312,4,99740,12,80472
2021-07-02,warmińsko-mazurskie,WN,3,94617,2,2649,1227,423539,4,99744,5,80477
2021-07-03,warmińsko-mazurskie,WN,4,94621,0,2649,1349,424888,4,99748,4,80481
2021-07-04,warmińsko-mazurskie,WN,2,94623,0,2649,770,425658,3,99751,7,80488
2021-07-05,warmińsko-mazurskie,WN,3,94626,0,2649,580,426238,6,99757,6,80494
2021-07-06,warmińsko-mazurskie,WN,7,94633,1,2650,1692,427930,8,99765,1,80495
2021-07-07,warmińsko-mazurskie,WN,7,94640,0,2650,1507,429437,20,99785,1,80496
2021-07-08,warmińsko-mazurskie,WN,13,94653,0,2650,1455,430892,25,99810,3,80499
2021-07-09,warmińsko-mazurskie,WN,0,94653,0,2650,1163,432055,2,99812,6,80505
2021-07-10,warmińsko-mazurskie,WN,4,94657,0,2650,1529,433584,5,99817,3,80508
2021-07-11,warmińsko-mazurskie,WN,1,94658,0,2650,764,434348,3,99820,3,80511
2021-07-12,warmińsko-mazurskie,WN,3,94661,0,2650,649,434997,3,99823,4,80515
2021-07-13,warmińsko-mazurskie,WN,3,94664,0,2650,1618,436615,3,99826,2,80517
2021-07-14,warmińsko-mazurskie,WN,4,94668,0,2650,1286,437901,4,99830,4,80521
2021-07-15,warmińsko-mazurskie,WN,0,94668,0,2650,1342,439243,0,99830,4,80525
2021-07-16,warmińsko-mazurskie,WN,3,94671,2,2652,1034,440277,4,99834,7,80532
2021-07-17,warmińsko-mazurskie,WN,3,94674,0,2652,1398,441675,4,99838,2,80534
2021-07-18,warmińsko-mazurskie,WN,0,94674,0,2652,741,442416,0,99838,1,80535
2021-07-19,warmińsko-mazurskie,WN,1,94675,0,2652,533,442949,1,99839,3,80538
2021-07-20,warmińsko-mazurskie,WN,3,94678,0,2652,1577,444526,3,99842,4,80542
2021-07-21,warmińsko-mazurskie,WN,3,94681,0,2652,1221,445747,6,99848,3,80545
2021-07-22,warmińsko-mazurskie,WN,3,94684,0,2652,1331,447078,4,99852,3,80548
2021-07-23,warmińsko-mazurskie,WN,3,94687,0,2652,1079,448157,4,99856,5,80553
2021-07-24,warmińsko-mazurskie,WN,5,94692,0,2652,1279,449436,8,99864,1,80554
2021-07-25,warmińsko-mazurskie,WN,1,94693,0,2652,772,450208,2,99866,3,80557
2021-07-26,warmińsko-mazurskie,WN,2,94695,0,2652,588,450796,2,99868,2,80559
2021-07-27,warmińsko-mazurskie,WN,6,94701,0,2652,1532,452328,7,99875,3,80562
2021-07-28,warmińsko-mazurskie,WN,7,94708,0,2652,1209,453537,11,99886,0,80562
2021-07-29,warmińsko-mazurskie,WN,7,94715,0,2652,1256,454793,10,99896,4,80566
2021-07-30,warmińsko-mazurskie,WN,5,94720,0,2652,1072,455865,6,99902,7,80573
2021-07-31,warmińsko-mazurskie,WN,8,94728,1,2653,1379,457244,10,99912,5,80578
2021-08-01,warmińsko-mazurskie,WN,3,94731,0,2653,714,457958,4,99916,5,80583
2021-08-02,warmińsko-mazurskie,WN,3,94734,0,2653,653,458611,5,99921,6,80589
2021-08-03,warmińsko-mazurskie,WN,5,94739,0,2653,1610,460221,5,99926,3,80592
2021-08-04,warmińsko-mazurskie,WN,2,94741,1,2654,1244,461465,4,99930,1,80593
2021-08-05,warmińsko-mazurskie,WN,3,94744,1,2655,1416,462881,3,99933,8,80601
2021-08-06,warmińsko-mazurskie,WN,2,94746,0,2655,1145,464026,2,99935,4,80605
2021-08-07,warmińsko-mazurskie,WN,4,94750,0,2655,1556,465582,6,99941,7,80612
2021-08-08,warmińsko-mazurskie,WN,8,94758,0,2655,853,466435,10,99951,4,80616
2021-08-09,warmińsko-mazurskie,WN,4,94762,0,2655,738,467173,5,99956,10,80626
2021-08-10,warmińsko-mazurskie,WN,8,94770,0,2655,1504,468677,13,99969,6,80632
2021-08-11,warmińsko-mazurskie,WN,12,94782,0,2655,1277,469954,13,99982,6,80638
2021-08-12,warmińsko-mazurskie,WN,6,94788,0,2655,1397,471351,6,99988,4,80642
2021-08-13,warmińsko-mazurskie,WN,5,94793,0,2655,1176,472527,8,99996,6,80648
2021-08-14,warmińsko-mazurskie,WN,1,94794,0,2655,1636,474163,3,99999,4,80652
2021-08-15,warmińsko-mazurskie,WN,7,94801,0,2655,909,475072,8,100007,3,80655
2021-08-16,warmińsko-mazurskie,WN,4,94805,0,2655,729,475801,4,100011,6,80661
2021-08-17,warmińsko-mazurskie,WN,7,94812,0,2655,1667,477468,8,100019,8,80669
2021-08-18,warmińsko-mazurskie,WN,9,94821,0,2655,1292,478760,9,100028,6,80675
2021-08-19,warmińsko-mazurskie,WN,5,94826,0,2655,1434,480194,6,100034,9,80684
2021-08-20,warmińsko-mazurskie,WN,8,94834,0,2655,1197,481391,10,100044,9,80693
2021-08-21,warmińsko-mazurskie,WN,10,94844,0,2655,1645,483036,14,100058,7,80700
2021-08-22,warmińsko-mazurskie,WN,6,94850,0,2655,818,483854,7,100065,6,80706
2021-08-23,warmińsko-mazurskie,WN,1,94851,0,2655,704,484558,1,100066,4,80710
2021-08-24,warmińsko-mazurskie,WN,6,94857,3,2658,1575,486133,8,100074,12,80722
2021-08-25,warmińsko-mazurskie,WN,11,94868,1,2659,1372,487505,12,100086,4,80726
2021-08-26,warmińsko-mazurskie,WN,9,94877,0,2659,1493,488998,10,100096,7,80733
2021-08-27,warmińsko-mazurskie,WN,7,94884,0,2659,1157,490155,7,100103,15,80748
2021-08-28,warmińsko-mazurskie,WN,5,94889,0,2659,1392,491547,6,100109,2,80750
2021-08-29,warmińsko-mazurskie,WN,3,94892,0,2659,737,492284,4,100113,8,80758
2021-08-30,warmińsko-mazurskie,WN,0,94892,0,2659,624,492908,0,100113,11,80769
2021-08-31,warmińsko-mazurskie,WN,9,94901,0,2659,1474,494382,10,100123,8,80777
2021-09-01,warmińsko-mazurskie,WN,12,94913,1,2660,1236,495618,14,100137,1,80778
2021-09-02,warmińsko-mazurskie,WN,8,94921,0,2660,1467,497085,8,100145,6,80784
2021-09-03,warmińsko-mazurskie,WN,7,94928,1,2661,1217,498302,8,100153,12,80796
2021-09-04,warmińsko-mazurskie,WN,12,94940,0,2661,1340,499642,13,100166,9,80805
2021-09-05,warmińsko-mazurskie,WN,3,94943,0,2661,783,500425,3,100169,6,80811
2021-09-06,warmińsko-mazurskie,WN,3,94946,0,2661,589,501014,3,100172,7,80818
2021-09-07,warmińsko-mazurskie,WN,24,94970,0,2661,1536,502550,26,100198,3,80821
2021-09-08,warmińsko-mazurskie,WN,20,94990,0,2661,1345,503895,23,100221,0,80821
2021-09-09,warmińsko-mazurskie,WN,14,95004,0,2661,1286,505181,17,100238,9,80830
2021-09-10,warmińsko-mazurskie,WN,23,95027,0,2661,1343,506524,24,100262,12,80842
2021-09-11,warmińsko-mazurskie,WN,16,95043,0,2661,1379,507903,21,100283,7,80849
2021-09-12,warmińsko-mazurskie,WN,5,95048,0,2661,774,508677,6,100289,10,80859
2021-09-13,warmińsko-mazurskie,WN,8,95056,0,2661,593,509270,9,100298,11,80870
2021-09-14,warmińsko-mazurskie,WN,22,95078,1,2662,1699,510969,22,100320,2,80872
2021-09-15,warmińsko-mazurskie,WN,27,95105,0,2662,1375,512344,29,100349,0,80872
2021-09-16,warmińsko-mazurskie,WN,20,95125,1,2663,1382,513726,22,100371,21,80893
2021-09-17,warmińsko-mazurskie,WN,20,95145,0,2663,1046,514772,20,100391,22,80915
2021-09-18,warmińsko-mazurskie,WN,28,95173,0,2663,1517,516289,31,100422,14,80929
2021-09-19,warmińsko-mazurskie,WN,11,95184,0,2663,704,516993,12,100434,19,80948
2021-09-20,warmińsko-mazurskie,WN,6,95190,0,2663,556,517549,8,100442,15,80963
2021-09-21,warmińsko-mazurskie,WN,33,95223,0,2663,1641,519190,38,100480,4,80967
2021-09-22,warmińsko-mazurskie,WN,43,95266,1,2664,1407,520597,47,100527,10,80977
2021-09-23,warmińsko-mazurskie,WN,40,95306,0,2664,1420,522017,45,100572,20,80997
2021-09-24,warmińsko-mazurskie,WN,23,95329,0,2664,1095,523112,23,100595,22,81019
2021-09-25,warmińsko-mazurskie,WN,43,95372,1,2665,1473,524585,47,100642,18,81037
2021-09-26,warmińsko-mazurskie,WN,16,95388,0,2665,771,525356,16,100658,20,81057
2021-09-27,warmińsko-mazurskie,WN,11,95399,0,2665,584,525940,12,100670,24,81081
2021-09-28,warmińsko-mazurskie,WN,38,95437,1,2666,1671,527611,42,100712,15,81096
2021-09-29,warmińsko-mazurskie,WN,48,95485,0,2666,1356,528967,54,100766,10,81106
2021-09-30,warmińsko-mazurskie,WN,39,95524,0,2666,1341,530308,42,100808,35,81141
2021-10-01,warmińsko-mazurskie,WN,48,95572,1,2667,1434,531742,50,100858,43,81184
2021-10-02,warmińsko-mazurskie,WN,61,95633,1,2668,1577,533319,82,100940,40,81224
2021-10-03,warmińsko-mazurskie,WN,23,95656,0,2668,791,534110,29,100969,29,81253
2021-10-04,warmińsko-mazurskie,WN,19,95675,0,2668,577,534687,27,100996,42,81295
2021-10-05,warmińsko-mazurskie,WN,56,95731,0,2668,1697,536384,65,101061,19,81314
2021-10-06,warmińsko-mazurskie,WN,70,95801,0,2668,1419,537803,80,101141,18,81332
2021-10-07,warmińsko-mazurskie,WN,48,95849,1,2669,1439,539242,52,101193,38,81370
2021-10-08,warmińsko-mazurskie,WN,53,95902,2,2671,1204,540446,60,101253,52,81422
2021-10-09,warmińsko-mazurskie,WN,83,95985,0,2671,1433,541879,86,101339,40,81462
2021-10-10,warmińsko-mazurskie,WN,34,96019,0,2671,603,542482,36,101375,40,81502
2021-10-11,warmińsko-mazurskie,WN,20,96039,0,2671,548,543030,29,101404,61,81563
2021-10-12,warmińsko-mazurskie,WN,92,96131,5,2676,1750,544780,102,101506,29,81592
2021-10-13,warmińsko-mazurskie,WN,109,96240,1,2677,1543,546323,117,101623,26,81618
2021-10-14,warmińsko-mazurskie,WN,82,96322,3,2680,1829,548152,87,101710,52,81670
2021-10-15,warmińsko-mazurskie,WN,103,96425,0,2680,1497,549649,109,101819,74,81744
2021-10-16,warmińsko-mazurskie,WN,85,96510,1,2681,1505,551154,96,101915,46,81790
2021-10-17,warmińsko-mazurskie,WN,53,96563,0,2681,672,551826,67,101982,55,81845
2021-10-18,warmińsko-mazurskie,WN,24,96587,0,2681,642,552468,29,102011,79,81924
2021-10-19,warmińsko-mazurskie,WN,149,96736,5,2686,2000,554468,161,102172,39,81963
2021-10-20,warmińsko-mazurskie,WN,179,96915,1,2687,1785,556253,198,102370,25,81988
2021-10-21,warmińsko-mazurskie,WN,180,97095,1,2688,1942,558195,205,102575,111,82099
2021-10-22,warmińsko-mazurskie,WN,178,97273,1,2689,1597,559792,197,102772,93,82192
2021-10-23,warmińsko-mazurskie,WN,219,97492,6,2695,2088,561880,250,103022,79,82271
2021-10-24,warmińsko-mazurskie,WN,134,97626,0,2695,875,562755,149,103171,102,82373
2021-10-25,warmińsko-mazurskie,WN,65,97691,0,2695,632,563387,81,103252,81,82454
2021-10-26,warmińsko-mazurskie,WN,298,97989,4,2699,2460,565847,315,103567,60,82514
2021-10-27,warmińsko-mazurskie,WN,317,98306,6,2705,2130,567977,337,103904,29,82543
2021-10-28,warmińsko-mazurskie,WN,340,98646,4,2709,2322,570299,357,104261,140,82683
2021-10-29,warmińsko-mazurskie,WN,340,98986,2,2711,1943,572242,356,104617,158,82841
2021-10-30,warmińsko-mazurskie,WN,347,99333,4,2715,2428,574670,364,104981,203,83044
2021-10-31,warmińsko-mazurskie,WN,173,99506,0,2715,918,575588,188,105169,166,83210
2021-11-01,warmińsko-mazurskie,WN,146,99652,0,2715,832,576420,164,105333,256,83466
2021-11-02,warmińsko-mazurskie,WN,134,99786,0,2715,819,577239,148,105481,106,83572
2021-11-03,warmińsko-mazurskie,WN,439,100225,8,2723,2725,579964,463,105944,70,83642
2021-11-04,warmińsko-mazurskie,WN,673,100898,11,2734,3305,583269,706,106650,307,83949
2021-11-05,warmińsko-mazurskie,WN,614,101512,4,2738,3165,586434,648,107298,312,84261
2021-11-06,warmińsko-mazurskie,WN,556,102068,4,2742,2748,589182,592,107890,329,84590
2021-11-07,warmińsko-mazurskie,WN,411,102479,2,2744,1536,590718,448,108338,331,84921
2021-11-08,warmińsko-mazurskie,WN,231,102710,1,2745,1055,591773,242,108580,349,85270
2021-11-09,warmińsko-mazurskie,WN,607,103317,11,2756,3063,594836,646,109226,225,85495
2021-11-10,warmińsko-mazurskie,WN,697,104014,10,2766,2868,597704,723,109949,133,85628
2021-11-11,warmińsko-mazurskie,WN,832,104846,5,2771,3379,601083,874,110823,160,85788
2021-11-12,warmińsko-mazurskie,WN,269,105115,0,2771,1084,602167,282,111105,430,86218
2021-11-13,warmińsko-mazurskie,WN,585,105700,12,2783,2871,605038,623,111728,682,86900
2021-11-14,warmińsko-mazurskie,WN,433,106133,2,2785,1473,606511,463,112191,623,87523
2021-11-15,warmińsko-mazurskie,WN,297,106430,0,2785,1081,607592,312,112503,624,88147
2021-11-16,warmińsko-mazurskie,WN,787,107217,10,2795,3556,611148,840,113343,359,88506
2021-11-17,warmińsko-mazurskie,WN,790,108007,8,2803,3590,614738,1214,114557,232,88738
2021-11-18,warmińsko-mazurskie,WN,910,108917,14,2817,3609,618347,966,115523,612,89350
2021-11-19,warmińsko-mazurskie,WN,858,109775,22,2839,3464,621811,908,116431,710,90060
2021-11-20,warmińsko-mazurskie,WN,785,110560,8,2847,3547,625358,844,117275,831,90891
2021-11-21,warmińsko-mazurskie,WN,597,111157,0,2847,1920,627278,639,117914,273,91164
2021-11-22,warmińsko-mazurskie,WN,327,111484,0,2847,1371,628649,352,118266,561,91725
2021-11-23,warmińsko-mazurskie,WN,817,112301,16,2863,4077,632726,895,119161,492,92217
2021-11-24,warmińsko-mazurskie,WN,980,113281,22,2885,4028,636754,1060,120221,301,92518
2021-11-25,warmińsko-mazurskie,WN,971,114252,11,2896,4091,640845,1050,121271,762,93280
2021-11-26,warmińsko-mazurskie,WN,916,115168,7,2903,3933,644778,975,122246,805,94085
2021-11-27,warmińsko-mazurskie,WN,977,116145,11,2914,3938,648716,1044,123290,986,95071
2021-11-28,warmińsko-mazurskie,WN,548,116693,0,2914,1773,650489,592,123882,831,95902
2021-11-29,warmińsko-mazurskie,WN,328,117021,0,2914,1287,651776,364,124246,779,96681
2021-11-30,warmińsko-mazurskie,WN,908,117929,34,2948,3894,655670,987,125233,626,97307
2021-12-01,warmińsko-mazurskie,WN,1095,119024,31,2979,4701,660371,1172,126405,351,97658
2021-12-02,warmińsko-mazurskie,WN,926,119950,11,2990,3704,664075,994,127399,841,98499
2021-12-03,warmińsko-mazurskie,WN,1017,120967,18,3008,3873,667948,1093,128492,973,99472
2021-12-04,warmińsko-mazurskie,WN,899,121866,18,3026,3777,671725,947,129439,1004,100476
2021-12-05,warmińsko-mazurskie,WN,712,122578,1,3027,2216,673941,756,130195,894,101370
2021-12-06,warmińsko-mazurskie,WN,327,122905,2,3029,1299,675240,356,130551,950,102320
2021-12-07,warmińsko-mazurskie,WN,901,123806,25,3054,4377,679617,985,131536,610,102930
2021-12-08,warmińsko-mazurskie,WN,1218,125024,37,3091,4708,684325,1290,132826,347,103277
2021-12-09,warmińsko-mazurskie,WN,973,125997,20,3111,4042,688367,1036,133862,1010,104287
2021-12-10,warmińsko-mazurskie,WN,914,126911,13,3124,4022,692389,1010,134872,1033,105320
2021-12-11,warmińsko-mazurskie,WN,886,127797,15,3139,3595,695984,970,135842,1029,106349
2021-12-12,warmińsko-mazurskie,WN,628,128425,7,3146,2281,698265,661,136503,1023,107372
2021-12-13,warmińsko-mazurskie,WN,326,128751,2,3148,1347,699612,387,136890,886,108258
2021-12-14,warmińsko-mazurskie,WN,588,129339,26,3174,3521,703133,631,137521,735,108993
2021-12-15,warmińsko-mazurskie,WN,935,130274,25,3199,4155,707288,998,138519,367,109360
2021-12-16,warmińsko-mazurskie,WN,998,131272,24,3223,4205,711493,1068,139587,1009,110369
2021-12-17,warmińsko-mazurskie,WN,653,131925,17,3240,3668,715161,710,140297,1134,111503
2021-12-18,warmińsko-mazurskie,WN,792,132717,16,3256,3872,719033,867,141164,994,112497
2021-12-19,warmińsko-mazurskie,WN,457,133174,0,3256,1877,720910,489,141653,951,113448
2021-12-20,warmińsko-mazurskie,WN,246,133420,0,3256,1321,722231,267,141920,894,114342
2021-12-21,warmińsko-mazurskie,WN,590,134010,29,3285,3954,726185,631,142551,660,115002
2021-12-22,warmińsko-mazurskie,WN,633,134643,32,3317,3567,729752,683,143234,369,115371
2021-12-23,warmińsko-mazurskie,WN,568,135211,30,3347,3382,733134,637,143871,832,116203
2021-12-24,warmińsko-mazurskie,WN,460,135671,27,3374,2861,735995,500,144371,936,117139
2021-12-25,warmińsko-mazurskie,WN,363,136034,7,3381,1798,737793,398,144769,854,117993
2021-12-26,warmińsko-mazurskie,WN,160,136194,2,3383,964,738757,179,144948,687,118680
2021-12-27,warmińsko-mazurskie,WN,135,136329,0,3383,972,739729,149,145097,757,119437
2021-12-28,warmińsko-mazurskie,WN,396,136725,20,3403,3291,743020,459,145556,497,119934
2021-12-29,warmińsko-mazurskie,WN,524,137249,20,3423,3377,746397,574,146130,255,120189
2021-12-30,warmińsko-mazurskie,WN,493,137742,31,3454,3088,749485,545,146675,606,120795
2021-12-31,warmińsko-mazurskie,WN,466,138208,19,3473,2891,752376,499,147174,649,121444
2022-01-01,warmińsko-mazurskie,WN,411,138619,27,3500,2589,754965,458,147632,604,122048
2022-01-02,warmińsko-mazurskie,WN,168,138787,0,3500,1203,756168,187,147819,449,122497
2022-01-03,warmińsko-mazurskie,WN,145,138932,1,3501,1472,757640,164,147983,393,122890
2022-01-04,warmińsko-mazurskie,WN,536,139468,23,3524,4109,761749,593,148576,177,123067
2022-01-05,warmińsko-mazurskie,WN,554,140022,37,3561,4023,765772,616,149192,157,123224
2022-01-06,warmińsko-mazurskie,WN,485,140507,14,3575,3586,769358,535,149727,407,123631
2022-01-07,warmińsko-mazurskie,WN,267,140774,0,3575,1496,770854,293,150020,507,124138
2022-01-08,warmińsko-mazurskie,WN,393,141167,10,3585,2975,773829,445,150465,545,124683
2022-01-09,warmińsko-mazurskie,WN,246,141413,1,3586,1755,775584,268,150733,444,125127
2022-01-10,warmińsko-mazurskie,WN,194,141607,0,3586,1328,776912,215,150948,430,125557
2022-01-11,warmińsko-mazurskie,WN,419,142026,28,3614,3353,780265,483,151431,206,125763
2022-01-12,warmińsko-mazurskie,WN,462,142488,24,3638,3347,783612,544,151975,163,125926
2022-01-13,warmińsko-mazurskie,WN,431,142919,14,3652,3113,786725,513,152488,551,126477
2022-01-14,warmińsko-mazurskie,WN,457,143376,14,3666,3116,789841,528,153016,578,127055
2022-01-15,warmińsko-mazurskie,WN,493,143869,7,3673,3552,793393,579,153595,523,127578
2022-01-16,warmińsko-mazurskie,WN,362,144231,0,3673,1664,795057,411,154006,272,127850
2022-01-17,warmińsko-mazurskie,WN,260,144491,1,3674,1309,796366,305,154311,418,128268
2022-01-18,warmińsko-mazurskie,WN,741,145232,10,3684,4306,800672,866,155177,285,128553
2022-01-19,warmińsko-mazurskie,WN,1034,146266,19,3703,4602,805274,1235,156412,224,128777
2022-01-20,warmińsko-mazurskie,WN,973,147239,12,3715,4743,810017,1191,157603,437,129214
2022-01-21,warmińsko-mazurskie,WN,1138,148377,12,3727,5343,815360,1362,158965,510,129724
2022-01-22,warmińsko-mazurskie,WN,1169,149546,12,3739,5390,820750,1415,160380,471,130195
2022-01-23,warmińsko-mazurskie,WN,781,150327,0,3739,2879,823629,911,161291,502,130697
2022-01-24,warmińsko-mazurskie,WN,776,151103,0,3739,2985,826614,1200,162491,563,131260
2022-01-25,warmińsko-mazurskie,WN,1461,152564,14,3753,6102,832716,1774,164265,419,131679
2022-01-26,warmińsko-mazurskie,WN,1579,154143,9,3762,6138,838854,1945,166210,302,131981
2022-01-27,warmińsko-mazurskie,WN,1842,155985,7,3769,6158,845012,2287,168497,848,132829
2022-01-28,warmińsko-mazurskie,WN,1756,157741,9,3778,6563,851575,2104,170601,1186,134015
2022-01-29,warmińsko-mazurskie,WN,1783,159524,7,3785,6684,858259,2216,172817,1310,135325
2022-01-30,warmińsko-mazurskie,WN,1268,160792,0,3785,4008,862267,1493,174310,1172,136497
2022-01-31,warmińsko-mazurskie,WN,822,161614,0,3785,2744,865011,996,175306,1331,137828
2022-02-01,warmińsko-mazurskie,WN,1840,163454,9,3794,6666,871677,2249,177555,1030,138858
2022-02-02,warmińsko-mazurskie,WN,1937,165391,12,3806,6849,878526,2362,179917,766,139624
2022-02-03,warmińsko-mazurskie,WN,1897,167288,7,3813,6767,885293,2274,182191,1668,141292
2022-02-04,warmińsko-mazurskie,WN,1830,169118,5,3818,6796,892089,2242,184433,1973,143265
2022-02-05,warmińsko-mazurskie,WN,1617,170735,9,3827,6081,898170,1955,186388,2229,145494
2022-02-06,warmińsko-mazurskie,WN,988,171723,2,3829,3388,901558,1165,187553,2001,147495
2022-02-07,warmińsko-mazurskie,WN,637,172360,2,3831,2309,903867,743,188296,2003,149498
2022-02-08,warmińsko-mazurskie,WN,1887,174247,20,3851,6356,910223,1992,190288,1464,150962
2022-02-09,warmińsko-mazurskie,WN,1718,175965,13,3864,5984,916207,1803,192091,1200,152162
2022-02-10,warmińsko-mazurskie,WN,1608,177573,4,3868,5518,921725,1700,193791,2370,154532
2022-02-11,warmińsko-mazurskie,WN,1176,178749,7,3875,4612,926337,1231,195022,2315,156847
2022-02-12,warmińsko-mazurskie,WN,1155,179904,15,3890,4577,930914,1244,196266,2207,159054
2022-02-13,warmińsko-mazurskie,WN,696,180600,0,3890,2522,933436,736,197002,2044,161098
2022-02-14,warmińsko-mazurskie,WN,420,181020,0,3890,1870,935306,458,197460,1867,162965
2022-02-15,warmińsko-mazurskie,WN,1148,182168,11,3901,4820,940126,1262,198722,1217,164182
2022-02-16,warmińsko-mazurskie,WN,1397,183565,22,3923,5169,945295,1486,200208,856,165038
2022-02-17,warmińsko-mazurskie,WN,1385,184950,11,3934,5259,950554,1523,201731,1866,166904
2022-02-18,warmińsko-mazurskie,WN,1081,186031,16,3950,4356,954910,1169,202900,1739,168643
2022-02-19,warmińsko-mazurskie,WN,889,186920,17,3967,4151,959061,997,203897,1508,170151
2022-02-20,warmińsko-mazurskie,WN,430,187350,1,3968,1747,960808,466,204363,1062,171213
2022-02-21,warmińsko-mazurskie,WN,442,187792,0,3968,1739,962547,481,204844,1290,172503
2022-02-22,warmińsko-mazurskie,WN,1084,188876,12,3980,4718,967265,1194,206038,2079,174582
2022-02-23,warmińsko-mazurskie,WN,950,189826,9,3989,4367,971632,1019,207057,1737,176319
2022-02-24,warmińsko-mazurskie,WN,834,190660,9,3998,3927,975559,893,207950,1946,178265
2022-02-25,warmińsko-mazurskie,WN,734,191394,6,4004,3557,979116,792,208742,911,179176
2022-02-26,warmińsko-mazurskie,WN,631,192025,10,4014,3212,982328,686,209428,487,179663
2022-02-27,warmińsko-mazurskie,WN,365,192390,0,4014,1442,983770,386,209814,473,180136
2022-02-28,warmińsko-mazurskie,WN,266,192656,0,4014,1214,984984,290,210104,1106,181242
2022-03-01,warmińsko-mazurskie,WN,722,193378,14,4028,3857,988841,791,210895,955,182197
2022-03-02,warmińsko-mazurskie,WN,704,194082,12,4040,3635,992476,756,211651,863,183060
2022-03-03,warmińsko-mazurskie,WN,578,194660,10,4050,3193,995669,607,212258,743,183803
2022-03-04,warmińsko-mazurskie,WN,627,195287,8,4058,3137,998806,683,212941,637,184440
2022-03-05,warmińsko-mazurskie,WN,587,195874,13,4071,2906,1001712,641,213582,433,184873
2022-03-06,warmińsko-mazurskie,WN,264,196138,0,4071,1319,1003031,281,213863,271,185144
2022-03-07,warmińsko-mazurskie,WN,255,196393,0,4071,1203,1004234,270,214133,742,185886
2022-03-08,warmińsko-mazurskie,WN,751,197144,11,4082,3750,1007984,802,214935,741,186627
2022-03-09,warmińsko-mazurskie,WN,697,197841,10,4092,3448,1011432,738,215673,608,187235
2022-03-10,warmińsko-mazurskie,WN,584,198425,13,4105,3175,1014607,629,216302,634,187869
2022-03-11,warmińsko-mazurskie,WN,484,198909,7,4112,2636,1017243,517,216819,605,188474
2022-03-12,warmińsko-mazurskie,WN,497,199406,6,4118,2745,1019988,532,217351,294,188768
2022-03-13,warmińsko-mazurskie,WN,267,199673,0,4118,1384,1021372,289,217640,257,189025
2022-03-14,warmińsko-mazurskie,WN,156,199829,0,4118,1166,1022538,174,217814,774,189799
2022-03-15,warmińsko-mazurskie,WN,585,200414,10,4128,3809,1026347,629,218443,707,190506
2022-03-16,warmińsko-mazurskie,WN,591,201005,3,4131,3399,1029746,626,219069,582,191088
2022-03-17,warmińsko-mazurskie,WN,538,201543,12,4143,3237,1032983,573,219642,488,191576
2022-03-18,warmińsko-mazurskie,WN,406,201949,2,4145,2513,1035496,438,220080,506,192082
2022-03-19,warmińsko-mazurskie,WN,356,202305,5,4150,2326,1037822,388,220468,313,192395
2022-03-20,warmińsko-mazurskie,WN,173,202478,0,4150,1050,1038872,186,220654,175,192570
2022-03-21,warmińsko-mazurskie,WN,124,202602,0,4150,973,1039845,130,220784,589,193159
2022-03-22,warmińsko-mazurskie,WN,388,202990,9,4159,2957,1042802,418,221202,587,193746
2022-03-23,warmińsko-mazurskie,WN,325,203315,1,4160,2379,1045181,348,221550,540,194286
2022-03-24,warmińsko-mazurskie,WN,332,203647,6,4166,2661,1047842,367,221917,417,194703
2022-03-25,warmińsko-mazurskie,WN,250,203897,6,4172,2141,1049983,273,222190,355,195058
2022-03-26,warmińsko-mazurskie,WN,199,204096,2,4174,2003,1051986,217,222407,189,195247
2022-03-27,warmińsko-mazurskie,WN,91,204187,0,4174,817,1052803,98,222505,129,195376
2022-03-28,warmińsko-mazurskie,WN,60,204247,1,4175,758,1053561,65,222570,407,195783
2022-03-29,warmińsko-mazurskie,WN,261,204508,8,4183,2459,1056020,287,222857,348,196131
2022-03-30,warmińsko-mazurskie,WN,167,204675,12,4195,1956,1057976,180,223037,341,196472
2022-03-31,warmińsko-mazurskie,WN,146,204821,0,4195,1920,1059896,166,223203,274,196746
2022-04-01,warmińsko-mazurskie,WN,112,204933,1,4196,1536,1061432,128,223331,177,196923
2022-04-02,warmińsko-mazurskie,WN,36,204969,1,4197,1032,1062464,50,223381,100,197023
2022-04-03,warmińsko-mazurskie,WN,12,204981,0,4197,258,1062722,16,223397,51,197074
2022-04-04,warmińsko-mazurskie,WN,13,204994,0,4197,296,1063018,20,223417,0,197074
2022-04-05,warmińsko-mazurskie,WN,47,205041,2,4199,877,1063895,60,223477,0,197074
2022-04-06,warmińsko-mazurskie,WN,51,205092,1,4200,1034,1064929,62,223539,2,197076
2022-04-07,warmińsko-mazurskie,WN,33,205125,2,4202,973,1065902,44,223583,0,197076
2022-04-08,warmińsko-mazurskie,WN,44,205169,4,4206,600,1066502,52,223635,2,197078
2022-04-09,warmińsko-mazurskie,WN,36,205205,0,4206,542,1067044,44,223679,0,197078
2022-04-10,warmińsko-mazurskie,WN,15,205220,0,4206,206,1067250,18,223697,2,197080
2022-04-11,warmińsko-mazurskie,WN,18,205238,0,4206,159,1067409,19,223716,2,197082
2022-04-12,warmińsko-mazurskie,WN,68,205306,0,4206,707,1068116,76,223792,2,197084
2022-04-13,warmińsko-mazurskie,WN,39,205345,4,4210,886,1069002,45,223837,1,197085
2022-04-14,warmińsko-mazurskie,WN,26,205371,3,4213,577,1069579,38,223875,3,197088
2022-04-15,warmińsko-mazurskie,WN,24,205395,0,4213,405,1069984,29,223904,2,197090
2022-04-16,warmińsko-mazurskie,WN,26,205421,1,4214,519,1070503,27,223931,1,197091
2022-04-17,warmińsko-mazurskie,WN,4,205425,0,4214,120,1070623,5,223936,0,197091
2022-04-18,warmińsko-mazurskie,WN,1,205426,0,4214,126,1070749,3,223939,1,197092
2022-04-19,warmińsko-mazurskie,WN,12,205438,0,4214,167,1070916,14,223953,0,197092
2022-04-20,warmińsko-mazurskie,WN,37,205475,0,4214,929,1071845,42,223995,4,197096
2022-04-21,warmińsko-mazurskie,WN,34,205509,1,4215,531,1072376,37,224032,1,197097
2022-04-22,warmińsko-mazurskie,WN,36,205545,0,4215,527,1072903,40,224072,3,197100
2022-04-23,warmińsko-mazurskie,WN,30,205575,1,4216,497,1073400,34,224106,4,197104
2022-04-24,warmińsko-mazurskie,WN,7,205582,0,4216,171,1073571,7,224113,1,197105
2022-04-25,warmińsko-mazurskie,WN,4,205586,0,4216,157,1073728,5,224118,1,197106
2022-04-26,warmińsko-mazurskie,WN,30,205616,1,4217,725,1074453,34,224152,1,197107
2022-04-27,warmińsko-mazurskie,WN,22,205638,0,4217,643,1075096,26,224178,2,197109
2022-04-28,warmińsko-mazurskie,WN,18,205656,1,4218,482,1075578,19,224197,3,197112
2022-04-29,warmińsko-mazurskie,WN,20,205676,0,4218,371,1075949,23,224220,0,197112
2022-04-30,warmińsko-mazurskie,WN,18,205694,0,4218,324,1076273,18,224238,1,197113
2022-05-01,warmińsko-mazurskie,WN,6,205700,0,4218,129,1076402,6,224244,2,197115
2022-05-02,warmińsko-mazurskie,WN,6,205706,0,4218,121,1076523,6,224250,0,197115
2022-05-03,warmińsko-mazurskie,WN,23,205729,0,4218,385,1076908,24,224274,2,197117
2022-05-04,warmińsko-mazurskie,WN,2,205731,0,4218,116,1077024,4,224278,0,197117
2022-05-05,warmińsko-mazurskie,WN,21,205752,0,4218,560,1077584,23,224301,1,197118
2022-05-06,warmińsko-mazurskie,WN,18,205770,0,4218,358,1077942,19,224320,2,197120
2022-05-07,warmińsko-mazurskie,WN,17,205787,0,4218,444,1078386,18,224338,1,197121
2022-05-08,warmińsko-mazurskie,WN,2,205789,0,4218,119,1078505,3,224341,1,197122
2022-05-09,warmińsko-mazurskie,WN,7,205796,0,4218,130,1078635,9,224350,0,197122
2022-05-10,warmińsko-mazurskie,WN,15,205811,0,4218,513,1079148,19,224369,1,197123
2022-05-11,warmińsko-mazurskie,WN,14,205825,0,4218,456,1079604,19,224388,1,197124
2022-05-12,warmińsko-mazurskie,WN,11,205836,0,4218,415,1080019,15,224403,0,197124
2022-05-13,warmińsko-mazurskie,WN,13,205849,0,4218,308,1080327,15,224418,1,197125
2022-05-14,warmińsko-mazurskie,WN,6,205855,1,4219,350,1080677,10,224428,0,197125
2022-05-15,warmińsko-mazurskie,WN,2,205857,0,4219,123,1080800,2,224430,0,197125
2022-05-16,warmińsko-mazurskie,WN,1,205858,0,4219,125,1080925,1,224431,0,197125
2022-05-17,warmińsko-mazurskie,WN,9,205867,0,4219,372,1081297,11,224442,1,197126
2022-05-18,warmińsko-mazurskie,WN,10,205877,0,4219,477,1081774,12,224454,0,197126
2022-05-19,warmińsko-mazurskie,WN,14,205891,1,4220,358,1082132,14,224468,0,197126
2022-05-20,warmińsko-mazurskie,WN,14,205905,0,4220,284,1082416,18,224486,2,197128
2022-05-21,warmińsko-mazurskie,WN,9,205914,0,4220,248,1082664,9,224495,0,197128
2022-05-22,warmińsko-mazurskie,WN,1,205915,0,4220,103,1082767,1,224496,0,197128
2022-05-23,warmińsko-mazurskie,WN,4,205919,0,4220,125,1082892,5,224501,0,197128
2022-05-24,warmińsko-mazurskie,WN,11,205930,4,4224,520,1083412,12,224513,0,197128
2022-05-25,warmińsko-mazurskie,WN,7,205937,0,4224,367,1083779,10,224523,0,197128
2022-05-26,warmińsko-mazurskie,WN,6,205943,0,4224,344,1084123,6,224529,0,197128
2022-05-27,warmińsko-mazurskie,WN,2,205945,0,4224,204,1084327,2,224531,0,197128
2022-05-28,warmińsko-mazurskie,WN,6,205951,0,4224,222,1084549,10,224541,0,197128
2022-05-29,warmińsko-mazurskie,WN,1,205952,0,4224,89,1084638,1,224542,0,197128
2022-05-30,warmińsko-mazurskie,WN,3,205955,0,4224,72,1084710,4,224546,0,197128
2022-05-31,warmińsko-mazurskie,WN,4,205959,0,4224,362,1085072,7,224553,1,197129
2022-06-01,warmińsko-mazurskie,WN,9,205968,1,4225,496,1085568,11,224564,0,197129
2022-06-02,warmińsko-mazurskie,WN,4,205972,0,4225,180,1085748,9,224573,0,197129
2022-06-03,warmińsko-mazurskie,WN,7,205979,1,4226,161,1085909,7,224580,1,197130
2022-06-04,warmińsko-mazurskie,WN,9,205988,0,4226,166,1086075,11,224591,1,197131
2022-06-05,warmińsko-mazurskie,WN,4,205992,0,4226,60,1086135,4,224595,0,197131
2022-06-06,warmińsko-mazurskie,WN,3,205995,0,4226,69,1086204,4,224599,0,197131
2022-06-07,warmińsko-mazurskie,WN,1,205996,1,4227,266,1086470,2,224601,0,197131
2022-06-08,warmińsko-mazurskie,WN,8,206004,0,4227,237,1086707,10,224611,1,197132
2022-06-09,warmińsko-mazurskie,WN,8,206012,0,4227,280,1086987,10,224621,0,197132
2022-06-10,warmińsko-mazurskie,WN,2,206014,0,4227,201,1087188,3,224624,1,197133
2022-06-11,warmińsko-mazurskie,WN,1,206015,0,4227,137,1087325,1,224625,0,197133
2022-06-12,warmińsko-mazurskie,WN,0,206015,0,4227,61,1087386,0,224625,0,197133
2022-06-13,warmińsko-mazurskie,WN,0,206015,0,4227,45,1087431,0,224625,0,197133
2022-06-14,warmińsko-mazurskie,WN,5,206020,0,4227,317,1087748,5,224630,0,197133
2022-06-15,warmińsko-mazurskie,WN,4,206024,1,4228,212,1087960,4,224634,0,197133
2022-06-16,warmińsko-mazurskie,WN,2,206026,0,4228,154,1088114,2,224636,0,197133
2022-06-17,warmińsko-mazurskie,WN,0,206026,0,4228,56,1088170,0,224636,0,197133
2022-06-18,warmińsko-mazurskie,WN,3,206029,0,4228,208,1088378,3,224639,0,197133
2022-06-19,warmińsko-mazurskie,WN,1,206030,0,4228,42,1088420,1,224640,0,197133
2022-06-20,warmińsko-mazurskie,WN,0,206030,0,4228,46,1088466,0,224640,0,197133
2022-06-21,warmińsko-mazurskie,WN,6,206036,0,4228,256,1088722,7,224647,0,197133
2022-06-22,warmińsko-mazurskie,WN,6,206042,2,4230,246,1088968,6,224653,0,197133
2022-06-23,warmińsko-mazurskie,WN,5,206047,0,4230,146,1089114,5,224658,1,197134
2022-06-24,warmińsko-mazurskie,WN,8,206055,0,4230,208,1089322,8,224666,1,197135
2022-06-25,warmińsko-mazurskie,WN,10,206065,0,4230,125,1089447,10,224676,0,197135
2022-06-26,warmińsko-mazurskie,WN,0,206065,0,4230,63,1089510,0,224676,0,197135
2022-06-27,warmińsko-mazurskie,WN,2,206067,0,4230,46,1089556,2,224678,0,197135
2022-06-28,warmińsko-mazurskie,WN,14,206081,0,4230,290,1089846,15,224693,0,197135
2022-06-29,warmińsko-mazurskie,WN,10,206091,0,4230,224,1090070,11,224704,0,197135
2022-06-30,warmińsko-mazurskie,WN,11,206102,0,4230,213,1090283,11,224715,0,197135
2022-07-01,warmińsko-mazurskie,WN,12,206114,0,4230,156,1090439,13,224728,0,197135
2022-07-02,warmińsko-mazurskie,WN,6,206120,0,4230,121,1090560,6,224734,0,197135
2022-07-03,warmińsko-mazurskie,WN,3,206123,0,4230,40,1090600,3,224737,0,197135
2022-07-04,warmińsko-mazurskie,WN,1,206124,0,4230,45,1090645,1,224738,0,197135
2022-07-05,warmińsko-mazurskie,WN,31,206155,1,4231,325,1090970,33,224771,0,197135
2022-07-06,warmińsko-mazurskie,WN,30,206185,0,4231,314,1091284,33,224804,0,197135
2022-07-07,warmińsko-mazurskie,WN,36,206221,0,4231,232,1091516,37,224841,1,197136
2022-07-08,warmińsko-mazurskie,WN,32,206253,0,4231,218,1091734,35,224876,0,197136
2022-07-09,warmińsko-mazurskie,WN,39,206292,0,4231,201,1091935,43,224919,0,197136
2022-07-10,warmińsko-mazurskie,WN,6,206298,0,4231,45,1091980,7,224926,0,197136
2022-07-11,warmińsko-mazurskie,WN,8,206306,0,4231,53,1092033,9,224935,0,197136
2022-07-12,warmińsko-mazurskie,WN,73,206379,0,4231,393,1092426,76,225011,0,197136
2022-07-13,warmińsko-mazurskie,WN,59,206438,0,4231,344,1092770,70,225081,0,197136
2022-07-14,warmińsko-mazurskie,WN,61,206499,0,4231,260,1093030,66,225147,0,197136
2022-07-15,warmińsko-mazurskie,WN,41,206540,0,4231,216,1093246,47,225194,0,197136
2022-07-16,warmińsko-mazurskie,WN,44,206584,0,4231,191,1093437,54,225248,0,197136
2022-07-17,warmińsko-mazurskie,WN,7,206591,0,4231,43,1093480,8,225256,0,197136
2022-07-18,warmińsko-mazurskie,WN,6,206597,0,4231,37,1093517,8,225264,0,197136
2022-07-19,warmińsko-mazurskie,WN,75,206672,0,4231,414,1093931,84,225348,0,197136
2022-07-20,warmińsko-mazurskie,WN,135,206807,0,4231,447,1094378,150,225498,0,197136
2022-07-21,warmińsko-mazurskie,WN,123,206930,0,4231,493,1094871,137,225635,0,197136
2022-07-22,warmińsko-mazurskie,WN,115,207045,0,4231,363,1095234,121,225756,0,197136
2022-07-23,warmińsko-mazurskie,WN,127,207172,1,4232,340,1095574,137,225893,0,197136
2022-07-24,warmińsko-mazurskie,WN,15,207187,0,4232,80,1095654,16,225909,0,197136
2022-07-25,warmińsko-mazurskie,WN,17,207204,0,4232,67,1095721,22,225931,0,197136
2022-07-26,warmińsko-mazurskie,WN,187,207391,1,4233,626,1096347,195,226126,0,197136
2022-07-27,warmińsko-mazurskie,WN,143,207534,0,4233,499,1096846,154,226280,0,197136
2022-07-28,warmińsko-mazurskie,WN,112,207646,1,4234,589,1097435,125,226405,0,197136
2022-07-29,warmińsko-mazurskie,WN,115,207761,0,4234,415,1097850,121,226526,0,197136
2022-07-30,warmińsko-mazurskie,WN,120,207881,0,4234,387,1098237,133,226659,0,197136
2022-07-31,warmińsko-mazurskie,WN,18,207899,0,4234,88,1098325,20,226679,0,197136
2022-08-01,warmińsko-mazurskie,WN,16,207915,0,4234,93,1098418,17,226696,0,197136
2022-08-02,warmińsko-mazurskie,WN,226,208141,0,4234,612,1099030,239,226935,0,197136
2022-08-03,warmińsko-mazurskie,WN,166,208307,0,4234,466,1099496,180,227115,0,197136
2022-08-04,warmińsko-mazurskie,WN,171,208478,1,4235,687,1100183,177,227292,0,197136
2022-08-05,warmińsko-mazurskie,WN,171,208649,0,4235,564,1100747,179,227471,1,197137
2022-08-06,warmińsko-mazurskie,WN,172,208821,0,4235,507,1101254,182,227653,0,197137
2022-08-07,warmińsko-mazurskie,WN,14,208835,0,4235,57,1101311,14,227667,0,197137
2022-08-08,warmińsko-mazurskie,WN,18,208853,0,4235,83,1101394,22,227689,0,197137
2022-08-09,warmińsko-mazurskie,WN,247,209100,1,4236,637,1102031,259,227948,0,197137
2022-08-10,warmińsko-mazurskie,WN,163,209263,0,4236,457,1102488,180,228128,0,197137
2022-08-11,warmińsko-mazurskie,WN,165,209428,0,4236,587,1103075,182,228310,0,197137
2022-08-12,warmińsko-mazurskie,WN,169,209597,0,4236,671,1103746,177,228487,0,197137
2022-08-13,warmińsko-mazurskie,WN,183,209780,2,4238,557,1104303,211,228698,0,197137
2022-08-14,warmińsko-mazurskie,WN,28,209808,0,4238,97,1104400,31,228729,0,197137
2022-08-15,warmińsko-mazurskie,WN,37,209845,0,4238,142,1104542,41,228770,0,197137
2022-08-16,warmińsko-mazurskie,WN,27,209872,0,4238,155,1104697,31,228801,0,197137
2022-08-17,warmińsko-mazurskie,WN,286,210158,0,4238,727,1105424,311,229112,0,197137
2022-08-18,warmińsko-mazurskie,WN,222,210380,1,4239,670,1106094,236,229348,0,197137
2022-08-19,warmińsko-mazurskie,WN,190,210570,1,4240,640,1106734,199,229547,0,197137
2022-08-20,warmińsko-mazurskie,WN,166,210736,0,4240,491,1107225,185,229732,0,197137
2022-08-21,warmińsko-mazurskie,WN,30,210766,0,4240,121,1107346,31,229763,0,197137
2022-08-22,warmińsko-mazurskie,WN,25,210791,0,4240,127,1107473,26,229789,0,197137
2022-08-23,warmińsko-mazurskie,WN,242,211033,0,4240,689,1108162,262,230051,0,197137
2022-08-24,warmińsko-mazurskie,WN,148,211181,0,4240,550,1108712,157,230208,0,197137
2022-08-25,warmińsko-mazurskie,WN,147,211328,1,4241,604,1109316,166,230374,0,197137
2022-08-26,warmińsko-mazurskie,WN,157,211485,1,4242,496,1109812,171,230545,0,197137
2022-08-27,warmińsko-mazurskie,WN,120,211605,3,4245,399,1110211,140,230685,0,197137
2022-08-28,warmińsko-mazurskie,WN,19,211624,0,4245,105,1110316,24,230709,0,197137
2022-08-29,warmińsko-mazurskie,WN,22,211646,0,4245,104,1110420,25,230734,0,197137
2022-08-30,warmińsko-mazurskie,WN,206,211852,3,4248,722,1111142,219,230953,0,197137
2022-08-31,warmińsko-mazurskie,WN,143,211995,0,4248,606,1111748,153,231106,0,197137
2022-09-01,warmińsko-mazurskie,WN,132,212127,2,4250,435,1112183,139,231245,0,197137
2022-09-02,warmińsko-mazurskie,WN,79,212206,0,4250,475,1112658,89,231334,0,197137
2022-09-03,warmińsko-mazurskie,WN,49,212255,1,4251,291,1112949,58,231392,0,197137
2022-09-04,warmińsko-mazurskie,WN,11,212266,0,4251,57,1113006,12,231404,0,197137
2022-09-05,warmińsko-mazurskie,WN,17,212283,0,4251,61,1113067,18,231422,0,197137
2022-09-06,warmińsko-mazurskie,WN,120,212403,0,4251,499,1113566,132,231554,0,197137
2022-09-07,warmińsko-mazurskie,WN,92,212495,2,4253,417,1113983,102,231656,0,197137
2022-09-08,warmińsko-mazurskie,WN,134,212629,0,4253,588,1114571,141,231797,0,197137
2022-09-09,warmińsko-mazurskie,WN,166,212795,1,4254,579,1115150,176,231973,0,197137
2022-09-10,warmińsko-mazurskie,WN,111,212906,0,4254,367,1115517,119,232092,0,197137
2022-09-11,warmińsko-mazurskie,WN,13,212919,0,4254,74,1115591,15,232107,0,197137
2022-09-12,warmińsko-mazurskie,WN,20,212939,0,4254,80,1115671,21,232128,0,197137
2022-09-13,warmińsko-mazurskie,WN,207,213146,0,4254,596,1116267,216,232344,0,197137
2022-09-14,warmińsko-mazurskie,WN,248,213394,0,4254,704,1116971,253,232597,0,197137
2022-09-15,warmińsko-mazurskie,WN,255,213649,0,4254,1021,1117992,269,232866,0,197137
2022-09-16,warmińsko-mazurskie,WN,124,213773,1,4255,610,1118602,137,233003,0,197137
2022-09-17,warmińsko-mazurskie,WN,121,213894,0,4255,470,1119072,132,233135,0,197137
2022-09-18,warmińsko-mazurskie,WN,19,213913,0,4255,87,1119159,21,233156,0,197137
2022-09-19,warmińsko-mazurskie,WN,16,213929,0,4255,93,1119252,24,233180,0,197137
2022-09-20,warmińsko-mazurskie,WN,216,214145,2,4257,879,1120131,252,233432,0,197137
2022-09-21,warmińsko-mazurskie,WN,164,214309,3,4260,871,1121002,178,233610,0,197137
2022-09-22,warmińsko-mazurskie,WN,190,214499,1,4261,753,1121755,209,233819,0,197137
2022-09-23,warmińsko-mazurskie,WN,191,214690,2,4263,758,1122513,209,234028,0,197137
2022-09-24,warmińsko-mazurskie,WN,100,214790,1,4264,447,1122960,109,234137,0,197137
2022-09-25,warmińsko-mazurskie,WN,15,214805,0,4264,55,1123015,17,234154,0,197137
2022-09-26,warmińsko-mazurskie,WN,9,214814,0,4264,78,1123093,12,234166,0,197137
2022-09-27,warmińsko-mazurskie,WN,213,215027,0,4264,775,1123868,240,234406,0,197137
2022-09-28,warmińsko-mazurskie,WN,125,215152,0,4264,612,1124480,140,234546,0,197137
2022-09-29,warmińsko-mazurskie,WN,171,215323,1,4265,784,1125264,187,234733,0,197137
2022-09-30,warmińsko-mazurskie,WN,140,215463,2,4267,667,1125931,162,234895,0,197137
2022-10-01,warmińsko-mazurskie,WN,136,215599,1,4268,541,1126472,158,235053,0,197137
2022-10-02,warmińsko-mazurskie,WN,3,215602,0,4268,31,1126503,4,235057,0,197137
2022-10-03,warmińsko-mazurskie,WN,5,215607,0,4268,44,1126547,6,235063,0,197137
2022-10-04,warmińsko-mazurskie,WN,152,215759,4,4272,663,1127210,166,235229,0,197137
2022-10-05,warmińsko-mazurskie,WN,126,215885,1,4273,689,1127899,144,235373,0,197137
2022-10-06,warmińsko-mazurskie,WN,107,215992,2,4275,905,1128804,120,235493,0,197137
2022-10-07,warmińsko-mazurskie,WN,66,216058,0,4275,415,1129219,72,235565,0,197137
2022-10-08,warmińsko-mazurskie,WN,123,216181,1,4276,627,1129846,142,235707,0,197137
2022-10-09,warmińsko-mazurskie,WN,10,216191,0,4276,60,1129906,12,235719,0,197137
2022-10-10,warmińsko-mazurskie,WN,5,216196,0,4276,111,1130017,5,235724,0,197137
2022-10-11,warmińsko-mazurskie,WN,145,216341,2,4278,801,1130818,175,235899,0,197137
2022-10-12,warmińsko-mazurskie,WN,81,216422,0,4278,632,1131450,91,235990,0,197137
2022-10-13,warmińsko-mazurskie,WN,84,216506,1,4279,560,1132010,96,236086,0,197137
2022-10-14,warmińsko-mazurskie,WN,73,216579,0,4279,451,1132461,95,236181,0,197137
2022-10-15,warmińsko-mazurskie,WN,61,216640,3,4282,412,1132873,75,236256,0,197137
2022-10-16,warmińsko-mazurskie,WN,7,216647,0,4282,48,1132921,8,236264,0,197137
2022-10-17,warmińsko-mazurskie,WN,6,216653,0,4282,72,1132993,6,236270,0,197137
2022-10-18,warmińsko-mazurskie,WN,83,216736,4,4286,534,1133527,107,236377,0,197137
2022-10-19,warmińsko-mazurskie,WN,67,216803,1,4287,646,1134173,75,236452,0,197137
2022-10-20,warmińsko-mazurskie,WN,39,216842,0,4287,390,1134563,48,236500,0,197137
2022-10-21,warmińsko-mazurskie,WN,50,216892,1,4288,346,1134909,59,236559,0,197137
2022-10-22,warmińsko-mazurskie,WN,42,216934,0,4288,360,1135269,51,236610,0,197137
2022-10-23,warmińsko-mazurskie,WN,3,216937,0,4288,61,1135330,3,236613,0,197137
2022-10-24,warmińsko-mazurskie,WN,6,216943,0,4288,68,1135398,6,236619,0,197137
2022-10-25,warmińsko-mazurskie,WN,53,216996,0,4288,577,1135975,61,236680,0,197137
2022-10-26,warmińsko-mazurskie,WN,53,217049,1,4289,510,1136485,69,236749,0,197137
2022-10-27,warmińsko-mazurskie,WN,39,217088,3,4292,368,1136853,47,236796,0,197137
2022-10-28,warmińsko-mazurskie,WN,41,217129,1,4293,579,1137432,49,236845,0,197137
2022-10-29,warmińsko-mazurskie,WN,25,217154,0,4293,306,1137738,27,236872,0,197137
2022-10-30,warmińsko-mazurskie,WN,3,217157,0,4293,62,1137800,4,236876,0,197137
2022-10-31,warmińsko-mazurskie,WN,2,217159,0,4293,39,1137839,2,236878,0,197137
2022-11-01,warmińsko-mazurskie,WN,47,217206,0,4293,388,1138227,56,236934,0,197137
2022-11-02,warmińsko-mazurskie,WN,3,217209,0,4293,41,1138268,4,236938,0,197137
2022-11-03,warmińsko-mazurskie,WN,32,217241,0,4293,444,1138712,36,236974,0,197137
2022-11-04,warmińsko-mazurskie,WN,13,217254,0,4293,378,1139090,16,236990,0,197137
2022-11-05,warmińsko-mazurskie,WN,16,217270,0,4293,319,1139409,21,237011,0,197137
2022-11-06,warmińsko-mazurskie,WN,1,217271,0,4293,69,1139478,2,237013,0,197137
2022-11-07,warmińsko-mazurskie,WN,0,217271,0,4293,116,1139594,2,237015,0,197137
2022-11-08,warmińsko-mazurskie,WN,19,217290,1,4294,389,1139983,24,237039,0,197137
2022-11-09,warmińsko-mazurskie,WN,11,217301,0,4294,355,1140338,13,237052,0,197137
2022-11-10,warmińsko-mazurskie,WN,13,217314,0,4294,302,1140640,22,237074,0,197137
2022-11-11,warmińsko-mazurskie,WN,19,217333,0,4294,270,1140910,22,237096,0,197137
2022-11-12,warmińsko-mazurskie,WN,2,217335,0,4294,48,1140958,2,237098,0,197137
2022-11-13,warmińsko-mazurskie,WN,1,217336,0,4294,48,1141006,1,237099,0,197137
2022-11-14,warmińsko-mazurskie,WN,4,217340,0,4294,75,1141081,5,237104,0,197137
2022-11-15,warmińsko-mazurskie,WN,12,217352,2,4296,411,1141492,14,237118,0,197137
2022-11-16,warmińsko-mazurskie,WN,12,217364,0,4296,275,1141767,15,237133,0,197137
2022-11-17,warmińsko-mazurskie,WN,14,217378,0,4296,327,1142094,16,237149,0,197137
2022-11-18,warmińsko-mazurskie,WN,12,217390,0,4296,405,1142499,14,237163,0,197137
2022-11-19,warmińsko-mazurskie,WN,11,217401,0,4296,264,1142763,16,237179,0,197137
2022-11-20,warmińsko-mazurskie,WN,2,217403,0,4296,39,1142802,2,237181,0,197137
2022-11-21,warmińsko-mazurskie,WN,9,217412,0,4296,71,1142873,9,237190,0,197137
2022-11-22,warmińsko-mazurskie,WN,20,217432,0,4296,320,1143193,20,237210,0,197137
2022-11-23,warmińsko-mazurskie,WN,14,217446,0,4296,352,1143545,17,237227,0,197137
2022-11-24,warmińsko-mazurskie,WN,6,217452,0,4296,291,1143836,13,237240,0,197137
2022-11-25,warmińsko-mazurskie,WN,12,217464,0,4296,262,1144098,16,237256,0,197137
2022-11-26,warmińsko-mazurskie,WN,8,217472,1,4297,271,1144369,9,237265,0,197137
2022-11-27,warmińsko-mazurskie,WN,2,217474,0,4297,63,1144432,2,237267,0,197137
2022-11-28,warmińsko-mazurskie,WN,3,217477,0,4297,76,1144508,3,237270,0,197137
2022-11-29,warmińsko-mazurskie,WN,24,217501,0,4297,422,1144930,26,237296,0,197137
2022-11-30,warmińsko-mazurskie,WN,20,217521,0,4297,326,1145256,23,237319,0,197137
2022-12-01,warmińsko-mazurskie,WN,16,217537,0,4297,262,1145518,19,237338,0,197137
2022-12-02,warmińsko-mazurskie,WN,15,217552,0,4297,330,1145848,18,237356,0,197137
2022-12-03,warmińsko-mazurskie,WN,13,217565,1,4298,233,1146081,16,237372,0,197137
2022-12-04,warmińsko-mazurskie,WN,4,217569,0,4298,62,1146143,4,237376,0,197137
2022-12-05,warmińsko-mazurskie,WN,0,217569,0,4298,60,1146203,0,237376,0,197137
2022-12-06,warmińsko-mazurskie,WN,34,217603,0,4298,398,1146601,38,237414,0,197137
2022-12-07,warmińsko-mazurskie,WN,20,217623,0,4298,274,1146875,21,237435,0,197137
2022-12-08,warmińsko-mazurskie,WN,16,217639,0,4298,289,1147164,19,237454,0,197137
2022-12-09,warmińsko-mazurskie,WN,14,217653,0,4298,272,1147436,21,237475,0,197137
2022-12-10,warmińsko-mazurskie,WN,16,217669,0,4298,447,1147883,20,237495,0,197137
2022-12-11,warmińsko-mazurskie,WN,3,217672,0,4298,39,1147922,3,237498,0,197137
2022-12-12,warmińsko-mazurskie,WN,9,217681,0,4298,266,1148188,9,237507,0,197137
2022-12-13,warmińsko-mazurskie,WN,52,217733,1,4299,482,1148670,57,237564,0,197137
2022-12-14,warmińsko-mazurskie,WN,36,217769,0,4299,439,1149109,43,237607,0,197137
2022-12-15,warmińsko-mazurskie,WN,24,217793,0,4299,495,1149604,35,237642,0,197137
2022-12-16,warmińsko-mazurskie,WN,29,217822,0,4299,385,1149989,34,237676,0,197137
2022-12-17,warmińsko-mazurskie,WN,21,217843,1,4300,251,1150240,30,237706,0,197137
2022-12-18,warmińsko-mazurskie,WN,1,217844,0,4300,93,1150333,1,237707,0,197137
2022-12-19,warmińsko-mazurskie,WN,4,217848,0,4300,55,1150388,5,237712,0,197137
2022-12-20,warmińsko-mazurskie,WN,26,217874,0,4300,674,1151062,30,237742,0,197137
2022-12-21,warmińsko-mazurskie,WN,24,217898,0,4300,453,1151515,28,237770,0,197137
2022-12-22,warmińsko-mazurskie,WN,18,217916,0,4300,398,1151913,19,237789,0,197137
2022-12-23,warmińsko-mazurskie,WN,6,217922,1,4301,253,1152166,11,237800,0,197137
2022-12-24,warmińsko-mazurskie,WN,18,217940,1,4302,236,1152402,19,237819,0,197137
2022-12-25,warmińsko-mazurskie,WN,2,217942,0,4302,65,1152467,2,237821,0,197137
2022-12-26,warmińsko-mazurskie,WN,6,217948,0,4302,64,1152531,6,237827,0,197137
2022-12-27,warmińsko-mazurskie,WN,9,217957,0,4302,114,1152645,9,237836,0,197137
2022-12-28,warmińsko-mazurskie,WN,18,217975,0,4302,448,1153093,21,237857,0,197137
2022-12-29,warmińsko-mazurskie,WN,18,217993,0,4302,279,1153372,22,237879,0,197137
2022-12-30,warmińsko-mazurskie,WN,11,218004,0,4302,307,1153679,13,237892,0,197137
2022-12-31,warmińsko-mazurskie,WN,19,218023,1,4303,211,1153890,21,237913,0,197137
2023-01-01,warmińsko-mazurskie,WN,1,218024,0,4303,60,1153950,1,237914,0,197137
2023-01-02,warmińsko-mazurskie,WN,6,218030,0,4303,106,1154056,6,237920,0,197137
2023-01-03,warmińsko-mazurskie,WN,34,218064,3,4306,737,1154793,40,237960,0,197137
2023-01-04,warmińsko-mazurskie,WN,17,218081,0,4306,323,1155116,25,237985,0,197137
2023-01-05,warmińsko-mazurskie,WN,13,218094,0,4306,358,1155474,18,238003,0,197137
2023-01-06,warmińsko-mazurskie,WN,8,218102,1,4307,238,1155712,14,238017,0,197137
2023-01-07,warmińsko-mazurskie,WN,1,218103,0,4307,48,1155760,2,238019,0,197137
2023-01-08,warmińsko-mazurskie,WN,11,218114,0,4307,85,1155845,11,238030,0,197137
2023-01-09,warmińsko-mazurskie,WN,0,218114,0,4307,38,1155883,1,238031,0,197137
2023-01-10,warmińsko-mazurskie,WN,19,218133,0,4307,478,1156361,21,238052,0,197137
2023-01-11,warmińsko-mazurskie,WN,8,218141,1,4308,210,1156571,8,238060,0,197137
2023-01-12,warmińsko-mazurskie,WN,8,218149,0,4308,362,1156933,8,238068,0,197137
2023-01-13,warmińsko-mazurskie,WN,9,218158,0,4308,297,1157230,9,238077,0,197137
2023-01-14,warmińsko-mazurskie,WN,12,218170,0,4308,233,1157463,12,238089,0,197137
2023-01-15,warmińsko-mazurskie,WN,2,218172,0,4308,40,1157503,2,238091,0,197137
2023-01-16,warmińsko-mazurskie,WN,1,218173,0,4308,36,1157539,1,238092,0,197137
2023-01-17,warmińsko-mazurskie,WN,17,218190,0,4308,360,1157899,20,238112,0,197137
2023-01-18,warmińsko-mazurskie,WN,8,218198,0,4308,199,1158098,10,238122,0,197137
2023-01-19,warmińsko-mazurskie,WN,10,218208,0,4308,194,1158292,11,238133,0,197137
2023-01-20,warmińsko-mazurskie,WN,11,218219,0,4308,338,1158630,14,238147,0,197137
2023-01-21,warmińsko-mazurskie,WN,11,218230,0,4308,223,1158853,12,238159,0,197137
2023-01-22,warmińsko-mazurskie,WN,2,218232,0,4308,40,1158893,2,238161,0,197137
2023-01-23,warmińsko-mazurskie,WN,0,218232,0,4308,59,1158952,0,238161,0,197137
2023-01-24,warmińsko-mazurskie,WN,23,218255,0,4308,292,1159244,28,238189,0,197137
2023-01-25,warmińsko-mazurskie,WN,19,218274,0,4308,274,1159518,22,238211,0,197137
2023-01-26,warmińsko-mazurskie,WN,13,218287,0,4308,232,1159750,16,238227,0,197137
2023-01-27,warmińsko-mazurskie,WN,12,218299,0,4308,197,1159947,13,238240,0,197137
2023-01-28,warmińsko-mazurskie,WN,23,218322,0,4308,333,1160280,26,238266,0,197137
2023-01-29,warmińsko-mazurskie,WN,2,218324,0,4308,4,1160284,2,238268,0,197137
2023-01-30,warmińsko-mazurskie,WN,2,218326,0,4308,38,1160322,2,238270,0,197137
2023-01-31,warmińsko-mazurskie,WN,22,218348,2,4310,307,1160629,24,238294,0,197137
2023-02-01,warmińsko-mazurskie,WN,24,218372,0,4310,216,1160845,26,238320,0,197137
2023-02-02,warmińsko-mazurskie,WN,24,218396,1,4311,185,1161030,29,238349,0,197137
2023-02-03,warmińsko-mazurskie,WN,35,218431,0,4311,446,1161476,45,238394,0,197137
2023-02-04,warmińsko-mazurskie,WN,28,218459,0,4311,321,1161797,30,238424,0,197137
2023-02-05,warmińsko-mazurskie,WN,1,218460,0,4311,27,1161824,1,238425,0,197137
2023-02-06,warmińsko-mazurskie,WN,7,218467,0,4311,59,1161883,7,238432,0,197137
2023-02-07,warmińsko-mazurskie,WN,39,218506,0,4311,313,1162196,41,238473,0,197137
2023-02-08,warmińsko-mazurskie,WN,34,218540,0,4311,268,1162464,37,238510,0,197137
2023-02-09,warmińsko-mazurskie,WN,34,218574,0,4311,284,1162748,40,238550,0,197137
2023-02-10,warmińsko-mazurskie,WN,30,218604,0,4311,242,1162990,32,238582,0,197137
2023-02-11,warmińsko-mazurskie,WN,34,218638,0,4311,294,1163284,45,238627,0,197137
2023-02-12,warmińsko-mazurskie,WN,1,218639,0,4311,26,1163310,3,238630,0,197137
2023-02-13,warmińsko-mazurskie,WN,0,218639,0,4311,19,1163329,0,238630,0,197137
2023-02-14,warmińsko-mazurskie,WN,66,218705,1,4312,374,1163703,74,238704,0,197137
2023-02-15,warmińsko-mazurskie,WN,68,218773,0,4312,338,1164041,71,238775,0,197137
2023-02-16,warmińsko-mazurskie,WN,77,218850,0,4312,391,1164432,89,238864,0,197137
2023-02-17,warmińsko-mazurskie,WN,67,218917,0,4312,296,1164728,71,238935,0,197137
2023-02-18,warmińsko-mazurskie,WN,77,218994,0,4312,394,1165122,87,239022,0,197137
2023-02-19,warmińsko-mazurskie,WN,6,219000,0,4312,33,1165155,7,239029,0,197137
2023-02-20,warmińsko-mazurskie,WN,9,219009,0,4312,51,1165206,9,239038,0,197137
2023-02-21,warmińsko-mazurskie,WN,117,219126,0,4312,457,1165663,122,239160,0,197137
2023-02-22,warmińsko-mazurskie,WN,119,219245,0,4312,366,1166029,124,239284,0,197137
2023-02-23,warmińsko-mazurskie,WN,122,219367,0,4312,435,1166464,132,239416,0,197137
2023-02-24,warmińsko-mazurskie,WN,110,219477,0,4312,583,1167047,120,239536,0,197137
2023-02-25,warmińsko-mazurskie,WN,135,219612,0,4312,452,1167499,154,239690,0,197137
2023-02-26,warmińsko-mazurskie,WN,14,219626,0,4312,91,1167590,14,239704,0,197137
2023-02-27,warmińsko-mazurskie,WN,14,219640,0,4312,46,1167636,15,239719,0,197137
2023-02-28,warmińsko-mazurskie,WN,184,219824,2,4314,551,1168187,207,239926,0,197137
2023-03-01,warmińsko-mazurskie,WN,127,219951,0,4314,498,1168685,160,240086,0,197137
2023-03-02,warmińsko-mazurskie,WN,143,220094,3,4317,456,1169141,148,240234,0,197137
2023-03-03,warmińsko-mazurskie,WN,136,220230,0,4317,458,1169599,147,240381,0,197137
2023-03-04,warmińsko-mazurskie,WN,133,220363,0,4317,453,1170052,146,240527,0,197137
2023-03-05,warmińsko-mazurskie,WN,13,220376,0,4317,64,1170116,14,240541,0,197137
2023-03-06,warmińsko-mazurskie,WN,15,220391,0,4317,75,1170191,18,240559,0,197137
2023-03-07,warmińsko-mazurskie,WN,236,220627,1,4318,747,1170938,276,240835,0,197137
2023-03-08,warmińsko-mazurskie,WN,183,220810,0,4318,511,1171449,198,241033,0,197137
2023-03-09,warmińsko-mazurskie,WN,196,221006,3,4321,651,1172100,209,241242,0,197137
2023-03-10,warmińsko-mazurskie,WN,169,221175,1,4322,565,1172665,180,241422,0,197137
2023-03-11,warmińsko-mazurskie,WN,170,221345,1,4323,587,1173252,209,241631,0,197137
2023-03-12,warmińsko-mazurskie,WN,13,221358,0,4323,68,1173320,15,241646,0,197137
2023-03-13,warmińsko-mazurskie,WN,27,221385,0,4323,107,1173427,32,241678,0,197137
2023-03-14,warmińsko-mazurskie,WN,236,221621,0,4323,895,1174322,270,241948,0,197137
2023-03-15,warmińsko-mazurskie,WN,207,221828,0,4323,664,1174986,232,242180,0,197137
2023-03-16,warmińsko-mazurskie,WN,174,222002,4,4327,544,1175530,210,242390,0,197137
2023-03-17,warmińsko-mazurskie,WN,151,222153,0,4327,684,1176214,163,242553,0,197137
2023-03-18,warmińsko-mazurskie,WN,136,222289,1,4328,546,1176760,160,242713,0,197137
2023-03-19,warmińsko-mazurskie,WN,26,222315,0,4328,68,1176828,29,242742,0,197137
2023-03-20,warmińsko-mazurskie,WN,26,222341,0,4328,130,1176958,29,242771,0,197137
2023-03-21,warmińsko-mazurskie,WN,186,222527,1,4329,689,1177647,230,243001,0,197137
2023-03-22,warmińsko-mazurskie,WN,137,222664,4,4333,481,1178128,147,243148,0,197137
2023-03-23,warmińsko-mazurskie,WN,101,222765,3,4336,603,1178731,127,243275,0,197137
2023-03-24,warmińsko-mazurskie,WN,91,222856,0,4336,453,1179184,102,243377,0,197137
2023-03-25,warmińsko-mazurskie,WN,93,222949,1,4337,448,1179632,112,243489,0,197137
2023-03-26,warmińsko-mazurskie,WN,6,222955,0,4337,68,1179700,6,243495,0,197137
2023-03-27,warmińsko-mazurskie,WN,11,222966,0,4337,93,1179793,12,243507,0,197137
2023-03-28,warmińsko-mazurskie,WN,103,223069,0,4337,617,1180410,113,243620,0,197137
2023-03-29,warmińsko-mazurskie,WN,77,223146,5,4342,413,1180823,91,243711,0,197137
2023-03-30,warmińsko-mazurskie,WN,75,223221,0,4342,444,1181267,99,243810,0,197137
2023-03-31,warmińsko-mazurskie,WN,52,223273,0,4342,336,1181603,53,243863,0,197137
2023-04-01,warmińsko-mazurskie,WN,58,223331,0,4342,307,1181910,67,243930,0,197137
2023-04-02,warmińsko-mazurskie,WN,8,223339,0,4342,70,1181980,9,243939,0,197137
2023-04-03,warmińsko-mazurskie,WN,5,223344,0,4342,66,1182046,6,243945,0,197137
2023-04-04,warmińsko-mazurskie,WN,80,223424,1,4343,421,1182467,88,244033,0,197137
2023-04-05,warmińsko-mazurskie,WN,51,223475,0,4343,424,1182891,69,244102,0,197137
2023-04-06,warmińsko-mazurskie,WN,67,223542,0,4343,424,1183315,80,244182,0,197137
2023-04-07,warmińsko-mazurskie,WN,33,223575,1,4344,267,1183582,39,244221,0,197137
2023-04-08,warmińsko-mazurskie,WN,36,223611,1,4345,194,1183776,48,244269,0,197137
2023-04-09,warmińsko-mazurskie,WN,5,223616,0,4345,78,1183854,7,244276,0,197137
2023-04-10,warmińsko-mazurskie,WN,3,223619,0,4345,37,1183891,3,244279,0,197137
2023-04-11,warmińsko-mazurskie,WN,10,223629,0,4345,64,1183955,10,244289,0,197137
2023-04-12,warmińsko-mazurskie,WN,70,223699,0,4345,396,1184351,74,244363,0,197137
2023-04-13,warmińsko-mazurskie,WN,46,223745,0,4345,345,1184696,53,244416,0,197137
2023-04-14,warmińsko-mazurskie,WN,61,223806,1,4346,319,1185015,69,244485,0,197137
2023-04-15,warmińsko-mazurskie,WN,40,223846,0,4346,244,1185259,44,244529,0,197137
2023-04-16,warmińsko-mazurskie,WN,1,223847,0,4346,35,1185294,1,244530,0,197137
2023-04-17,warmińsko-mazurskie,WN,6,223853,0,4346,138,1185432,6,244536,0,197137
2023-04-18,warmińsko-mazurskie,WN,37,223890,1,4347,325,1185757,38,244574,0,197137
2023-04-19,warmińsko-mazurskie,WN,32,223922,0,4347,325,1186082,51,244625,0,197137
2023-04-20,warmińsko-mazurskie,WN,23,223945,0,4347,237,1186319,25,244650,0,197137
2023-04-21,warmińsko-mazurskie,WN,20,223965,2,4349,237,1186556,22,244672,0,197137
2023-04-22,warmińsko-mazurskie,WN,19,223984,1,4350,336,1186892,30,244702,0,197137
2023-04-23,warmińsko-mazurskie,WN,4,223988,0,4350,28,1186920,5,244707,0,197137
2023-04-24,warmińsko-mazurskie,WN,1,223989,0,4350,64,1186984,1,244708,0,197137
2023-04-25,warmińsko-mazurskie,WN,21,224010,1,4351,332,1187316,23,244731,0,197137
2023-04-26,warmińsko-mazurskie,WN,17,224027,1,4352,227,1187543,18,244749,0,197137
2023-04-27,warmińsko-mazurskie,WN,15,224042,0,4352,299,1187842,19,244768,0,197137
2023-04-28,warmińsko-mazurskie,WN,14,224056,0,4352,311,1188153,17,244785,0,197137
2023-04-29,warmińsko-mazurskie,WN,13,224069,0,4352,212,1188365,19,244804,0,197137
2023-04-30,warmińsko-mazurskie,WN,1,224070,0,4352,59,1188424,2,244806,0,197137
2023-05-01,warmińsko-mazurskie,WN,1,224071,0,4352,30,1188454,1,244807,0,197137
2023-05-02,warmińsko-mazurskie,WN,5,224076,0,4352,123,1188577,7,244814,0,197137
2023-05-03,warmińsko-mazurskie,WN,14,224090,0,4352,190,1188767,19,244833,0,197137
2023-05-04,warmińsko-mazurskie,WN,2,224092,0,4352,26,1188793,2,244835,0,197137
2023-05-05,warmińsko-mazurskie,WN,11,224103,0,4352,253,1189046,12,244847,0,197137
2023-05-06,warmińsko-mazurskie,WN,11,224114,0,4352,227,1189273,13,244860,0,197137
2023-05-07,warmińsko-mazurskie,WN,4,224118,0,4352,34,1189307,4,244864,0,197137
2023-05-08,warmińsko-mazurskie,WN,0,224118,0,4352,36,1189343,1,244865,0,197137
2023-05-09,warmińsko-mazurskie,WN,12,224130,0,4352,253,1189596,15,244880,0,197137
2023-05-10,warmińsko-mazurskie,WN,10,224140,2,4354,254,1189850,10,244890,0,197137
2023-05-11,warmińsko-mazurskie,WN,8,224148,0,4354,306,1190156,10,244900,0,197137
2023-05-12,warmińsko-mazurskie,WN,7,224155,0,4354,221,1190377,8,244908,0,197137
2023-05-13,warmińsko-mazurskie,WN,7,224162,0,4354,213,1190590,11,244919,0,197137
2023-05-14,warmińsko-mazurskie,WN,0,224162,0,4354,22,1190612,0,244919,0,197137
2023-05-15,warmińsko-mazurskie,WN,0,224162,0,4354,40,1190652,2,244921,0,197137
2023-05-16,warmińsko-mazurskie,WN,15,224177,0,4354,289,1190941,17,244938,0,197137
2023-05-17,warmińsko-mazurskie,WN,7,224184,0,4354,143,1191084,8,244946,0,197137
2023-05-18,warmińsko-mazurskie,WN,2,224186,0,4354,186,1191270,4,244950,0,197137
2023-05-19,warmińsko-mazurskie,WN,5,224191,0,4354,154,1191424,6,244956,0,197137
2023-05-20,warmińsko-mazurskie,WN,3,224194,0,4354,91,1191515,4,244960,0,197137
2023-05-21,warmińsko-mazurskie,WN,0,224194,0,4354,23,1191538,1,244961,0,197137
2023-05-22,warmińsko-mazurskie,WN,1,224195,0,4354,34,1191572,1,244962,0,197137
2023-05-23,warmińsko-mazurskie,WN,14,224209,0,4354,287,1191859,16,244978,0,197137
2023-05-24,warmińsko-mazurskie,WN,1,224210,0,4354,262,1192121,1,244979,0,197137
2023-05-25,warmińsko-mazurskie,WN,6,224216,0,4354,148,1192269,6,244985,0,197137
2023-05-26,warmińsko-mazurskie,WN,3,224219,0,4354,196,1192465,3,244988,0,197137
2023-05-27,warmińsko-mazurskie,WN,3,224222,0,4354,181,1192646,3,244991,0,197137
2023-05-28,warmińsko-mazurskie,WN,1,224223,0,4354,20,1192666,1,244992,0,197137
2023-05-29,warmińsko-mazurskie,WN,6,224229,0,4354,66,1192732,6,244998,0,197137
2023-05-30,warmińsko-mazurskie,WN,5,224234,0,4354,166,1192898,7,245005,0,197137
2023-05-31,warmińsko-mazurskie,WN,3,224237,0,4354,126,1193024,4,245009,0,197137
2023-06-01,warmińsko-mazurskie,WN,6,224243,0,4354,135,1193159,6,245015,0,197137
2023-06-02,warmińsko-mazurskie,WN,4,224247,0,4354,145,1193304,5,245020,0,197137
2023-06-03,warmińsko-mazurskie,WN,2,224249,0,4354,60,1193364,2,245022,0,197137
2023-06-04,warmińsko-mazurskie,WN,2,224251,0,4354,34,1193398,2,245024,0,197137
2023-06-05,warmińsko-mazurskie,WN,6,224257,0,4354,45,1193443,10,245034,0,197137
2023-06-06,warmińsko-mazurskie,WN,2,224259,0,4354,158,1193601,2,245036,0,197137
2023-06-07,warmińsko-mazurskie,WN,7,224266,0,4354,128,1193729,7,245043,0,197137
2023-06-08,warmińsko-mazurskie,WN,1,224267,0,4354,93,1193822,1,245044,0,197137
2023-06-09,warmińsko-mazurskie,WN,0,224267,0,4354,10,1193832,0,245044,0,197137
2023-06-10,warmińsko-mazurskie,WN,1,224268,0,4354,165,1193997,1,245045,0,197137
2023-06-11,warmińsko-mazurskie,WN,0,224268,0,4354,44,1194041,0,245045,0,197137
2023-06-12,warmińsko-mazurskie,WN,1,224269,0,4354,32,1194073,1,245046,0,197137
2023-06-13,warmińsko-mazurskie,WN,1,224270,0,4354,131,1194204,1,245047,0,197137
2023-06-14,warmińsko-mazurskie,WN,1,224271,0,4354,163,1194367,1,245048,0,197137
2023-06-15,warmińsko-mazurskie,WN,3,224274,0,4354,102,1194469,4,245052,0,197137
2023-06-16,warmińsko-mazurskie,WN,1,224275,0,4354,116,1194585,1,245053,0,197137
2023-06-17,warmińsko-mazurskie,WN,4,224279,0,4354,81,1194666,4,245057,0,197137
2023-06-18,warmińsko-mazurskie,WN,0,224279,0,4354,17,1194683,0,245057,0,197137
2023-06-19,warmińsko-mazurskie,WN,0,224279,0,4354,14,1194697,0,245057,0,197137
2023-06-20,warmińsko-mazurskie,WN,0,224279,0,4354,86,1194783,0,245057,0,197137
2023-06-21,warmińsko-mazurskie,WN,9,224288,0,4354,205,1194988,10,245067,0,197137
2023-06-22,warmińsko-mazurskie,WN,3,224291,0,4354,110,1195098,3,245070,0,197137
2023-06-23,warmińsko-mazurskie,WN,0,224291,0,4354,111,1195209,0,245070,0,197137
2023-06-24,warmińsko-mazurskie,WN,5,224296,0,4354,73,1195282,7,245077,0,197137
2023-06-25,warmińsko-mazurskie,WN,0,224296,0,4354,15,1195297,0,245077,0,197137
2023-06-26,warmińsko-mazurskie,WN,0,224296,0,4354,19,1195316,0,245077,0,197137
2023-06-27,warmińsko-mazurskie,WN,0,224296,0,4354,103,1195419,0,245077,0,197137
2023-06-28,warmińsko-mazurskie,WN,8,224304,0,4354,211,1195630,10,245087,0,197137
2023-06-29,warmińsko-mazurskie,WN,0,224304,0,4354,78,1195708,0,245087,0,197137
2023-06-30,warmińsko-mazurskie,WN,1,224305,0,4354,105,1195813,1,245088,0,197137
2023-07-01,warmińsko-mazurskie,WN,6,224311,1,4355,174,1195987,7,245095,0,197137
2023-07-02,warmińsko-mazurskie,WN,0,224311,0,4355,3,1195990,0,245095,0,197137
2023-07-03,warmińsko-mazurskie,WN,0,224311,0,4355,22,1196012,0,245095,0,197137
2023-07-04,warmińsko-mazurskie,WN,0,224311,0,4355,38,1196050,0,245095,0,197137
2023-07-05,warmińsko-mazurskie,WN,0,224311,0,4355,12,1196062,0,245095,0,197137
2023-07-06,warmińsko-mazurskie,WN,0,224311,0,4355,9,1196071,0,245095,0,197137
2023-07-07,warmińsko-mazurskie,WN,0,224311,0,4355,39,1196110,0,245095,0,197137
2023-07-08,warmińsko-mazurskie,WN,0,224311,0,4355,60,1196170,0,245095,0,197137
2023-07-09,warmińsko-mazurskie,WN,0,224311,0,4355,2,1196172,0,245095,0,197137
2023-07-10,warmińsko-mazurskie,WN,0,224311,0,4355,7,1196179,0,245095,0,197137
2023-07-11,warmińsko-mazurskie,WN,0,224311,0,4355,17,1196196,0,245095,0,197137
2023-07-12,warmińsko-mazurskie,WN,2,224313,0,4355,52,1196248,2,245097,0,197137
2023-07-13,warmińsko-mazurskie,WN,1,224314,0,4355,19,1196267,3,245100,0,197137
2023-07-14,warmińsko-mazurskie,WN,1,224315,0,4355,28,1196295,1,245101,0,197137
2023-07-15,warmińsko-mazurskie,WN,0,224315,0,4355,7,1196302,0,245101,0,197137
2023-07-16,warmińsko-mazurskie,WN,0,224315,0,4355,9,1196311,0,245101,0,197137
2023-07-17,warmińsko-mazurskie,WN,0,224315,0,4355,4,1196315,0,245101,0,197137
2023-07-18,warmińsko-mazurskie,WN,1,224316,0,4355,27,1196342,1,245102,0,197137
2023-07-19,warmińsko-mazurskie,WN,1,224317,0,4355,268,1196610,1,245103,0,197137
2023-07-20,warmińsko-mazurskie,WN,0,224317,0,4355,87,1196697,0,245103,0,197137
2023-07-21,warmińsko-mazurskie,WN,0,224317,0,4355,167,1196864,0,245103,0,197137
2023-07-22,warmińsko-mazurskie,WN,0,224317,0,4355,95,1196959,0,245103,0,197137
2023-07-23,warmińsko-mazurskie,WN,0,224317,0,4355,1,1196960,0,245103,0,197137
2023-07-24,warmińsko-mazurskie,WN,1,224318,0,4355,7,1196967,1,245104,0,197137
2023-07-25,warmińsko-mazurskie,WN,0,224318,0,4355,63,1197030,0,245104,0,197137
2023-07-26,warmińsko-mazurskie,WN,0,224318,0,4355,30,1197060,0,245104,0,197137
2023-07-27,warmińsko-mazurskie,WN,0,224318,0,4355,4,1197064,0,245104,0,197137
2023-07-28,warmińsko-mazurskie,WN,1,224319,0,4355,4,1197068,1,245105,0,197137
2023-07-29,warmińsko-mazurskie,WN,0,224319,0,4355,6,1197074,0,245105,0,197137
2023-07-30,warmińsko-mazurskie,WN,0,224319,0,4355,1,1197075,0,245105,0,197137
2023-07-31,warmińsko-mazurskie,WN,0,224319,0,4355,1,1197076,0,245105,0,197137
2023-08-01,warmińsko-mazurskie,WN,1,224320,0,4355,10,1197086,1,245106,0,197137
2023-08-02,warmińsko-mazurskie,WN,0,224320,0,4355,5,1197091,0,245106,0,197137
2023-08-03,warmińsko-mazurskie,WN,0,224320,0,4355,3,1197094,0,245106,0,197137
2023-08-04,warmińsko-mazurskie,WN,0,224320,0,4355,3,1197097,0,245106,0,197137
2023-08-05,warmińsko-mazurskie,WN,0,224320,0,4355,4,1197101,0,245106,0,197137
2023-08-06,warmińsko-mazurskie,WN,0,224320,0,4355,1,1197102,0,245106,0,197137
2023-08-07,warmińsko-mazurskie,WN,0,224320,0,4355,2,1197104,0,245106,0,197137
2023-08-08,warmińsko-mazurskie,WN,0,224320,0,4355,7,1197111,0,245106,0,197137
2023-08-09,warmińsko-mazurskie,WN,1,224321,0,4355,4,1197115,1,245107,0,197137
2023-08-10,warmińsko-mazurskie,WN,1,224322,0,4355,4,1197119,1,245108,0,197137
2023-08-11,warmińsko-mazurskie,WN,1,224323,0,4355,1,1197120,1,245109,0,197137
2023-08-12,warmińsko-mazurskie,WN,1,224324,0,4355,6,1197126,1,245110,0,197137
2023-08-13,warmińsko-mazurskie,WN,0,224324,0,4355,0,1197126,0,245110,0,197137
2023-08-14,warmińsko-mazurskie,WN,0,224324,0,4355,2,1197128,0,245110,0,197137
2023-08-15,warmińsko-mazurskie,WN,3,224327,0,4355,11,1197139,3,245113,0,197137
2023-08-16,warmińsko-mazurskie,WN,0,224327,0,4355,4,1197143,0,245113,0,197137
2023-08-17,warmińsko-mazurskie,WN,0,224327,0,4355,14,1197157,0,245113,0,197137
2023-08-18,warmińsko-mazurskie,WN,0,224327,0,4355,4,1197161,0,245113,0,197137
2023-08-19,warmińsko-mazurskie,WN,7,224334,0,4355,11,1197172,8,245121,0,197137
2023-08-20,warmińsko-mazurskie,WN,0,224334,0,4355,0,1197172,0,245121,0,197137
2023-08-21,warmińsko-mazurskie,WN,0,224334,0,4355,0,1197172,0,245121,0,197137
2023-08-22,warmińsko-mazurskie,WN,6,224340,0,4355,12,1197184,6,245127,0,197137
2023-08-23,warmińsko-mazurskie,WN,5,224345,0,4355,25,1197209,5,245132,0,197137
2023-08-24,warmińsko-mazurskie,WN,1,224346,0,4355,8,1197217,2,245134,0,197137
2023-08-25,warmińsko-mazurskie,WN,0,224346,0,4355,1,1197218,0,245134,0,197137
2023-08-26,warmińsko-mazurskie,WN,1,224347,0,4355,4,1197222,1,245135,0,197137
2023-08-27,warmińsko-mazurskie,WN,0,224347,0,4355,0,1197222,0,245135,0,197137
2023-08-28,warmińsko-mazurskie,WN,0,224347,0,4355,0,1197222,0,245135,0,197137
2023-08-29,warmińsko-mazurskie,WN,5,224352,0,4355,13,1197235,5,245140,0,197137
2023-08-30,warmińsko-mazurskie,WN,2,224354,0,4355,10,1197245,3,245143,0,197137
2023-08-31,warmińsko-mazurskie,WN,3,224357,0,4355,6,1197251,3,245146,0,197137
2023-09-01,warmińsko-mazurskie,WN,1,224358,0,4355,6,1197257,3,245149,0,197137
2023-09-02,warmińsko-mazurskie,WN,1,224359,0,4355,7,1197264,1,245150,0,197137
2023-09-03,warmińsko-mazurskie,WN,0,224359,0,4355,2,1197266,0,245150,0,197137
2023-09-04,warmińsko-mazurskie,WN,0,224359,0,4355,0,1197266,0,245150,0,197137
2023-09-05,warmińsko-mazurskie,WN,8,224367,0,4355,15,1197281,9,245159,0,197137
2023-09-06,warmińsko-mazurskie,WN,1,224368,0,4355,11,1197292,2,245161,0,197137
2023-09-07,warmińsko-mazurskie,WN,4,224372,0,4355,12,1197304,6,245167,0,197137
2023-09-08,warmińsko-mazurskie,WN,2,224374,0,4355,20,1197324,3,245170,0,197137
2023-09-09,warmińsko-mazurskie,WN,5,224379,0,4355,12,1197336,9,245179,0,197137
2023-09-10,warmińsko-mazurskie,WN,0,224379,0,4355,0,1197336,0,245179,0,197137
2023-09-11,warmińsko-mazurskie,WN,1,224380,0,4355,1,1197337,1,245180,0,197137
2023-09-12,warmińsko-mazurskie,WN,2,224382,0,4355,18,1197355,4,245184,0,197137
2023-09-13,warmińsko-mazurskie,WN,2,224384,1,4356,11,1197366,2,245186,0,197137
2023-09-14,warmińsko-mazurskie,WN,8,224392,0,4356,17,1197383,9,245195,0,197137
2023-09-15,warmińsko-mazurskie,WN,6,224398,0,4356,20,1197403,6,245201,0,197137
2023-09-16,warmińsko-mazurskie,WN,4,224402,0,4356,15,1197418,4,245205,0,197137
2023-09-17,warmińsko-mazurskie,WN,0,224402,0,4356,1,1197419,0,245205,0,197137
2023-09-18,warmińsko-mazurskie,WN,1,224403,0,4356,1,1197420,1,245206,0,197137
2023-09-19,warmińsko-mazurskie,WN,6,224409,0,4356,24,1197444,6,245212,0,197137
2023-09-20,warmińsko-mazurskie,WN,6,224415,0,4356,33,1197477,6,245218,0,197137
2023-09-21,warmińsko-mazurskie,WN,2,224417,0,4356,22,1197499,2,245220,0,197137
2023-09-22,warmińsko-mazurskie,WN,7,224424,0,4356,24,1197523,7,245227,0,197137
2023-09-23,warmińsko-mazurskie,WN,4,224428,0,4356,12,1197535,4,245231,0,197137
2023-09-24,warmińsko-mazurskie,WN,0,224428,0,4356,0,1197535,0,245231,0,197137
2023-09-25,warmińsko-mazurskie,WN,1,224429,0,4356,1,1197536,1,245232,0,197137
2023-09-26,warmińsko-mazurskie,WN,16,224445,0,4356,43,1197579,17,245249,0,197137
2023-09-27,warmińsko-mazurskie,WN,3,224448,0,4356,22,1197601,3,245252,0,197137
2023-09-28,warmińsko-mazurskie,WN,11,224459,0,4356,37,1197638,11,245263,0,197137
2023-09-29,warmińsko-mazurskie,WN,6,224465,0,4356,41,1197679,6,245269,0,197137
2023-09-30,warmińsko-mazurskie,WN,7,224472,0,4356,23,1197702,7,245276,0,197137
2023-10-01,warmińsko-mazurskie,WN,0,224472,0,4356,0,1197702,0,245276,0,197137
2023-10-02,warmińsko-mazurskie,WN,0,224472,0,4356,2,1197704,0,245276,0,197137
2023-10-03,warmińsko-mazurskie,WN,13,224485,0,4356,41,1197745,13,245289,0,197137
2023-10-04,warmińsko-mazurskie,WN,4,224489,0,4356,26,1197771,4,245293,0,197137
2023-10-05,warmińsko-mazurskie,WN,16,224505,0,4356,35,1197806,16,245309,0,197137
2023-10-06,warmińsko-mazurskie,WN,12,224517,0,4356,43,1197849,12,245321,0,197137
2023-10-07,warmińsko-mazurskie,WN,5,224522,0,4356,20,1197869,5,245326,0,197137
2023-10-08,warmińsko-mazurskie,WN,0,224522,0,4356,0,1197869,0,245326,0,197137
2023-10-09,warmińsko-mazurskie,WN,1,224523,0,4356,3,1197872,1,245327,0,197137
2023-10-10,warmińsko-mazurskie,WN,11,224534,0,4356,60,1197932,11,245338,0,197137
2023-10-11,warmińsko-mazurskie,WN,14,224548,0,4356,37,1197969,14,245352,0,197137
2023-10-12,warmińsko-mazurskie,WN,10,224558,0,4356,38,1198007,10,245362,0,197137
2023-10-13,warmińsko-mazurskie,WN,7,224565,0,4356,35,1198042,7,245369,0,197137
2023-10-14,warmińsko-mazurskie,WN,12,224577,0,4356,49,1198091,17,245386,0,197137
2023-10-15,warmińsko-mazurskie,WN,0,224577,0,4356,0,1198091,0,245386,0,197137
2023-10-16,warmińsko-mazurskie,WN,0,224577,0,4356,0,1198091,0,245386,0,197137
2023-10-17,warmińsko-mazurskie,WN,14,224591,0,4356,47,1198138,14,245400,0,197137
2023-10-18,warmińsko-mazurskie,WN,14,224605,0,4356,32,1198170,14,245414,0,197137
2023-10-19,warmińsko-mazurskie,WN,10,224615,0,4356,30,1198200,10,245424,0,197137
2023-10-20,warmińsko-mazurskie,WN,13,224628,0,4356,47,1198247,13,245437,0,197137
2023-10-21,warmińsko-mazurskie,WN,7,224635,0,4356,22,1198269,8,245445,0,197137
2023-10-22,warmińsko-mazurskie,WN,0,224635,0,4356,0,1198269,0,245445,0,197137
2023-10-23,warmińsko-mazurskie,WN,0,224635,0,4356,13,1198282,0,245445,0,197137
2023-10-24,warmińsko-mazurskie,WN,36,224671,0,4356,92,1198374,39,245484,0,197137
2023-10-25,warmińsko-mazurskie,WN,36,224707,0,4356,73,1198447,37,245521,0,197137
2023-10-26,warmińsko-mazurskie,WN,36,224743,0,4356,77,1198524,39,245560,0,197137
2023-10-27,warmińsko-mazurskie,WN,38,224781,0,4356,80,1198604,40,245600,0,197137
2023-10-28,warmińsko-mazurskie,WN,28,224809,0,4356,72,1198676,44,245644,0,197137
2023-10-29,warmińsko-mazurskie,WN,0,224809,0,4356,1,1198677,0,245644,0,197137
2023-10-30,warmińsko-mazurskie,WN,2,224811,0,4356,3,1198680,2,245646,0,197137
2023-10-31,warmińsko-mazurskie,WN,74,224885,1,4357,132,1198812,80,245726,0,197137
2023-11-01,warmińsko-mazurskie,WN,31,224916,0,4357,150,1198962,34,245760,0,197137
2023-11-02,warmińsko-mazurskie,WN,5,224921,0,4357,28,1198990,6,245766,0,197137
2023-11-03,warmińsko-mazurskie,WN,44,224965,1,4358,175,1199165,50,245816,0,197137
2023-11-04,warmińsko-mazurskie,WN,51,225016,1,4359,246,1199411,53,245869,0,197137
2023-11-05,warmińsko-mazurskie,WN,11,225027,0,4359,14,1199425,11,245880,0,197137
2023-11-06,warmińsko-mazurskie,WN,0,225027,0,4359,7,1199432,0,245880,0,197137
2023-11-07,warmińsko-mazurskie,WN,98,225125,0,4359,254,1199686,114,245994,0,197137
2023-11-08,warmińsko-mazurskie,WN,65,225190,0,4359,151,1199837,65,246059,0,197137
2023-11-09,warmińsko-mazurskie,WN,79,225269,0,4359,140,1199977,81,246140,0,197137
2023-11-10,warmińsko-mazurskie,WN,69,225338,0,4359,136,1200113,73,246213,0,197137
2023-11-11,warmińsko-mazurskie,WN,50,225388,3,4362,210,1200323,50,246263,0,197137
2023-11-12,warmińsko-mazurskie,WN,5,225393,0,4362,11,1200334,5,246268,0,197137
2023-11-13,warmińsko-mazurskie,WN,0,225393,0,4362,6,1200340,0,246268,0,197137
2023-11-14,warmińsko-mazurskie,WN,99,225492,0,4362,180,1200520,103,246371,0,197137
2023-11-15,warmińsko-mazurskie,WN,79,225571,0,4362,178,1200698,88,246459,0,197137
2023-11-16,warmińsko-mazurskie,WN,61,225632,1,4363,111,1200809,62,246521,0,197137
2023-11-17,warmińsko-mazurskie,WN,58,225690,1,4364,118,1200927,63,246584,0,197137
2023-11-18,warmińsko-mazurskie,WN,70,225760,0,4364,120,1201047,79,246663,0,197137
2023-11-19,warmińsko-mazurskie,WN,0,225760,0,4364,2,1201049,1,246664,0,197137
2023-11-20,warmińsko-mazurskie,WN,6,225766,0,4364,9,1201058,6,246670,0,197137
2023-11-21,warmińsko-mazurskie,WN,103,225869,2,4366,178,1201236,106,246776,0,197137
2023-11-22,warmińsko-mazurskie,WN,98,225967,0,4366,186,1201422,100,246876,0,197137
2023-11-23,warmińsko-mazurskie,WN,77,226044,1,4367,134,1201556,79,246955,0,197137
2023-11-24,warmińsko-mazurskie,WN,121,226165,2,4369,215,1201771,141,247096,0,197137
2023-11-25,warmińsko-mazurskie,WN,82,226247,0,4369,145,1201916,84,247180,0,197137
2023-11-26,warmińsko-mazurskie,WN,4,226251,0,4369,10,1201926,4,247184,0,197137
2023-11-27,warmińsko-mazurskie,WN,4,226255,0,4369,10,1201936,4,247188,0,197137
2023-11-28,warmińsko-mazurskie,WN,148,226403,1,4370,261,1202197,149,247337,0,197137
2023-11-29,warmińsko-mazurskie,WN,132,226535,0,4370,215,1202412,133,247470,0,197137
2023-11-30,warmińsko-mazurskie,WN,117,226652,0,4370,186,1202598,118,247588,0,197137
2023-12-01,warmińsko-mazurskie,WN,90,226742,0,4370,154,1202752,96,247684,0,197137
2023-12-02,warmińsko-mazurskie,WN,105,226847,0,4370,167,1202919,109,247793,0,197137
2023-12-03,warmińsko-mazurskie,WN,0,226847,0,4370,1,1202920,0,247793,0,197137
2023-12-04,warmińsko-mazurskie,WN,4,226851,0,4370,13,1202933,4,247797,0,197137
2023-12-05,warmińsko-mazurskie,WN,166,227017,0,4370,294,1203227,167,247964,0,197137
2023-12-06,warmińsko-mazurskie,WN,137,227154,0,4370,284,1203511,152,248116,0,197137
2023-12-07,warmińsko-mazurskie,WN,87,227241,0,4370,176,1203687,89,248205,0,197137
2023-12-08,warmińsko-mazurskie,WN,107,227348,0,4370,199,1203886,112,248317,0,197137
2023-12-09,warmińsko-mazurskie,WN,101,227449,0,4370,205,1204091,101,248418,0,197137
2023-12-10,warmińsko-mazurskie,WN,2,227451,0,4370,9,1204100,2,248420,0,197137
2023-12-11,warmińsko-mazurskie,WN,6,227457,0,4370,9,1204109,6,248426,0,197137
2023-12-12,warmińsko-mazurskie,WN,181,227638,0,4370,339,1204448,185,248611,0,197137
2023-12-13,warmińsko-mazurskie,WN,138,227776,1,4371,322,1204770,157,248768,0,197137
2023-12-14,warmińsko-mazurskie,WN,97,227873,1,4372,209,1204979,101,248869,0,197137
2023-12-15,warmińsko-mazurskie,WN,105,227978,0,4372,206,1205185,106,248975,0,197137
2023-12-16,warmińsko-mazurskie,WN,147,228125,3,4375,291,1205476,153,249128,0,197137
2023-12-17,warmińsko-mazurskie,WN,4,228129,0,4375,5,1205481,5,249133,0,197137
2023-12-18,warmińsko-mazurskie,WN,2,228131,0,4375,7,1205488,2,249135,0,197137
2023-12-19,warmińsko-mazurskie,WN,148,228279,1,4376,348,1205836,151,249286,0,197137
2023-12-20,warmińsko-mazurskie,WN,126,228405,2,4378,256,1206092,147,249433,0,197137
2023-12-21,warmińsko-mazurskie,WN,74,228479,1,4379,179,1206271,76,249509,0,197137
2023-12-22,warmińsko-mazurskie,WN,82,228561,1,4380,185,1206456,88,249597,0,197137
2023-12-23,warmińsko-mazurskie,WN,83,228644,1,4381,240,1206696,87,249684,0,197137
2023-12-24,warmińsko-mazurskie,WN,0,228644,0,4381,0,1206696,0,249684,0,197137
2023-12-25,warmińsko-mazurskie,WN,5,228649,0,4381,6,1206702,5,249689,0,197137
2023-12-26,warmińsko-mazurskie,WN,0,228649,0,4381,1,1206703,0,249689,0,197137
2023-12-27,warmińsko-mazurskie,WN,2,228651,0,4381,8,1206711,3,249692,0,197137
2023-12-28,warmińsko-mazurskie,WN,81,228732,0,4381,189,1206900,83,249775,0,197137
2023-12-29,warmińsko-mazurskie,WN,65,228797,3,4384,181,1207081,65,249840,0,197137
2023-12-30,warmińsko-mazurskie,WN,60,228857,4,4388,178,1207259,61,249901,0,197137
2023-12-31,warmińsko-mazurskie,WN,2,228859,0,4388,5,1207264,2,249903,0,197137
2024-01-01,warmińsko-mazurskie,WN,4,228863,0,4388,7,1207271,4,249907,0,197137
2024-01-02,warmińsko-mazurskie,WN,3,228866,0,4388,11,1207282,3,249910,0,197137
2024-01-03,warmińsko-mazurskie,WN,79,228945,1,4389,213,1207495,81,249991,0,197137
2024-01-04,warmińsko-mazurskie,WN,102,229047,1,4390,518,1208013,118,250109,0,197137
2024-01-05,warmińsko-mazurskie,WN,96,229143,1,4391,406,1208419,121,250230,0,197137
2024-01-06,warmińsko-mazurskie,WN,40,229183,0,4391,201,1208620,41,250271,0,197137
2024-01-07,warmińsko-mazurskie,WN,0,229183,0,4391,7,1208627,0,250271,0,197137
2024-01-08,warmińsko-mazurskie,WN,2,229185,0,4391,25,1208652,2,250273,0,197137
2024-01-09,warmińsko-mazurskie,WN,44,229229,0,4391,206,1208858,45,250318,0,197137
2024-01-10,warmińsko-mazurskie,WN,39,229268,1,4392,382,1209240,39,250357,0,197137
2024-01-11,warmińsko-mazurskie,WN,46,229314,0,4392,381,1209621,57,250414,0,197137
2024-01-12,warmińsko-mazurskie,WN,40,229354,0,4392,310,1209931,41,250455,0,197137
2024-01-13,warmińsko-mazurskie,WN,23,229377,0,4392,398,1210329,24,250479,0,197137
2024-01-14,warmińsko-mazurskie,WN,0,229377,0,4392,7,1210336,0,250479,0,197137
2024-01-15,warmińsko-mazurskie,WN,0,229377,0,4392,14,1210350,0,250479,0,197137
2024-01-16,warmińsko-mazurskie,WN,51,229428,0,4392,260,1210610,53,250532,0,197137
2024-01-17,warmińsko-mazurskie,WN,38,229466,0,4392,188,1210798,40,250572,0,197137
2024-01-18,warmińsko-mazurskie,WN,26,229492,0,4392,162,1210960,31,250603,0,197137
2024-01-19,warmińsko-mazurskie,WN,29,229521,0,4392,119,1211079,33,250636,0,197137
2024-01-20,warmińsko-mazurskie,WN,24,229545,1,4393,220,1211299,25,250661,0,197137
2024-01-21,warmińsko-mazurskie,WN,0,229545,0,4393,6,1211305,0,250661,0,197137
2024-01-22,warmińsko-mazurskie,WN,2,229547,0,4393,15,1211320,2,250663,0,197137
2024-01-23,warmińsko-mazurskie,WN,25,229572,0,4393,207,1211527,27,250690,0,197137
2024-01-24,warmińsko-mazurskie,WN,34,229606,0,4393,296,1211823,38,250728,0,197137
2024-01-25,warmińsko-mazurskie,WN,20,229626,0,4393,126,1211949,20,250748,0,197137
2024-01-26,warmińsko-mazurskie,WN,10,229636,0,4393,144,1212093,10,250758,0,197137
2024-01-27,warmińsko-mazurskie,WN,17,229653,1,4394,142,1212235,18,250776,0,197137
2024-01-28,warmińsko-mazurskie,WN,0,229653,0,4394,3,1212238,0,250776,0,197137
2024-01-29,warmińsko-mazurskie,WN,0,229653,0,4394,11,1212249,0,250776,0,197137
2024-01-30,warmińsko-mazurskie,WN,15,229668,0,4394,137,1212386,15,250791,0,197137
2024-01-31,warmińsko-mazurskie,WN,12,229680,0,4394,194,1212580,12,250803,0,197137
2024-02-01,warmińsko-mazurskie,WN,18,229698,0,4394,113,1212693,19,250822,0,197137
2024-02-02,warmińsko-mazurskie,WN,17,229715,0,4394,149,1212842,17,250839,0,197137
2024-02-03,warmińsko-mazurskie,WN,18,229733,0,4394,113,1212955,20,250859,0,197137
2024-02-04,warmińsko-mazurskie,WN,2,229735,0,4394,3,1212958,2,250861,0,197137
2024-02-05,warmińsko-mazurskie,WN,1,229736,0,4394,6,1212964,1,250862,0,197137
2024-02-06,warmińsko-mazurskie,WN,19,229755,0,4394,186,1213150,20,250882,0,197137
2024-02-07,warmińsko-mazurskie,WN,14,229769,0,4394,157,1213307,14,250896,0,197137
2024-02-08,warmińsko-mazurskie,WN,10,229779,0,4394,137,1213444,10,250906,0,197137
2024-02-09,warmińsko-mazurskie,WN,6,229785,0,4394,112,1213556,7,250913,0,197137
2024-02-10,warmińsko-mazurskie,WN,7,229792,0,4394,143,1213699,7,250920,0,197137
2024-02-11,warmińsko-mazurskie,WN,1,229793,0,4394,11,1213710,1,250921,0,197137
2024-02-12,warmińsko-mazurskie,WN,1,229794,0,4394,7,1213717,1,250922,0,197137
2024-02-13,warmińsko-mazurskie,WN,11,229805,0,4394,194,1213911,11,250933,0,197137
2024-02-14,warmińsko-mazurskie,WN,10,229815,0,4394,174,1214085,14,250947,0,197137
2024-02-15,warmińsko-mazurskie,WN,11,229826,0,4394,178,1214263,13,250960,0,197137
2024-02-16,warmińsko-mazurskie,WN,5,229831,1,4395,143,1214406,5,250965,0,197137
2024-02-17,warmińsko-mazurskie,WN,5,229836,1,4396,129,1214535,5,250970,0,197137
2024-02-18,warmińsko-mazurskie,WN,0,229836,0,4396,16,1214551,0,250970,0,197137
2024-02-19,warmińsko-mazurskie,WN,0,229836,0,4396,6,1214557,0,250970,0,197137
2024-02-20,warmińsko-mazurskie,WN,6,229842,0,4396,202,1214759,6,250976,0,197137
2024-02-21,warmińsko-mazurskie,WN,10,229852,0,4396,122,1214881,10,250986,0,197137
2024-02-22,warmińsko-mazurskie,WN,9,229861,0,4396,302,1215183,9,250995,0,197137
2024-02-23,warmińsko-mazurskie,WN,9,229870,0,4396,230,1215413,10,251005,0,197137
2024-02-24,warmińsko-mazurskie,WN,12,229882,0,4396,206,1215619,12,251017,0,197137
2024-02-25,warmińsko-mazurskie,WN,0,229882,0,4396,4,1215623,0,251017,0,197137
2024-02-26,warmińsko-mazurskie,WN,1,229883,0,4396,9,1215632,1,251018,0,197137
2024-02-27,warmińsko-mazurskie,WN,14,229897,0,4396,244,1215876,15,251033,0,197137
2024-02-28,warmińsko-mazurskie,WN,23,229920,0,4396,331,1216207,25,251058,0,197137
2024-02-29,warmińsko-mazurskie,WN,5,229925,0,4396,131,1216338,5,251063,0,197137
2024-03-01,warmińsko-mazurskie,WN,2,229927,0,4396,105,1216443,2,251065,0,197137
2024-03-02,warmińsko-mazurskie,WN,5,229932,0,4396,195,1216638,9,251074,0,197137
2024-03-03,warmińsko-mazurskie,WN,0,229932,0,4396,15,1216653,1,251075,0,197137
2024-03-04,warmińsko-mazurskie,WN,0,229932,0,4396,2,1216655,0,251075,0,197137
2024-03-05,warmińsko-mazurskie,WN,9,229941,0,4396,130,1216785,10,251085,0,197137
2024-03-06,warmińsko-mazurskie,WN,6,229947,0,4396,166,1216951,9,251094,0,197137
2024-03-07,warmińsko-mazurskie,WN,1,229948,0,4396,103,1217054,1,251095,0,197137
2024-03-08,warmińsko-mazurskie,WN,6,229954,0,4396,104,1217158,7,251102,0,197137
2024-03-09,warmińsko-mazurskie,WN,6,229960,0,4396,111,1217269,7,251109,0,197137
2024-03-10,warmińsko-mazurskie,WN,0,229960,0,4396,3,1217272,0,251109,0,197137
2024-03-11,warmińsko-mazurskie,WN,0,229960,0,4396,2,1217274,0,251109,0,197137
2024-03-12,warmińsko-mazurskie,WN,3,229963,0,4396,122,1217396,6,251115,0,197137
2024-03-13,warmińsko-mazurskie,WN,3,229966,0,4396,105,1217501,3,251118,0,197137
2024-03-14,warmińsko-mazurskie,WN,5,229971,0,4396,103,1217604,6,251124,0,197137
2024-03-15,warmińsko-mazurskie,WN,1,229972,0,4396,74,1217678,1,251125,0,197137
2024-03-16,warmińsko-mazurskie,WN,0,229972,1,4397,49,1217727,0,251125,0,197137
2024-03-17,warmińsko-mazurskie,WN,0,229972,0,4397,12,1217739,0,251125,0,197137
2024-03-18,warmińsko-mazurskie,WN,0,229972,0,4397,0,1217739,0,251125,0,197137
2024-03-19,warmińsko-mazurskie,WN,3,229975,0,4397,80,1217819,3,251128,0,197137
2024-03-20,warmińsko-mazurskie,WN,1,229976,0,4397,50,1217869,1,251129,0,197137
2024-03-21,warmińsko-mazurskie,WN,1,229977,0,4397,168,1218037,2,251131,0,197137
2024-03-22,warmińsko-mazurskie,WN,1,229978,0,4397,83,1218120,1,251132,0,197137
2024-03-23,warmińsko-mazurskie,WN,0,229978,0,4397,46,1218166,0,251132,0,197137
2024-03-24,warmińsko-mazurskie,WN,0,229978,0,4397,8,1218174,0,251132,0,197137
2024-03-25,warmińsko-mazurskie,WN,0,229978,0,4397,5,1218179,0,251132,0,197137
2024-03-26,warmińsko-mazurskie,WN,4,229982,0,4397,74,1218253,4,251136,0,197137
2024-03-27,warmińsko-mazurskie,WN,0,229982,0,4397,55,1218308,0,251136,0,197137
2024-03-28,warmińsko-mazurskie,WN,5,229987,0,4397,80,1218388,5,251141,0,197137
2024-03-29,warmińsko-mazurskie,WN,4,229991,0,4397,46,1218434,4,251145,0,197137
2024-03-30,warmińsko-mazurskie,WN,1,229992,0,4397,57,1218491,1,251146,0,197137
2024-03-31,warmińsko-mazurskie,WN,0,229992,0,4397,5,1218496,0,251146,0,197137
2024-04-01,warmińsko-mazurskie,WN,0,229992,0,4397,1,1218497,0,251146,0,197137
2024-04-02,warmińsko-mazurskie,WN,0,229992,0,4397,0,1218497,0,251146,0,197137
2024-04-03,warmińsko-mazurskie,WN,0,229992,0,4397,57,1218554,0,251146,0,197137
2024-04-19,warmińsko-mazurskie,WN,1,229993,0,4397,44,1218598,1,251147,0,197137
2024-04-20,warmińsko-mazurskie,WN,0,229993,0,4397,22,1218620,0,251147,0,197137
2024-04-21,warmińsko-mazurskie,WN,0,229993,0,4397,0,1218620,0,251147,0,197137
2024-04-22,warmińsko-mazurskie,WN,0,229993,0,4397,3,1218623,0,251147,0,197137
2024-04-23,warmińsko-mazurskie,WN,1,229994,0,4397,40,1218663,1,251148,0,197137
2024-04-24,warmińsko-mazurskie,WN,0,229994,0,4397,22,1218685,0,251148,0,197137
2024-04-25,warmińsko-mazurskie,WN,0,229994,0,4397,8,1218693,0,251148,0,197137
2024-04-26,warmińsko-mazurskie,WN,2,229996,0,4397,10,1218703,2,251150,0,197137
2024-04-27,warmińsko-mazurskie,WN,1,229997,0,4397,58,1218761,1,251151,0,197137
2024-04-28,warmińsko-mazurskie,WN,0,229997,0,4397,1,1218762,0,251151,0,197137
2024-04-29,warmińsko-mazurskie,WN,0,229997,0,4397,0,1218762,0,251151,0,197137
2024-04-30,warmińsko-mazurskie,WN,1,229998,0,4397,49,1218811,1,251152,0,197137
2024-05-01,warmińsko-mazurskie,WN,0,229998,0,4397,17,1218828,0,251152,0,197137
2024-05-02,warmińsko-mazurskie,WN,0,229998,0,4397,0,1218828,0,251152,0,197137
2024-05-03,warmińsko-mazurskie,WN,1,229999,0,4397,16,1218844,1,251153,0,197137
2024-05-04,warmińsko-mazurskie,WN,0,229999,0,4397,1,1218845,0,251153,0,197137
2024-05-05,warmińsko-mazurskie,WN,0,229999,0,4397,1,1218846,0,251153,0,197137
2024-05-06,warmińsko-mazurskie,WN,0,229999,0,4397,1,1218847,0,251153,0,197137
2024-05-07,warmińsko-mazurskie,WN,1,230000,0,4397,19,1218866,1,251154,0,197137
2024-05-08,warmińsko-mazurskie,WN,0,230000,0,4397,47,1218913,0,251154,0,197137
2024-05-09,warmińsko-mazurskie,WN,2,230002,0,4397,40,1218953,2,251156,0,197137
2024-05-10,warmińsko-mazurskie,WN,2,230004,0,4397,11,1218964,2,251158,0,197137
2024-05-11,warmińsko-mazurskie,WN,0,230004,0,4397,48,1219012,0,251158,0,197137
2024-05-12,warmińsko-mazurskie,WN,0,230004,0,4397,0,1219012,0,251158,0,197137
2024-05-13,warmińsko-mazurskie,WN,0,230004,0,4397,0,1219012,0,251158,0,197137
2024-05-14,warmińsko-mazurskie,WN,1,230005,0,4397,36,1219048,1,251159,0,197137
2024-05-15,warmińsko-mazurskie,WN,0,230005,0,4397,13,1219061,0,251159,0,197137
2024-05-16,warmińsko-mazurskie,WN,0,230005,0,4397,25,1219086,0,251159,0,197137
2024-05-17,warmińsko-mazurskie,WN,0,230005,0,4397,5,1219091,0,251159,0,197137
2024-05-18,warmińsko-mazurskie,WN,0,230005,0,4397,20,1219111,0,251159,0,197137
2024-05-19,warmińsko-mazurskie,WN,0,230005,0,4397,1,1219112,0,251159,0,197137
2024-05-20,warmińsko-mazurskie,WN,0,230005,0,4397,0,1219112,0,251159,0,197137
2024-05-21,warmińsko-mazurskie,WN,0,230005,0,4397,53,1219165,0,251159,0,197137
2024-05-22,warmińsko-mazurskie,WN,1,230006,0,4397,9,1219174,1,251160,0,197137
2024-05-23,warmińsko-mazurskie,WN,3,230009,0,4397,8,1219182,3,251163,0,197137
2024-05-24,warmińsko-mazurskie,WN,2,230011,0,4397,9,1219191,2,251165,0,197137
2024-05-25,warmińsko-mazurskie,WN,0,230011,0,4397,7,1219198,0,251165,0,197137
2024-05-26,warmińsko-mazurskie,WN,0,230011,0,4397,4,1219202,0,251165,0,197137
2024-05-27,warmińsko-mazurskie,WN,0,230011,0,4397,0,1219202,0,251165,0,197137
2024-05-28,warmińsko-mazurskie,WN,0,230011,0,4397,4,1219206,0,251165,0,197137
2024-05-29,warmińsko-mazurskie,WN,1,230012,0,4397,15,1219221,1,251166,0,197137
2024-05-30,warmińsko-mazurskie,WN,0,230012,0,4397,52,1219273,0,251166,0,197137
2024-05-31,warmińsko-mazurskie,WN,0,230012,0,4397,1,1219274,0,251166,0,197137
2024-06-01,warmińsko-mazurskie,WN,5,230017,0,4397,15,1219289,5,251171,0,197137
2024-06-02,warmińsko-mazurskie,WN,0,230017,0,4397,0,1219289,0,251171,0,197137
2024-06-03,warmińsko-mazurskie,WN,0,230017,0,4397,0,1219289,0,251171,0,197137
2024-06-04,warmińsko-mazurskie,WN,2,230019,0,4397,14,1219303,2,251173,0,197137
2024-06-05,warmińsko-mazurskie,WN,0,230019,0,4397,25,1219328,0,251173,0,197137
2024-06-06,warmińsko-mazurskie,WN,3,230022,0,4397,5,1219333,3,251176,0,197137
2024-06-07,warmińsko-mazurskie,WN,0,230022,0,4397,14,1219347,0,251176,0,197137
2024-06-08,warmińsko-mazurskie,WN,0,230022,0,4397,16,1219363,0,251176,0,197137
2024-06-09,warmińsko-mazurskie,WN,0,230022,0,4397,0,1219363,0,251176,0,197137
2024-06-10,warmińsko-mazurskie,WN,0,230022,0,4397,1,1219364,0,251176,0,197137
2024-06-11,warmińsko-mazurskie,WN,1,230023,0,4397,18,1219382,1,251177,0,197137
2024-06-12,warmińsko-mazurskie,WN,2,230025,0,4397,20,1219402,4,251181,0,197137
2024-06-13,warmińsko-mazurskie,WN,2,230027,0,4397,8,1219410,2,251183,0,197137
2024-06-14,warmińsko-mazurskie,WN,1,230028,0,4397,10,1219420,1,251184,0,197137
2024-06-15,warmińsko-mazurskie,WN,2,230030,0,4397,16,1219436,2,251186,0,197137
2024-06-16,warmińsko-mazurskie,WN,0,230030,0,4397,0,1219436,0,251186,0,197137
2024-06-17,warmińsko-mazurskie,WN,0,230030,0,4397,0,1219436,0,251186,0,197137
2024-06-18,warmińsko-mazurskie,WN,2,230032,0,4397,18,1219454,2,251188,0,197137
2024-06-19,warmińsko-mazurskie,WN,4,230036,0,4397,12,1219466,4,251192,0,197137
2024-06-20,warmińsko-mazurskie,WN,0,230036,0,4397,9,1219475,0,251192,0,197137
2024-06-21,warmińsko-mazurskie,WN,0,230036,0,4397,8,1219483,0,251192,0,197137
2024-06-22,warmińsko-mazurskie,WN,2,230038,0,4397,17,1219500,2,251194,0,197137
2024-06-23,warmińsko-mazurskie,WN,0,230038,0,4397,1,1219501,0,251194,0,197137
2024-06-24,warmińsko-mazurskie,WN,0,230038,0,4397,0,1219501,0,251194,0,197137
2024-06-25,warmińsko-mazurskie,WN,3,230041,0,4397,10,1219511,3,251197,0,197137
2024-06-26,warmińsko-mazurskie,WN,1,230042,0,4397,12,1219523,1,251198,0,197137
2024-06-27,warmińsko-mazurskie,WN,3,230045,0,4397,9,1219532,3,251201,0,197137
2024-06-28,warmińsko-mazurskie,WN,2,230047,0,4397,8,1219540,2,251203,0,197137
2024-06-29,warmińsko-mazurskie,WN,4,230051,0,4397,22,1219562,4,251207,0,197137
2024-06-30,warmińsko-mazurskie,WN,0,230051,0,4397,0,1219562,0,251207,0,197137
2024-07-01,warmińsko-mazurskie,WN,0,230051,0,4397,6,1219568,0,251207,0,197137
2020-11-24,dolnośląskie,DS,1033,1033,51,51,4160,4160,1162,1162,0,0
2020-11-25,dolnośląskie,DS,820,1853,37,88,3671,7831,935,2097,0,0
2020-11-26,dolnośląskie,DS,1117,2970,51,139,4439,12270,1237,3334,0,0
2020-11-27,dolnośląskie,DS,1319,4289,65,204,4969,17239,1403,4737,0,0
2020-11-28,dolnośląskie,DS,1486,5775,30,234,5432,22671,1576,6313,0,0
2020-11-29,dolnośląskie,DS,782,6557,11,245,2465,25136,823,7136,0,0
2020-11-30,dolnośląskie,DS,446,7003,5,250,1607,26743,502,7638,0,0
2020-12-01,dolnośląskie,DS,718,7721,57,307,3692,30435,788,8426,0,0
2020-12-02,dolnośląskie,DS,848,8569,54,361,3445,33880,929,9355,0,0
2020-12-03,dolnośląskie,DS,845,9414,41,402,3498,37378,916,10271,0,0
2020-12-04,dolnośląskie,DS,828,10242,42,444,4301,41679,895,11166,0,0
2020-12-05,dolnośląskie,DS,918,11160,22,466,3966,45645,1063,12229,0,0
2020-12-06,dolnośląskie,DS,475,11635,8,474,2224,47869,521,12750,0,0
2020-12-07,dolnośląskie,DS,288,11923,2,476,1244,49113,318,13068,0,0
2020-12-08,dolnośląskie,DS,570,12493,37,513,3098,52211,714,13782,0,0
2020-12-09,dolnośląskie,DS,819,13312,50,563,3881,56092,899,14681,0,0
2020-12-10,dolnośląskie,DS,986,14298,24,587,4240,60332,1084,15765,0,0
2020-12-11,dolnośląskie,DS,800,15098,49,636,4077,64409,923,16688,0,0
2020-12-12,dolnośląskie,DS,703,15801,34,670,3689,68098,789,17477,0,0
2020-12-13,dolnośląskie,DS,507,16308,1,671,2322,70420,569,18046,0,0
2020-12-14,dolnośląskie,DS,266,16574,0,671,1750,72170,306,18352,0,0
2020-12-15,dolnośląskie,DS,531,17105,30,701,3548,75718,635,18987,0,0
2020-12-16,dolnośląskie,DS,634,17739,40,741,3567,79285,719,19706,0,0
2020-12-17,dolnośląskie,DS,685,18424,27,768,3397,82682,754,20460,0,0
2020-12-18,dolnośląskie,DS,684,19108,32,800,3073,85755,739,21199,0,0
2020-12-19,dolnośląskie,DS,598,19706,24,824,2946,88701,660,21859,0,0
2020-12-20,dolnośląskie,DS,486,20192,8,832,2215,90916,512,22371,0,0
2020-12-21,dolnośląskie,DS,203,20395,5,837,1573,92489,239,22610,0,0
2020-12-22,dolnośląskie,DS,418,20813,20,857,2942,95431,501,23111,0,0
2020-12-23,dolnośląskie,DS,601,21414,36,893,3612,99043,673,23784,0,0
2020-12-24,dolnośląskie,DS,742,22156,26,919,3379,102422,860,24644,549,549
2020-12-25,dolnośląskie,DS,474,22630,10,929,1967,104389,505,25149,718,1267
2020-12-26,dolnośląskie,DS,219,22849,0,929,1060,105449,260,25409,595,1862
2020-12-27,dolnośląskie,DS,153,23002,0,929,692,106141,170,25579,621,2483
2020-12-28,dolnośląskie,DS,109,23111,0,929,1047,107188,130,25709,573,3056
2020-12-29,dolnośląskie,DS,405,23516,30,959,3336,110524,511,26220,656,3712
2020-12-30,dolnośląskie,DS,674,24190,32,991,3691,114215,735,26955,225,3937
2020-12-31,dolnośląskie,DS,804,24994,23,1014,3970,118185,891,27846,399,4336
2021-01-01,dolnośląskie,DS,644,25638,36,1050,4238,122423,722,28568,599,4935
2021-01-02,dolnośląskie,DS,341,25979,10,1060,1431,123854,374,28942,665,5600
2021-01-03,dolnośląskie,DS,243,26222,0,1060,1832,125686,265,29207,457,6057
2021-01-04,dolnośląskie,DS,114,26336,0,1060,995,126681,130,29337,299,6356
2021-01-05,dolnośląskie,DS,481,26817,25,1085,3752,130433,571,29908,233,6589
2021-01-06,dolnośląskie,DS,597,27414,44,1129,3739,134172,651,30559,185,6774
2021-01-08,dolnośląskie,DS,461,27875,13,1142,3271,137443,509,31068,668,7442
2021-01-09,dolnośląskie,DS,511,28386,22,1164,3454,140897,562,31630,773,8215
2021-01-10,dolnośląskie,DS,459,28845,4,1168,2160,143057,490,32120,494,8709
2021-01-11,dolnośląskie,DS,226,29071,0,1168,1328,144385,246,32366,436,9145
2021-01-12,dolnośląskie,DS,339,29410,33,1201,3558,147943,403,32769,300,9445
2021-01-13,dolnośląskie,DS,452,29862,26,1227,5110,153053,505,33274,205,9650
2021-01-14,dolnośląskie,DS,463,30325,16,1243,4917,157970,518,33792,439,10089
2021-01-15,dolnośląskie,DS,477,30802,19,1262,5268,163238,523,34315,561,10650
2021-01-16,dolnośląskie,DS,378,31180,9,1271,5193,168431,419,34734,752,11402
2021-01-17,dolnośląskie,DS,301,31481,1,1272,3433,171864,323,35057,331,11733
2021-01-18,dolnośląskie,DS,156,31637,0,1272,1591,173455,174,35231,570,12303
2021-01-19,dolnośląskie,DS,310,31947,10,1282,4766,178221,373,35604,542,12845
2021-01-20,dolnośląskie,DS,335,32282,25,1307,3438,181659,386,35990,237,13082
2021-01-21,dolnośląskie,DS,563,32845,11,1318,3687,185346,627,36617,321,13403
2021-01-22,dolnośląskie,DS,365,33210,17,1335,3887,189233,409,37026,471,13874
2021-01-23,dolnośląskie,DS,414,33624,15,1350,3667,192900,463,37489,530,14404
2021-01-24,dolnośląskie,DS,251,33875,2,1352,1957,194857,278,37767,494,14898
2021-01-25,dolnośląskie,DS,179,34054,1,1353,1772,196629,198,37965,371,15269
2021-01-26,dolnośląskie,DS,312,34366,29,1382,3966,200595,411,38376,364,15633
2021-01-27,dolnośląskie,DS,343,34709,30,1412,3841,204436,404,38780,188,15821
2021-01-28,dolnośląskie,DS,525,35234,28,1440,4565,209001,626,39406,285,16106
2021-01-29,dolnośląskie,DS,386,35620,13,1453,3619,212620,447,39853,364,16470
2021-01-30,dolnośląskie,DS,337,35957,14,1467,2997,215617,397,40250,434,16904
2021-01-31,dolnośląskie,DS,302,36259,1,1468,2292,217909,342,40592,329,17233
2021-02-01,dolnośląskie,DS,202,36461,0,1468,1471,219380,240,40832,339,17572
2021-02-02,dolnośląskie,DS,236,36697,23,1491,3645,223025,293,41125,337,17909
2021-02-03,dolnośląskie,DS,392,37089,25,1516,3414,226439,484,41609,166,18075
2021-02-04,dolnośląskie,DS,387,37476,7,1523,3211,229650,433,42042,268,18343
2021-02-05,dolnośląskie,DS,313,37789,19,1542,2729,232379,353,42395,356,18699
2021-02-06,dolnośląskie,DS,329,38118,11,1553,3006,235385,364,42759,510,19209
2021-02-07,dolnośląskie,DS,244,38362,0,1553,2405,237790,266,43025,330,19539
2021-02-08,dolnośląskie,DS,111,38473,0,1553,934,238724,133,43158,282,19821
2021-02-09,dolnośląskie,DS,206,38679,12,1565,2793,241517,248,43406,316,20137
2021-02-10,dolnośląskie,DS,270,38949,13,1578,3084,244601,318,43724,112,20249
2021-02-11,dolnośląskie,DS,396,39345,22,1600,3163,247764,439,44163,269,20518
2021-02-12,dolnośląskie,DS,399,39744,21,1621,3448,251212,441,44604,335,20853
2021-02-13,dolnośląskie,DS,404,40148,16,1637,3416,254628,440,45044,376,21229
2021-02-14,dolnośląskie,DS,264,40412,1,1638,1988,256616,282,45326,299,21528
2021-02-15,dolnośląskie,DS,167,40579,1,1639,1096,257712,174,45500,371,21899
2021-02-16,dolnośląskie,DS,258,40837,11,1650,3162,260874,324,45824,285,22184
2021-02-17,dolnośląskie,DS,432,41269,18,1668,3752,264626,470,46294,104,22288
2021-02-18,dolnośląskie,DS,542,41811,6,1674,3904,268530,576,46870,176,22464
2021-02-19,dolnośląskie,DS,554,42365,15,1689,3468,271998,620,47490,287,22751
2021-02-20,dolnośląskie,DS,547,42912,15,1704,3161,275159,596,48086,438,23189
2021-02-21,dolnośląskie,DS,420,43332,5,1709,1948,277107,436,48522,353,23542
2021-02-22,dolnośląskie,DS,254,43586,1,1710,1420,278527,270,48792,314,23856
2021-02-23,dolnośląskie,DS,348,43934,11,1721,2893,281420,402,49194,330,24186
2021-02-24,dolnośląskie,DS,640,44574,28,1749,4221,285641,696,49890,150,24336
2021-02-25,dolnośląskie,DS,853,45427,14,1763,4214,289855,909,50799,267,24603
2021-02-26,dolnośląskie,DS,848,46275,26,1789,3892,293747,949,51748,379,24982
2021-02-27,dolnośląskie,DS,797,47072,10,1799,3913,297660,859,52607,578,25560
2021-02-28,dolnośląskie,DS,660,47732,7,1806,2923,300583,700,53307,532,26092
2021-03-01,dolnośląskie,DS,351,48083,0,1806,2074,302657,376,53683,486,26578
2021-03-02,dolnośląskie,DS,432,48515,15,1821,3765,306422,503,54186,518,27096
2021-03-03,dolnośląskie,DS,782,49297,19,1840,4093,310515,852,55038,271,27367
2021-03-04,dolnośląskie,DS,1173,50470,21,1861,4546,315061,1264,56302,411,27778
2021-03-05,dolnośląskie,DS,1092,51562,16,1877,3820,318881,1196,57498,544,28322
2021-03-06,dolnośląskie,DS,1233,52795,15,1892,4716,323597,1315,58813,935,29257
2021-03-07,dolnośląskie,DS,904,53699,2,1894,2818,326415,950,59763,743,30000
2021-03-08,dolnośląskie,DS,448,54147,0,1894,1717,328132,478,60241,725,30725
2021-03-09,dolnośląskie,DS,676,54823,18,1912,3752,331884,798,61039,685,31410
2021-03-10,dolnośląskie,DS,1044,55867,29,1941,4217,336101,1138,62177,355,31765
2021-03-11,dolnośląskie,DS,1495,57362,35,1976,4811,340912,1630,63807,454,32219
2021-03-12,dolnośląskie,DS,1403,58765,20,1996,4667,345579,1525,65332,752,32971
2021-03-13,dolnośląskie,DS,1681,60446,26,2022,5425,351004,1805,67137,1262,34233
2021-03-14,dolnośląskie,DS,1260,61706,7,2029,4138,355142,1385,68522,1023,35256
2021-03-15,dolnośląskie,DS,932,62638,1,2030,3076,358218,1088,69610,1124,36380
2021-03-16,dolnośląskie,DS,934,63572,18,2048,4356,362574,1202,70812,1021,37401
2021-03-17,dolnośląskie,DS,1667,65239,20,2068,5585,368159,1878,72690,498,37899
2021-03-18,dolnośląskie,DS,2368,67607,10,2078,6532,374691,2611,75301,718,38617
2021-03-19,dolnośląskie,DS,2143,69750,21,2099,6558,381249,2374,77675,926,39543
2021-03-20,dolnośląskie,DS,2222,71972,19,2118,6834,388083,2594,80269,1371,40914
2021-03-21,dolnośląskie,DS,1690,73662,5,2123,4233,392316,1760,82029,1098,42012
2021-03-22,dolnośląskie,DS,1213,74875,0,2123,3403,395719,1290,83319,1500,43512
2021-03-23,dolnośląskie,DS,1299,76174,24,2147,5492,401211,1803,85122,1563,45075
2021-03-24,dolnośląskie,DS,2327,78501,44,2191,6997,408208,2585,87707,928,46003
2021-03-25,dolnośląskie,DS,2677,81178,35,2226,7296,415504,2930,90637,985,46988
2021-03-26,dolnośląskie,DS,2872,84050,34,2260,7850,423354,3103,93740,1716,48704
2021-03-27,dolnośląskie,DS,2707,86757,28,2288,7327,430681,2941,96681,2368,51072
2021-03-28,dolnośląskie,DS,2199,88956,4,2292,5622,436303,2320,99001,2140,53212
2021-03-29,dolnośląskie,DS,1884,90840,0,2292,4550,440853,1958,100959,2100,55312
2021-03-30,dolnośląskie,DS,2104,92944,29,2321,7053,447906,2315,103274,2005,57317
2021-03-31,dolnośląskie,DS,2824,95768,56,2377,7525,455431,2989,106263,1370,58687
2021-04-01,dolnośląskie,DS,3302,99070,35,2412,8741,464172,3527,109790,1565,60252
2021-04-02,dolnośląskie,DS,3069,102139,41,2453,9071,473243,3236,113026,2174,62426
2021-04-03,dolnośląskie,DS,2690,104829,34,2487,7472,480715,2815,115841,2922,65348
2021-04-04,dolnośląskie,DS,2316,107145,15,2502,5969,486684,2479,118320,2868,68216
2021-04-05,dolnośląskie,DS,981,108126,0,2502,2949,489633,1083,119403,2553,70769
2021-04-06,dolnośląskie,DS,587,108713,1,2503,2473,492106,659,120062,2517,73286
2021-04-07,dolnośląskie,DS,1430,110143,54,2557,6541,498647,1562,121624,2058,75344
2021-04-08,dolnośląskie,DS,2296,112439,80,2637,7424,506071,2452,124076,2057,77401
2021-04-09,dolnośląskie,DS,2869,115308,38,2675,8584,514655,3026,127102,2697,80098
2021-04-10,dolnośląskie,DS,2455,117763,50,2725,8335,522990,2606,129708,3500,83598
2021-04-11,dolnośląskie,DS,1818,119581,3,2728,6227,529217,1897,131605,2984,86582
2021-04-12,dolnośląskie,DS,1209,120790,2,2730,4369,533586,1271,132876,2740,89322
2021-04-13,dolnośląskie,DS,1271,122061,46,2776,5969,539555,1394,134270,2233,91555
2021-04-14,dolnośląskie,DS,1708,123769,50,2826,7100,546655,1885,136155,1018,92573
2021-04-15,dolnośląskie,DS,2276,126045,46,2872,7862,554517,2423,138578,919,93492
2021-04-16,dolnośląskie,DS,1745,127790,38,2910,6498,561015,1859,140437,1429,94921
2021-04-17,dolnośląskie,DS,1522,129312,32,2942,6562,567577,1627,142064,2742,97663
2021-04-18,dolnośląskie,DS,1017,130329,7,2949,4533,572110,1103,143167,2666,100329
2021-04-19,dolnośląskie,DS,743,131072,1,2950,3348,575458,917,144084,2356,102685
2021-04-20,dolnośląskie,DS,861,131933,39,2989,5310,580768,996,145080,1864,104549
2021-04-21,dolnośląskie,DS,1212,133145,58,3047,5928,586696,1360,146440,1447,105996
2021-04-22,dolnośląskie,DS,1373,134518,54,3101,6185,592881,1555,147995,1289,107285
2021-04-23,dolnośląskie,DS,1177,135695,37,3138,5169,598050,1295,149290,1866,109151
2021-04-24,dolnośląskie,DS,916,136611,33,3171,5046,603096,1010,150300,2152,111303
2021-04-25,dolnośląskie,DS,782,137393,12,3183,3413,606509,833,151133,1833,113136
2021-04-26,dolnośląskie,DS,326,137719,4,3187,1942,608451,365,151498,1512,114648
2021-04-27,dolnośląskie,DS,545,138264,33,3220,5003,613454,689,152187,1159,115807
2021-04-28,dolnośląskie,DS,855,139119,60,3280,5728,619182,951,153138,776,116583
2021-04-29,dolnośląskie,DS,931,140050,47,3327,5252,624434,1006,154144,926,117509
2021-04-30,dolnośląskie,DS,612,140662,32,3359,4488,628922,681,154825,1255,118764
2021-05-01,dolnośląskie,DS,753,141415,42,3401,4911,633833,812,155637,1564,120328
2021-05-02,dolnośląskie,DS,475,141890,6,3407,3012,636845,508,156145,1134,121462
2021-05-03,dolnośląskie,DS,223,142113,1,3408,1923,638768,259,156404,900,122362
2021-05-04,dolnośląskie,DS,181,142294,2,3410,2058,640826,214,156618,833,123195
2021-05-05,dolnośląskie,DS,400,142694,13,3423,4779,645605,462,157080,375,123570
2021-05-06,dolnośląskie,DS,642,143336,62,3485,4806,650411,740,157820,615,124185
2021-05-07,dolnośląskie,DS,571,143907,31,3516,5140,655551,637,158457,880,125065
2021-05-08,dolnośląskie,DS,502,144409,42,3558,5032,660583,550,159007,976,126041
2021-05-09,dolnośląskie,DS,323,144732,9,3567,2930,663513,344,159351,700,126741
2021-05-10,dolnośląskie,DS,200,144932,0,3567,2529,666042,217,159568,735,127476
2021-05-11,dolnośląskie,DS,267,145199,22,3589,4411,670453,336,159904,460,127936
2021-05-12,dolnośląskie,DS,363,145562,33,3622,4642,675095,429,160333,309,128245
2021-05-13,dolnośląskie,DS,378,145940,33,3655,4209,679304,449,160782,260,128505
2021-05-14,dolnośląskie,DS,307,146247,19,3674,4603,683907,355,161137,471,128976
2021-05-15,dolnośląskie,DS,287,146534,21,3695,4515,688422,324,161461,633,129609
2021-05-16,dolnośląskie,DS,235,146769,4,3699,3021,691443,286,161747,543,130152
2021-05-17,dolnośląskie,DS,113,146882,0,3699,2178,693621,137,161884,454,130606
2021-05-18,dolnośląskie,DS,149,147031,30,3729,4017,697638,194,162078,394,131000
2021-05-19,dolnośląskie,DS,224,147255,28,3757,4357,701995,255,162333,208,131208
2021-05-20,dolnośląskie,DS,206,147461,10,3767,4134,706129,244,162577,270,131478
2021-05-21,dolnośląskie,DS,161,147622,17,3784,4170,710299,194,162771,392,131870
2021-05-22,dolnośląskie,DS,156,147778,15,3799,4116,714415,172,162943,374,132244
2021-05-23,dolnośląskie,DS,74,147852,4,3803,2817,717232,85,163028,336,132580
2021-05-24,dolnośląskie,DS,53,147905,1,3804,2224,719456,58,163086,336,132916
2021-05-25,dolnośląskie,DS,89,147994,12,3816,4587,724043,109,163195,239,133155
2021-05-26,dolnośląskie,DS,122,148116,16,3832,4242,728285,154,163349,127,133282
2021-05-27,dolnośląskie,DS,98,148214,19,3851,4701,732986,150,163499,157,133439
2021-05-28,dolnośląskie,DS,84,148298,13,3864,3891,736877,106,163605,221,133660
2021-05-29,dolnośląskie,DS,71,148369,9,3873,4377,741254,97,163702,232,133892
2021-05-30,dolnośląskie,DS,53,148422,3,3876,2903,744157,67,163769,159,134051
2021-05-31,dolnośląskie,DS,33,148455,0,3876,2185,746342,40,163809,152,134203
2021-06-01,dolnośląskie,DS,48,148503,7,3883,4222,750564,70,163879,101,134304
2021-06-02,dolnośląskie,DS,65,148568,6,3889,3770,754334,82,163961,64,134368
2021-06-03,dolnośląskie,DS,66,148634,7,3896,4161,758495,103,164064,99,134467
2021-06-04,dolnośląskie,DS,23,148657,2,3898,2330,760825,32,164096,127,134594
2021-06-05,dolnośląskie,DS,39,148696,0,3898,3206,764031,47,164143,91,134685
2021-06-06,dolnośląskie,DS,22,148718,0,3898,2832,766863,26,164169,91,134776
2021-06-07,dolnośląskie,DS,10,148728,1,3899,1774,768637,17,164186,86,134862
2021-06-08,dolnośląskie,DS,33,148761,8,3907,4644,773281,56,164242,62,134924
2021-06-09,dolnośląskie,DS,44,148805,10,3917,4102,777383,61,164303,41,134965
2021-06-10,dolnośląskie,DS,36,148841,7,3924,3087,780470,46,164349,62,135027
2021-06-11,dolnośląskie,DS,29,148870,4,3928,4150,784620,53,164402,67,135094
2021-06-12,dolnośląskie,DS,23,148893,6,3934,3773,788393,36,164438,70,135164
2021-06-13,dolnośląskie,DS,20,148913,1,3935,2854,791247,22,164460,36,135200
2021-06-14,dolnośląskie,DS,8,148921,0,3935,1710,792957,10,164470,26,135226
2021-06-15,dolnośląskie,DS,14,148935,9,3944,3939,796896,23,164493,32,135258
2021-06-16,dolnośląskie,DS,17,148952,5,3949,3772,800668,32,164525,12,135270
2021-06-17,dolnośląskie,DS,24,148976,5,3954,3323,803991,31,164556,43,135313
2021-06-18,dolnośląskie,DS,17,148993,1,3955,3386,807377,26,164582,41,135354
2021-06-19,dolnośląskie,DS,10,149003,5,3960,4344,811721,15,164597,49,135403
2021-06-20,dolnośląskie,DS,4,149007,0,3960,2007,813728,4,164601,26,135429
2021-06-21,dolnośląskie,DS,5,149012,0,3960,1518,815246,5,164606,16,135445
2021-06-22,dolnośląskie,DS,26,149038,2,3962,5006,820252,36,164642,19,135464
2021-06-23,dolnośląskie,DS,13,149051,1,3963,4184,824436,25,164667,17,135481
2021-06-24,dolnośląskie,DS,14,149065,1,3964,3149,827585,32,164699,25,135506
2021-06-25,dolnośląskie,DS,7,149072,1,3965,2903,830488,10,164709,21,135527
2021-06-26,dolnośląskie,DS,11,149083,1,3966,3131,833619,13,164722,20,135547
2021-06-27,dolnośląskie,DS,2,149085,0,3966,1481,835100,4,164726,23,135570
2021-06-28,dolnośląskie,DS,3,149088,0,3966,1041,836141,5,164731,15,135585
2021-06-29,dolnośląskie,DS,20,149108,2,3968,4020,840161,24,164755,12,135597
2021-06-30,dolnośląskie,DS,5,149113,0,3968,3325,843486,10,164765,6,135603
2021-07-01,dolnośląskie,DS,9,149122,1,3969,2646,846132,16,164781,25,135628
2021-07-02,dolnośląskie,DS,5,149127,1,3970,2885,849017,9,164790,18,135646
2021-07-03,dolnośląskie,DS,7,149134,1,3971,2939,851956,16,164806,13,135659
2021-07-04,dolnośląskie,DS,8,149142,0,3971,2155,854111,10,164816,7,135666
2021-07-05,dolnośląskie,DS,4,149146,0,3971,1274,855385,5,164821,13,135679
2021-07-06,dolnośląskie,DS,9,149155,1,3972,3142,858527,9,164830,9,135688
2021-07-07,dolnośląskie,DS,4,149159,6,3978,3156,861683,6,164836,9,135697
2021-07-08,dolnośląskie,DS,3,149162,5,3983,2346,864029,18,164854,12,135709
2021-07-09,dolnośląskie,DS,8,149170,4,3987,2690,866719,49,164903,6,135715
2021-07-10,dolnośląskie,DS,5,149175,2,3989,3195,869914,53,164956,10,135725
2021-07-11,dolnośląskie,DS,11,149186,0,3989,1986,871900,12,164968,5,135730
2021-07-12,dolnośląskie,DS,1,149187,0,3989,1261,873161,1,164969,8,135738
2021-07-13,dolnośląskie,DS,12,149199,1,3990,3214,876375,25,164994,8,135746
2021-07-14,dolnośląskie,DS,5,149204,2,3992,2634,879009,8,165002,5,135751
2021-07-15,dolnośląskie,DS,7,149211,1,3993,2782,881791,11,165013,4,135755
2021-07-16,dolnośląskie,DS,7,149218,0,3993,2517,884308,12,165025,6,135761
2021-07-17,dolnośląskie,DS,11,149229,0,3993,3262,887570,21,165046,6,135767
2021-07-18,dolnośląskie,DS,2,149231,0,3993,1642,889212,2,165048,6,135773
2021-07-19,dolnośląskie,DS,3,149234,0,3993,1326,890538,4,165052,5,135778
2021-07-20,dolnośląskie,DS,10,149244,0,3993,3350,893888,21,165073,12,135790
2021-07-21,dolnośląskie,DS,15,149259,0,3993,2762,896650,21,165094,7,135797
2021-07-22,dolnośląskie,DS,9,149268,2,3995,2390,899040,11,165105,15,135812
2021-07-23,dolnośląskie,DS,3,149271,0,3995,2338,901378,5,165110,14,135826
2021-07-24,dolnośląskie,DS,9,149280,1,3996,2521,903899,11,165121,8,135834
2021-07-25,dolnośląskie,DS,4,149284,0,3996,1630,905529,4,165125,9,135843
2021-07-26,dolnośląskie,DS,4,149288,0,3996,1218,906747,4,165129,4,135847
2021-07-27,dolnośląskie,DS,10,149298,0,3996,2902,909649,14,165143,6,135853
2021-07-28,dolnośląskie,DS,6,149304,0,3996,2459,912108,9,165152,6,135859
2021-07-29,dolnośląskie,DS,8,149312,0,3996,2358,914466,11,165163,6,135865
2021-07-30,dolnośląskie,DS,7,149319,0,3996,2551,917017,9,165172,10,135875
2021-07-31,dolnośląskie,DS,13,149332,0,3996,2575,919592,16,165188,9,135884
2021-08-01,dolnośląskie,DS,4,149336,0,3996,1908,921500,5,165193,6,135890
2021-08-02,dolnośląskie,DS,8,149344,0,3996,1295,922795,9,165202,10,135900
2021-08-03,dolnośląskie,DS,6,149350,2,3998,2778,925573,12,165214,4,135904
2021-08-04,dolnośląskie,DS,7,149357,0,3998,2888,928461,7,165221,4,135908
2021-08-05,dolnośląskie,DS,19,149376,0,3998,2780,931241,21,165242,8,135916
2021-08-06,dolnośląskie,DS,9,149385,0,3998,2444,933685,13,165255,10,135926
2021-08-07,dolnośląskie,DS,9,149394,0,3998,2841,936526,10,165265,13,135939
2021-08-08,dolnośląskie,DS,1,149395,0,3998,2130,938656,8,165273,8,135947
2021-08-09,dolnośląskie,DS,3,149398,0,3998,1224,939880,4,165277,15,135962
2021-08-10,dolnośląskie,DS,10,149408,0,3998,3018,942898,12,165289,7,135969
2021-08-11,dolnośląskie,DS,11,149419,0,3998,2695,945593,15,165304,6,135975
2021-08-12,dolnośląskie,DS,17,149436,0,3998,2457,948050,19,165323,9,135984
2021-08-13,dolnośląskie,DS,15,149451,0,3998,2696,950746,20,165343,10,135994
2021-08-14,dolnośląskie,DS,14,149465,0,3998,2903,953649,15,165358,13,136007
2021-08-15,dolnośląskie,DS,2,149467,0,3998,1875,955524,2,165360,12,136019
2021-08-16,dolnośląskie,DS,15,149482,0,3998,1582,957106,19,165379,4,136023
2021-08-17,dolnośląskie,DS,15,149497,3,4001,2906,960012,18,165397,10,136033
2021-08-18,dolnośląskie,DS,13,149510,0,4001,2738,962750,15,165412,9,136042
2021-08-19,dolnośląskie,DS,13,149523,0,4001,2436,965186,15,165427,15,136057
2021-08-20,dolnośląskie,DS,13,149536,0,4001,2525,967711,15,165442,11,136068
2021-08-21,dolnośląskie,DS,9,149545,0,4001,2603,970314,12,165454,18,136086
2021-08-22,dolnośląskie,DS,10,149555,0,4001,1955,972269,10,165464,14,136100
2021-08-23,dolnośląskie,DS,3,149558,0,4001,1208,973477,4,165468,13,136113
2021-08-24,dolnośląskie,DS,17,149575,0,4001,2847,976324,20,165488,3,136116
2021-08-25,dolnośląskie,DS,12,149587,0,4001,2320,978644,18,165506,22,136138
2021-08-26,dolnośląskie,DS,23,149610,0,4001,2437,981081,25,165531,17,136155
2021-08-27,dolnośląskie,DS,9,149619,0,4001,2347,983428,10,165541,15,136170
2021-08-28,dolnośląskie,DS,15,149634,0,4001,2879,986307,26,165567,13,136183
2021-08-29,dolnośląskie,DS,10,149644,0,4001,1599,987906,12,165579,19,136202
2021-08-30,dolnośląskie,DS,8,149652,0,4001,1227,989133,9,165588,8,136210
2021-08-31,dolnośląskie,DS,9,149661,0,4001,2871,992004,14,165602,9,136219
2021-09-01,dolnośląskie,DS,22,149683,0,4001,2557,994561,24,165626,7,136226
2021-09-02,dolnośląskie,DS,19,149702,1,4002,2395,996956,24,165650,18,136244
2021-09-03,dolnośląskie,DS,15,149717,0,4002,2318,999274,21,165671,17,136261
2021-09-04,dolnośląskie,DS,34,149751,1,4003,2802,1002076,37,165708,19,136280
2021-09-05,dolnośląskie,DS,17,149768,0,4003,1570,1003646,19,165727,8,136288
2021-09-06,dolnośląskie,DS,8,149776,0,4003,1162,1004808,8,165735,14,136302
2021-09-07,dolnośląskie,DS,34,149810,0,4003,2704,1007512,48,165783,13,136315
2021-09-08,dolnośląskie,DS,50,149860,1,4004,2656,1010168,63,165846,22,136337
2021-09-09,dolnośląskie,DS,37,149897,0,4004,2799,1012967,46,165892,14,136351
2021-09-10,dolnośląskie,DS,34,149931,0,4004,2448,1015415,57,165949,25,136376
2021-09-11,dolnośląskie,DS,44,149975,0,4004,2558,1017973,47,165996,15,136391
2021-09-12,dolnośląskie,DS,30,150005,0,4004,1557,1019530,33,166029,19,136410
2021-09-13,dolnośląskie,DS,18,150023,0,4004,1289,1020819,19,166048,27,136437
2021-09-14,dolnośląskie,DS,38,150061,0,4004,3022,1023841,52,166100,29,136466
2021-09-15,dolnośląskie,DS,37,150098,0,4004,2867,1026708,43,166143,11,136477
2021-09-16,dolnośląskie,DS,64,150162,1,4005,2519,1029227,89,166232,29,136506
2021-09-17,dolnośląskie,DS,48,150210,0,4005,2244,1031471,67,166299,43,136549
2021-09-18,dolnośląskie,DS,43,150253,1,4006,2699,1034170,66,166365,37,136586
2021-09-19,dolnośląskie,DS,39,150292,0,4006,1761,1035931,46,166411,41,136627
2021-09-20,dolnośląskie,DS,10,150302,0,4006,1059,1036990,12,166423,42,136669
2021-09-21,dolnośląskie,DS,34,150336,0,4006,2859,1039849,53,166476,39,136708
2021-09-22,dolnośląskie,DS,49,150385,2,4008,2658,1042507,54,166530,13,136721
2021-09-23,dolnośląskie,DS,63,150448,0,4008,2776,1045283,74,166604,39,136760
2021-09-24,dolnośląskie,DS,56,150504,0,4008,2646,1047929,65,166669,44,136804
2021-09-25,dolnośląskie,DS,47,150551,0,4008,2505,1050434,56,166725,59,136863
2021-09-26,dolnośląskie,DS,28,150579,0,4008,1388,1051822,31,166756,46,136909
2021-09-27,dolnośląskie,DS,17,150596,0,4008,1223,1053045,17,166773,53,136962
2021-09-28,dolnośląskie,DS,42,150638,0,4008,2928,1055973,53,166826,51,137013
2021-09-29,dolnośląskie,DS,73,150711,3,4011,3012,1058985,78,166904,16,137029
2021-09-30,dolnośląskie,DS,81,150792,0,4011,2648,1061633,96,167000,33,137062
2021-10-01,dolnośląskie,DS,72,150864,0,4011,2690,1064323,84,167084,60,137122
2021-10-02,dolnośląskie,DS,68,150932,0,4011,2668,1066991,78,167162,60,137182
2021-10-03,dolnośląskie,DS,44,150976,0,4011,1555,1068546,49,167211,43,137225
2021-10-04,dolnośląskie,DS,32,151008,0,4011,1116,1069662,38,167249,53,137278
2021-10-05,dolnośląskie,DS,65,151073,3,4014,2948,1072610,87,167336,34,137312
2021-10-06,dolnośląskie,DS,88,151161,1,4015,2631,1075241,102,167438,21,137333
2021-10-07,dolnośląskie,DS,80,151241,3,4018,2737,1077978,96,167534,38,137371
2021-10-08,dolnośląskie,DS,85,151326,1,4019,2499,1080477,105,167639,86,137457
2021-10-09,dolnośląskie,DS,88,151414,0,4019,2628,1083105,99,167738,89,137546
2021-10-10,dolnośląskie,DS,55,151469,0,4019,1321,1084426,63,167801,62,137608
2021-10-11,dolnośląskie,DS,34,151503,0,4019,1108,1085534,36,167837,67,137675
2021-10-12,dolnośląskie,DS,94,151597,3,4022,2884,1088418,113,167950,44,137719
2021-10-13,dolnośląskie,DS,106,151703,2,4024,2917,1091335,125,168075,36,137755
2021-10-14,dolnośląskie,DS,106,151809,3,4027,2591,1093926,122,168197,83,137838
2021-10-15,dolnośląskie,DS,96,151905,3,4030,2643,1096569,109,168306,73,137911
2021-10-16,dolnośląskie,DS,134,152039,0,4030,2697,1099266,155,168461,78,137989
2021-10-17,dolnośląskie,DS,110,152149,0,4030,1422,1100688,123,168584,102,138091
2021-10-18,dolnośląskie,DS,47,152196,0,4030,1040,1101728,50,168634,74,138165
2021-10-19,dolnośląskie,DS,153,152349,5,4035,3011,1104739,200,168834,66,138231
2021-10-20,dolnośląskie,DS,204,152553,5,4040,3094,1107833,221,169055,52,138283
2021-10-21,dolnośląskie,DS,269,152822,2,4042,3105,1110938,309,169364,92,138375
2021-10-22,dolnośląskie,DS,269,153091,1,4043,3091,1114029,303,169667,100,138475
2021-10-23,dolnośląskie,DS,285,153376,0,4043,3078,1117107,308,169975,110,138585
2021-10-24,dolnośląskie,DS,229,153605,0,4043,1800,1118907,247,170222,112,138697
2021-10-25,dolnośląskie,DS,121,153726,0,4043,1273,1120180,132,170354,127,138824
2021-10-26,dolnośląskie,DS,298,154024,1,4044,3492,1123672,338,170692,119,138943
2021-10-27,dolnośląskie,DS,417,154441,5,4049,3791,1127463,475,171167,73,139016
2021-10-28,dolnośląskie,DS,381,154822,5,4054,3447,1130910,421,171588,163,139179
2021-10-29,dolnośląskie,DS,415,155237,1,4055,3613,1134523,455,172043,220,139399
2021-10-30,dolnośląskie,DS,512,155749,5,4060,3843,1138366,571,172614,270,139669
2021-10-31,dolnośląskie,DS,363,156112,0,4060,2047,1140413,391,173005,258,139927
2021-11-01,dolnośląskie,DS,275,156387,0,4060,1538,1141951,297,173302,254,140181
2021-11-02,dolnośląskie,DS,244,156631,0,4060,1456,1143407,278,173580,231,140412
2021-11-03,dolnośląskie,DS,610,157241,11,4071,4699,1148106,686,174266,133,140545
2021-11-04,dolnośląskie,DS,866,158107,11,4082,4932,1153038,942,175208,337,140882
2021-11-05,dolnośląskie,DS,816,158923,4,4086,4615,1157653,896,176104,375,141257
2021-11-06,dolnośląskie,DS,853,159776,6,4092,5044,1162697,930,177034,444,141701
2021-11-07,dolnośląskie,DS,708,160484,0,4092,3209,1165906,759,177793,423,142124
2021-11-08,dolnośląskie,DS,470,160954,0,4092,2059,1167965,494,178287,479,142603
2021-11-09,dolnośląskie,DS,702,161656,8,4100,4678,1172643,779,179066,415,143018
2021-11-10,dolnośląskie,DS,1207,162863,7,4107,5558,1178201,1299,180365,244,143262
2021-11-11,dolnośląskie,DS,1068,163931,8,4115,5045,1183246,1153,181518,344,143606
2021-11-12,dolnośląskie,DS,827,164758,0,4115,2817,1186063,869,182387,598,144204
2021-11-13,dolnośląskie,DS,804,165562,10,4125,4304,1190367,896,183283,815,145019
2021-11-14,dolnośląskie,DS,801,166363,0,4125,3120,1193487,850,184133,915,145934
2021-11-15,dolnośląskie,DS,659,167022,0,4125,2256,1195743,710,184843,789,146723
2021-11-16,dolnośląskie,DS,1080,168102,9,4134,5440,1201183,1188,186031,769,147492
2021-11-17,dolnośląskie,DS,1710,169812,16,4150,6660,1207843,1837,187868,385,147877
2021-11-18,dolnośląskie,DS,1502,171314,14,4164,5761,1213604,1595,189463,821,148698
2021-11-19,dolnośląskie,DS,1725,173039,16,4180,6482,1220086,1848,191311,1132,149830
2021-11-20,dolnośląskie,DS,1716,174755,20,4200,6777,1226863,1861,193172,1151,150981
2021-11-21,dolnośląskie,DS,1309,176064,1,4201,4071,1230934,1394,194566,859,151840
2021-11-22,dolnośląskie,DS,929,176993,0,4201,3039,1233973,1017,195583,873,152713
2021-11-23,dolnośląskie,DS,1314,178307,14,4215,6215,1240188,1454,197037,926,153639
2021-11-24,dolnośląskie,DS,2176,180483,28,4243,7469,1247657,2316,199353,627,154266
2021-11-25,dolnośląskie,DS,2085,182568,20,4263,7257,1254914,2221,201574,990,155256
2021-11-26,dolnośląskie,DS,2271,184839,16,4279,8053,1262967,2426,204000,1729,156985
2021-11-27,dolnośląskie,DS,1869,186708,15,4294,6846,1269813,2000,206000,1703,158688
2021-11-28,dolnośląskie,DS,2045,188753,0,4294,5771,1275584,2146,208146,1623,160311
2021-11-29,dolnośląskie,DS,1068,189821,0,4294,3512,1279096,1149,209295,1648,161959
2021-11-30,dolnośląskie,DS,1457,191278,41,4335,6649,1285745,1663,210958,1474,163433
2021-12-01,dolnośląskie,DS,2156,193434,32,4367,7732,1293477,2341,213299,1074,164507
2021-12-02,dolnośląskie,DS,2342,195776,11,4378,8001,1301478,2510,215809,1459,165966
2021-12-03,dolnośląskie,DS,2394,198170,30,4408,8128,1309606,2550,218359,1883,167849
2021-12-04,dolnośląskie,DS,2066,200236,18,4426,7465,1317071,2253,220612,2335,170184
2021-12-05,dolnośląskie,DS,2245,202481,1,4427,6472,1323543,2452,223064,2115,172299
2021-12-06,dolnośląskie,DS,1403,203884,0,4427,4015,1327558,1519,224583,2183,174482
2021-12-07,dolnośląskie,DS,1721,205605,29,4456,7025,1334583,1960,226543,1926,176408
2021-12-08,dolnośląskie,DS,2497,208102,33,4489,8553,1343136,2679,229222,1154,177562
2021-12-09,dolnośląskie,DS,2576,210678,28,4517,8656,1351792,2779,232001,1488,179050
2021-12-10,dolnośląskie,DS,2259,212937,21,4538,8325,1360117,2462,234463,2239,181289
2021-12-11,dolnośląskie,DS,2178,215115,16,4554,7916,1368033,2389,236852,2421,183710
2021-12-12,dolnośląskie,DS,1779,216894,0,4554,5546,1373579,1897,238749,2326,186036
2021-12-13,dolnośląskie,DS,1187,218081,0,4554,3895,1377474,1264,240013,2233,188269
2021-12-14,dolnośląskie,DS,1323,219404,49,4603,6747,1384221,1505,241518,2565,190834
2021-12-15,dolnośląskie,DS,2048,221452,40,4643,8048,1392269,2235,243753,1267,192101
2021-12-16,dolnośląskie,DS,2005,223457,59,4702,8118,1400387,2170,245923,1834,193935
2021-12-17,dolnośląskie,DS,1843,225300,21,4723,7635,1408022,2002,247925,2395,196330
2021-12-18,dolnośląskie,DS,1621,226921,40,4763,7483,1415505,1775,249700,2786,199116
2021-12-19,dolnośląskie,DS,1557,228478,0,4763,5530,1421035,1666,251366,2363,201479
2021-12-20,dolnośląskie,DS,892,229370,0,4763,3910,1424945,1023,252389,2218,203697
2021-12-21,dolnośląskie,DS,1184,230554,33,4796,6783,1431728,1356,253745,1903,205600
2021-12-22,dolnośląskie,DS,1524,232078,62,4858,7371,1439099,1677,255422,1179,206779
2021-12-23,dolnośląskie,DS,1621,233699,41,4899,7223,1446322,1761,257183,1595,208374
2021-12-24,dolnośląskie,DS,1328,235027,50,4949,6292,1452614,1481,258664,1970,210344
2021-12-25,dolnośląskie,DS,1126,236153,4,4953,4469,1457083,1249,259913,2077,212421
2021-12-26,dolnośląskie,DS,451,236604,2,4955,2215,1459298,526,260439,1914,214335
2021-12-27,dolnośląskie,DS,336,236940,0,4955,2258,1461556,371,260810,1788,216123
2021-12-28,dolnośląskie,DS,724,237664,59,5014,5901,1467457,923,261733,1527,217650
2021-12-29,dolnośląskie,DS,1346,239010,61,5075,7135,1474592,1493,263226,930,218580
2021-12-30,dolnośląskie,DS,1322,240332,32,5107,6932,1481524,1447,264673,1199,219779
2021-12-31,dolnośląskie,DS,1037,241369,25,5132,6236,1487760,1169,265842,1646,221425
2022-01-01,dolnośląskie,DS,1109,242478,35,5167,5399,1493159,1226,267068,1621,223046
2022-01-02,dolnośląskie,DS,623,243101,1,5168,3144,1496303,683,267751,1263,224309
2022-01-03,dolnośląskie,DS,465,243566,1,5169,3027,1499330,518,268269,1091,225400
2022-01-04,dolnośląskie,DS,1092,244658,50,5219,6969,1506299,1252,269521,572,225972
2022-01-05,dolnośląskie,DS,1292,245950,42,5261,7137,1513436,1486,271007,433,226405
2022-01-06,dolnośląskie,DS,1654,247604,33,5294,7878,1521314,1859,272866,865,227270
2022-01-07,dolnośląskie,DS,1015,248619,0,5294,4177,1525491,1115,273981,1396,228666
2022-01-08,dolnośląskie,DS,934,249553,2,5296,4956,1530447,1068,275049,1380,230046
2022-01-09,dolnośląskie,DS,924,250477,0,5296,4346,1534793,1051,276100,1149,231195
2022-01-10,dolnośląskie,DS,669,251146,0,5296,3251,1538044,765,276865,1199,232394
2022-01-11,dolnośląskie,DS,820,251966,55,5351,6068,1544112,1004,277869,518,232912
2022-01-12,dolnośląskie,DS,1334,253300,58,5409,6926,1551038,1554,279423,566,233478
2022-01-13,dolnośląskie,DS,1385,254685,29,5438,7029,1558067,1617,281040,1139,234617
2022-01-14,dolnośląskie,DS,1452,256137,40,5478,6326,1564393,1675,282715,1464,236081
2022-01-15,dolnośląskie,DS,1369,257506,81,5559,6435,1570828,1549,284264,1718,237799
2022-01-16,dolnośląskie,DS,1329,258835,0,5559,4843,1575671,1512,285776,1038,238837
2022-01-17,dolnośląskie,DS,657,259492,0,5559,2933,1578604,741,286517,1062,239899
2022-01-18,dolnośląskie,DS,1878,261370,28,5587,7478,1586082,2170,288687,1049,240948
2022-01-19,dolnośląskie,DS,2456,263826,9,5596,8421,1594503,2820,291507,740,241688
2022-01-20,dolnośląskie,DS,2787,266613,17,5613,8664,1603167,3217,294724,898,242586
2022-01-21,dolnośląskie,DS,3202,269815,13,5626,9972,1613139,3642,298366,1529,244115
2022-01-22,dolnośląskie,DS,3640,273455,11,5637,11263,1624402,4182,302548,1661,245776
2022-01-23,dolnośląskie,DS,2742,276197,0,5637,7644,1632046,3081,305629,1515,247291
2022-01-24,dolnośląskie,DS,2758,278955,0,5637,7681,1639727,3153,308782,1587,248878
2022-01-25,dolnośląskie,DS,3165,282120,15,5652,10533,1650260,3771,312553,1452,250330
2022-01-26,dolnośląskie,DS,4420,286540,19,5671,13222,1663482,5104,317657,1027,251357
2022-01-27,dolnośląskie,DS,4563,291103,12,5683,13065,1676547,5266,322923,1884,253241
2022-01-28,dolnośląskie,DS,4786,295889,21,5704,14277,1690824,5498,328421,2890,256131
2022-01-29,dolnośląskie,DS,4114,300003,22,5726,13580,1704404,4719,333140,3524,259655
2022-01-30,dolnośląskie,DS,4005,304008,0,5726,10499,1714903,4596,337736,3488,263143
2022-01-31,dolnośląskie,DS,3358,307366,2,5728,8641,1723544,3857,341593,3780,266923
2022-02-01,dolnośląskie,DS,3235,310601,21,5749,10177,1733721,3772,345365,3835,270758
2022-02-02,dolnośląskie,DS,4169,314770,11,5760,12242,1745963,4840,350205,2611,273369
2022-02-03,dolnośląskie,DS,4533,319303,15,5775,13059,1759022,5239,355444,3798,277167
2022-02-04,dolnośląskie,DS,3463,322766,23,5798,10601,1769623,4096,359540,4960,282127
2022-02-05,dolnośląskie,DS,3390,326156,10,5808,11517,1781140,4026,363566,5237,287364
2022-02-06,dolnośląskie,DS,2840,328996,0,5808,8029,1789169,3317,366883,5165,292529
2022-02-07,dolnośląskie,DS,1739,330735,0,5808,5821,1794990,2013,368896,4551,297080
2022-02-08,dolnośląskie,DS,3042,333777,25,5833,9938,1804928,3285,372181,5055,302135
2022-02-09,dolnośląskie,DS,3395,337172,20,5853,10944,1815872,3605,375786,3855,305990
2022-02-10,dolnośląskie,DS,3265,340437,25,5878,10279,1826151,3519,379305,3973,309963
2022-02-11,dolnośląskie,DS,2751,343188,16,5894,9104,1835255,2937,382242,4523,314486
2022-02-12,dolnośląskie,DS,2026,345214,47,5941,7985,1843240,2219,384461,5124,319610
2022-02-13,dolnośląskie,DS,1825,347039,3,5944,5885,1849125,1917,386378,4032,323642
2022-02-14,dolnośląskie,DS,992,348031,0,5944,4362,1853487,1077,387455,3612,327254
2022-02-15,dolnośląskie,DS,1529,349560,27,5971,7307,1860794,1734,389189,3470,330724
2022-02-16,dolnośląskie,DS,2118,351678,28,5999,8234,1869028,2302,391491,2508,333232
2022-02-17,dolnośląskie,DS,2413,354091,33,6032,9254,1878282,2692,394183,2486,335718
2022-02-18,dolnośląskie,DS,1676,355767,23,6055,7145,1885427,1882,396065,3221,338939
2022-02-19,dolnośląskie,DS,1675,357442,22,6077,7105,1892532,1847,397912,3288,342227
2022-02-20,dolnośląskie,DS,909,358351,2,6079,3896,1896428,1020,398932,2799,345026
2022-02-21,dolnośląskie,DS,546,358897,0,6079,2808,1899236,631,399563,2589,347615
2022-02-22,dolnośląskie,DS,1198,360095,28,6107,6607,1905843,1352,400915,3844,351459
2022-02-23,dolnośląskie,DS,1321,361416,20,6127,6295,1912138,1460,402375,3060,354519
2022-02-24,dolnośląskie,DS,1479,362895,26,6153,6615,1918753,1620,403995,2678,357197
2022-02-25,dolnośląskie,DS,1243,364138,13,6166,5724,1924477,1325,405320,1590,358787
2022-02-26,dolnośląskie,DS,947,365085,9,6175,4768,1929245,1033,406353,1081,359868
2022-02-27,dolnośląskie,DS,697,365782,0,6175,3041,1932286,762,407115,614,360482
2022-02-28,dolnośląskie,DS,451,366233,0,6175,2471,1934757,504,407619,1239,361721
2022-03-01,dolnośląskie,DS,875,367108,29,6204,5726,1940483,977,408596,1612,363333
2022-03-02,dolnośląskie,DS,1059,368167,19,6223,5548,1946031,1173,409769,1421,364754
2022-03-03,dolnośląskie,DS,1048,369215,17,6240,5447,1951478,1132,410901,1214,365968
2022-03-04,dolnośląskie,DS,988,370203,11,6251,5047,1956525,1076,411977,1078,367046
2022-03-05,dolnośląskie,DS,946,371149,10,6261,4885,1961410,1026,413003,751,367797
2022-03-06,dolnośląskie,DS,579,371728,0,6261,2707,1964117,621,413624,477,368274
2022-03-07,dolnośląskie,DS,402,372130,0,6261,2563,1966680,442,414066,1071,369345
2022-03-08,dolnośląskie,DS,821,372951,5,6266,5404,1972084,916,414982,1042,370387
2022-03-09,dolnośląskie,DS,1059,374010,16,6282,5707,1977791,1167,416149,1111,371498
2022-03-10,dolnośląskie,DS,1030,375040,5,6287,5850,1983641,1176,417325,1001,372499
2022-03-11,dolnośląskie,DS,819,375859,3,6290,4845,1988486,890,418215,961,373460
2022-03-12,dolnośląskie,DS,905,376764,6,6296,4872,1993358,984,419199,657,374117
2022-03-13,dolnośląskie,DS,530,377294,0,6296,2662,1996020,560,419759,418,374535
2022-03-14,dolnośląskie,DS,385,377679,0,6296,2440,1998460,413,420172,986,375521
2022-03-15,dolnośląskie,DS,814,378493,23,6319,5592,2004052,897,421069,1100,376621
2022-03-16,dolnośląskie,DS,1200,379693,12,6331,6029,2010081,1301,422370,1069,377690
2022-03-17,dolnośląskie,DS,961,380654,9,6340,5311,2015392,1042,423412,863,378553
2022-03-18,dolnośląskie,DS,943,381597,8,6348,5180,2020572,1028,424440,894,379447
2022-03-19,dolnośląskie,DS,789,382386,7,6355,4885,2025457,855,425295,621,380068
2022-03-20,dolnośląskie,DS,435,382821,0,6355,2471,2027928,481,425776,404,380472
2022-03-21,dolnośląskie,DS,317,383138,0,6355,2143,2030071,349,426125,916,381388
2022-03-22,dolnośląskie,DS,705,383843,11,6366,5023,2035094,790,426915,1195,382583
2022-03-23,dolnośląskie,DS,864,384707,12,6378,5272,2040366,963,427878,979,383562
2022-03-24,dolnośląskie,DS,782,385489,5,6383,4814,2045180,863,428741,929,384491
2022-03-25,dolnośląskie,DS,700,386189,3,6386,5443,2050623,820,429561,789,385280
2022-03-26,dolnośląskie,DS,550,386739,4,6390,3992,2054615,622,430183,484,385764
2022-03-27,dolnośląskie,DS,304,387043,0,6390,2068,2056683,341,430524,367,386131
2022-03-28,dolnośląskie,DS,178,387221,0,6390,1857,2058540,201,430725,832,386963
2022-03-29,dolnośląskie,DS,502,387723,5,6395,4724,2063264,554,431279,876,387839
2022-03-30,dolnośląskie,DS,504,388227,5,6400,4283,2067547,567,431846,980,388819
2022-03-31,dolnośląskie,DS,429,388656,9,6409,3664,2071211,484,432330,634,389453
2022-04-01,dolnośląskie,DS,325,388981,3,6412,3588,2074799,388,432718,489,389942
2022-04-02,dolnośląskie,DS,196,389177,6,6418,1939,2076738,231,432949,254,390196
2022-04-03,dolnośląskie,DS,57,389234,0,6418,887,2077625,112,433061,104,390300
2022-04-04,dolnośląskie,DS,40,389274,0,6418,748,2078373,53,433114,2,390302
2022-04-05,dolnośląskie,DS,176,389450,2,6420,2439,2080812,257,433371,5,390307
2022-04-06,dolnośląskie,DS,160,389610,5,6425,1844,2082656,209,433580,1,390308
2022-04-07,dolnośląskie,DS,135,389745,4,6429,1524,2084180,187,433767,14,390322
2022-04-08,dolnośląskie,DS,140,389885,3,6432,1190,2085370,163,433930,4,390326
2022-04-09,dolnośląskie,DS,162,390047,0,6432,1338,2086708,191,434121,7,390333
2022-04-10,dolnośląskie,DS,29,390076,0,6432,385,2087093,34,434155,1,390334
2022-04-11,dolnośląskie,DS,24,390100,0,6432,369,2087462,32,434187,1,390335
2022-04-12,dolnośląskie,DS,135,390235,1,6433,1365,2088827,156,434343,22,390357
2022-04-13,dolnośląskie,DS,128,390363,3,6436,1175,2090002,146,434489,8,390365
2022-04-14,dolnośląskie,DS,115,390478,3,6439,1215,2091217,150,434639,22,390387
2022-04-15,dolnośląskie,DS,95,390573,2,6441,944,2092161,123,434762,15,390402
2022-04-16,dolnośląskie,DS,71,390644,2,6443,753,2092914,84,434846,3,390405
2022-04-17,dolnośląskie,DS,16,390660,0,6443,290,2093204,17,434863,3,390408
2022-04-18,dolnośląskie,DS,18,390678,0,6443,188,2093392,19,434882,5,390413
2022-04-19,dolnośląskie,DS,29,390707,0,6443,256,2093648,32,434914,3,390416
2022-04-20,dolnośląskie,DS,117,390824,3,6446,1082,2094730,161,435075,5,390421
2022-04-21,dolnośląskie,DS,94,390918,2,6448,975,2095705,100,435175,4,390425
2022-04-22,dolnośląskie,DS,92,391010,2,6450,891,2096596,106,435281,10,390435
2022-04-23,dolnośląskie,DS,98,391108,2,6452,798,2097394,112,435393,13,390448
2022-04-24,dolnośląskie,DS,34,391142,0,6452,343,2097737,36,435429,4,390452
2022-04-25,dolnośląskie,DS,17,391159,0,6452,282,2098019,23,435452,3,390455
2022-04-26,dolnośląskie,DS,118,391277,4,6456,1082,2099101,128,435580,2,390457
2022-04-27,dolnośląskie,DS,74,391351,4,6460,958,2100059,93,435673,6,390463
2022-04-28,dolnośląskie,DS,82,391433,1,6461,957,2101016,99,435772,7,390470
2022-04-29,dolnośląskie,DS,49,391482,3,6464,1023,2102039,61,435833,6,390476
2022-04-30,dolnośląskie,DS,59,391541,3,6467,916,2102955,66,435899,7,390483
2022-05-01,dolnośląskie,DS,10,391551,0,6467,380,2103335,12,435911,5,390488
2022-05-02,dolnośląskie,DS,10,391561,0,6467,198,2103533,10,435921,2,390490
2022-05-03,dolnośląskie,DS,49,391610,0,6467,723,2104256,59,435980,2,390492
2022-05-04,dolnośląskie,DS,13,391623,0,6467,161,2104417,13,435993,0,390492
2022-05-05,dolnośląskie,DS,63,391686,5,6472,792,2105209,75,436068,5,390497
2022-05-06,dolnośląskie,DS,37,391723,1,6473,673,2105882,42,436110,1,390498
2022-05-07,dolnośląskie,DS,58,391781,0,6473,731,2106613,68,436178,3,390501
2022-05-08,dolnośląskie,DS,17,391798,0,6473,289,2106902,18,436196,1,390502
2022-05-09,dolnośląskie,DS,8,391806,0,6473,174,2107076,10,436206,0,390502
2022-05-10,dolnośląskie,DS,63,391869,1,6474,640,2107716,74,436280,3,390505
2022-05-11,dolnośląskie,DS,50,391919,2,6476,491,2108207,57,436337,3,390508
2022-05-12,dolnośląskie,DS,34,391953,1,6477,506,2108713,43,436380,1,390509
2022-05-13,dolnośląskie,DS,18,391971,3,6480,523,2109236,28,436408,2,390511
2022-05-14,dolnośląskie,DS,32,392003,0,6480,520,2109756,37,436445,3,390514
2022-05-15,dolnośląskie,DS,6,392009,0,6480,355,2110111,6,436451,0,390514
2022-05-16,dolnośląskie,DS,7,392016,0,6480,170,2110281,8,436459,3,390517
2022-05-17,dolnośląskie,DS,31,392047,0,6480,504,2110785,39,436498,6,390523
2022-05-18,dolnośląskie,DS,21,392068,2,6482,494,2111279,27,436525,1,390524
2022-05-19,dolnośląskie,DS,18,392086,2,6484,497,2111776,29,436554,8,390532
2022-05-20,dolnośląskie,DS,14,392100,0,6484,444,2112220,19,436573,2,390534
2022-05-21,dolnośląskie,DS,28,392128,0,6484,477,2112697,31,436604,5,390539
2022-05-22,dolnośląskie,DS,3,392131,0,6484,257,2112954,4,436608,3,390542
2022-05-23,dolnośląskie,DS,5,392136,0,6484,171,2113125,6,436614,0,390542
2022-05-24,dolnośląskie,DS,31,392167,1,6485,431,2113556,40,436654,0,390542
2022-05-25,dolnośląskie,DS,21,392188,1,6486,368,2113924,21,436675,1,390543
2022-05-26,dolnośląskie,DS,14,392202,1,6487,322,2114246,16,436691,7,390550
2022-05-27,dolnośląskie,DS,18,392220,2,6489,410,2114656,22,436713,7,390557
2022-05-28,dolnośląskie,DS,15,392235,0,6489,384,2115040,17,436730,1,390558
2022-05-29,dolnośląskie,DS,5,392240,0,6489,243,2115283,5,436735,1,390559
2022-05-30,dolnośląskie,DS,2,392242,0,6489,131,2115414,2,436737,0,390559
2022-05-31,dolnośląskie,DS,25,392267,0,6489,508,2115922,27,436764,1,390560
2022-06-01,dolnośląskie,DS,13,392280,0,6489,415,2116337,15,436779,0,390560
2022-06-02,dolnośląskie,DS,16,392296,2,6491,249,2116586,18,436797,2,390562
2022-06-03,dolnośląskie,DS,19,392315,0,6491,259,2116845,21,436818,0,390562
2022-06-04,dolnośląskie,DS,14,392329,0,6491,241,2117086,19,436837,1,390563
2022-06-05,dolnośląskie,DS,4,392333,0,6491,120,2117206,5,436842,1,390564
2022-06-06,dolnośląskie,DS,0,392333,0,6491,62,2117268,1,436843,0,390564
2022-06-07,dolnośląskie,DS,34,392367,0,6491,266,2117534,41,436884,0,390564
2022-06-08,dolnośląskie,DS,10,392377,0,6491,201,2117735,11,436895,1,390565
2022-06-09,dolnośląskie,DS,21,392398,1,6492,240,2117975,23,436918,1,390566
2022-06-10,dolnośląskie,DS,19,392417,0,6492,216,2118191,24,436942,0,390566
2022-06-11,dolnośląskie,DS,18,392435,0,6492,213,2118404,22,436964,0,390566
2022-06-12,dolnośląskie,DS,3,392438,0,6492,87,2118491,3,436967,0,390566
2022-06-13,dolnośląskie,DS,0,392438,0,6492,49,2118540,0,436967,0,390566
2022-06-14,dolnośląskie,DS,20,392458,0,6492,179,2118719,23,436990,0,390566
2022-06-15,dolnośląskie,DS,16,392474,0,6492,201,2118920,18,437008,0,390566
2022-06-16,dolnośląskie,DS,19,392493,0,6492,195,2119115,19,437027,0,390566
2022-06-17,dolnośląskie,DS,1,392494,0,6492,63,2119178,2,437029,0,390566
2022-06-18,dolnośląskie,DS,7,392501,0,6492,167,2119345,7,437036,0,390566
2022-06-19,dolnośląskie,DS,7,392508,0,6492,75,2119420,7,437043,0,390566
2022-06-20,dolnośląskie,DS,4,392512,0,6492,47,2119467,4,437047,0,390566
2022-06-21,dolnośląskie,DS,37,392549,0,6492,218,2119685,39,437086,1,390567
2022-06-22,dolnośląskie,DS,25,392574,0,6492,156,2119841,25,437111,0,390567
2022-06-23,dolnośląskie,DS,20,392594,0,6492,154,2119995,21,437132,0,390567
2022-06-24,dolnośląskie,DS,29,392623,2,6494,211,2120206,30,437162,1,390568
2022-06-25,dolnośląskie,DS,32,392655,0,6494,194,2120400,34,437196,0,390568
2022-06-26,dolnośląskie,DS,4,392659,0,6494,81,2120481,4,437200,1,390569
2022-06-27,dolnośląskie,DS,2,392661,0,6494,43,2120524,2,437202,0,390569
2022-06-28,dolnośląskie,DS,58,392719,0,6494,278,2120802,59,437261,0,390569
2022-06-29,dolnośląskie,DS,28,392747,0,6494,164,2120966,28,437289,0,390569
2022-06-30,dolnośląskie,DS,52,392799,0,6494,225,2121191,53,437342,0,390569
2022-07-01,dolnośląskie,DS,61,392860,0,6494,250,2121441,61,437403,0,390569
2022-07-02,dolnośląskie,DS,55,392915,1,6495,184,2121625,57,437460,0,390569
2022-07-03,dolnośląskie,DS,11,392926,0,6495,83,2121708,11,437471,0,390569
2022-07-04,dolnośląskie,DS,7,392933,0,6495,34,2121742,7,437478,0,390569
2022-07-05,dolnośląskie,DS,87,393020,1,6496,299,2122041,88,437566,1,390570
2022-07-06,dolnośląskie,DS,85,393105,0,6496,250,2122291,87,437653,0,390570
2022-07-07,dolnośląskie,DS,82,393187,0,6496,289,2122580,84,437737,0,390570
2022-07-08,dolnośląskie,DS,98,393285,0,6496,365,2122945,103,437840,0,390570
2022-07-09,dolnośląskie,DS,91,393376,0,6496,330,2123275,96,437936,0,390570
2022-07-10,dolnośląskie,DS,20,393396,0,6496,106,2123381,20,437956,0,390570
2022-07-11,dolnośląskie,DS,19,393415,0,6496,72,2123453,19,437975,1,390571
2022-07-12,dolnośląskie,DS,135,393550,0,6496,397,2123850,137,438112,0,390571
2022-07-13,dolnośląskie,DS,115,393665,2,6498,351,2124201,131,438243,1,390572
2022-07-14,dolnośląskie,DS,143,393808,2,6500,362,2124563,148,438391,0,390572
2022-07-15,dolnośląskie,DS,77,393885,0,6500,266,2124829,80,438471,4,390576
2022-07-16,dolnośląskie,DS,89,393974,0,6500,269,2125098,96,438567,1,390577
2022-07-17,dolnośląskie,DS,17,393991,0,6500,103,2125201,19,438586,0,390577
2022-07-18,dolnośląskie,DS,13,394004,0,6500,39,2125240,13,438599,0,390577
2022-07-19,dolnośląskie,DS,202,394206,2,6502,550,2125790,211,438810,0,390577
2022-07-20,dolnośląskie,DS,206,394412,2,6504,490,2126280,212,439022,2,390579
2022-07-21,dolnośląskie,DS,246,394658,1,6505,581,2126861,259,439281,0,390579
2022-07-22,dolnośląskie,DS,256,394914,1,6506,592,2127453,264,439545,1,390580
2022-07-23,dolnośląskie,DS,268,395182,0,6506,561,2128014,279,439824,1,390581
2022-07-24,dolnośląskie,DS,42,395224,0,6506,182,2128196,44,439868,0,390581
2022-07-25,dolnośląskie,DS,37,395261,0,6506,138,2128334,40,439908,0,390581
2022-07-26,dolnośląskie,DS,394,395655,1,6507,766,2129100,414,440322,0,390581
2022-07-27,dolnośląskie,DS,304,395959,1,6508,672,2129772,318,440640,0,390581
2022-07-28,dolnośląskie,DS,281,396240,0,6508,592,2130364,288,440928,0,390581
2022-07-29,dolnośląskie,DS,247,396487,0,6508,625,2130989,274,441202,0,390581
2022-07-30,dolnośląskie,DS,266,396753,2,6510,665,2131654,282,441484,0,390581
2022-07-31,dolnośląskie,DS,43,396796,0,6510,155,2131809,45,441529,1,390582
2022-08-01,dolnośląskie,DS,48,396844,0,6510,152,2131961,53,441582,0,390582
2022-08-02,dolnośląskie,DS,475,397319,0,6510,936,2132897,505,442087,0,390582
2022-08-03,dolnośląskie,DS,361,397680,0,6510,739,2133636,375,442462,0,390582
2022-08-04,dolnośląskie,DS,330,398010,3,6513,772,2134408,341,442803,0,390582
2022-08-05,dolnośląskie,DS,300,398310,2,6515,665,2135073,308,443111,0,390582
2022-08-06,dolnośląskie,DS,299,398609,1,6516,671,2135744,317,443428,0,390582
2022-08-07,dolnośląskie,DS,46,398655,0,6516,163,2135907,49,443477,1,390583
2022-08-08,dolnośląskie,DS,39,398694,0,6516,129,2136036,40,443517,0,390583
2022-08-09,dolnośląskie,DS,413,399107,0,6516,884,2136920,435,443952,0,390583
2022-08-10,dolnośląskie,DS,302,399409,3,6519,700,2137620,320,444272,0,390583
2022-08-11,dolnośląskie,DS,282,399691,1,6520,762,2138382,294,444566,0,390583
2022-08-12,dolnośląskie,DS,296,399987,0,6520,677,2139059,319,444885,0,390583
2022-08-13,dolnośląskie,DS,296,400283,3,6523,757,2139816,318,445203,1,390584
2022-08-14,dolnośląskie,DS,55,400338,0,6523,168,2139984,61,445264,1,390585
2022-08-15,dolnośląskie,DS,37,400375,0,6523,129,2140113,38,445302,0,390585
2022-08-16,dolnośląskie,DS,41,400416,0,6523,157,2140270,42,445344,0,390585
2022-08-17,dolnośląskie,DS,482,400898,4,6527,917,2141187,503,445847,1,390586
2022-08-18,dolnośląskie,DS,391,401289,2,6529,800,2141987,403,446250,0,390586
2022-08-19,dolnośląskie,DS,286,401575,3,6532,696,2142683,305,446555,0,390586
2022-08-20,dolnośląskie,DS,362,401937,0,6532,729,2143412,376,446931,0,390586
2022-08-21,dolnośląskie,DS,63,402000,0,6532,200,2143612,67,446998,0,390586
2022-08-22,dolnośląskie,DS,39,402039,0,6532,129,2143741,43,447041,0,390586
2022-08-23,dolnośląskie,DS,408,402447,1,6533,887,2144628,434,447475,0,390586
2022-08-24,dolnośląskie,DS,297,402744,1,6534,678,2145306,305,447780,0,390586
2022-08-25,dolnośląskie,DS,252,402996,2,6536,684,2145990,267,448047,0,390586
2022-08-26,dolnośląskie,DS,225,403221,2,6538,589,2146579,235,448282,0,390586
2022-08-27,dolnośląskie,DS,237,403458,2,6540,576,2147155,251,448533,0,390586
2022-08-28,dolnośląskie,DS,36,403494,0,6540,159,2147314,37,448570,0,390586
2022-08-29,dolnośląskie,DS,21,403515,0,6540,127,2147441,23,448593,0,390586
2022-08-30,dolnośląskie,DS,359,403874,1,6541,782,2148223,372,448965,0,390586
2022-08-31,dolnośląskie,DS,226,404100,5,6546,573,2148796,236,449201,0,390586
2022-09-01,dolnośląskie,DS,225,404325,0,6546,499,2149295,227,449428,0,390586
2022-09-02,dolnośląskie,DS,130,404455,0,6546,464,2149759,141,449569,0,390586
2022-09-03,dolnośląskie,DS,106,404561,2,6548,326,2150085,113,449682,0,390586
2022-09-04,dolnośląskie,DS,29,404590,0,6548,126,2150211,33,449715,0,390586
2022-09-05,dolnośląskie,DS,27,404617,0,6548,111,2150322,29,449744,0,390586
2022-09-06,dolnośląskie,DS,207,404824,2,6550,535,2150857,215,449959,0,390586
2022-09-07,dolnośląskie,DS,183,405007,3,6553,498,2151355,192,450151,0,390586
2022-09-08,dolnośląskie,DS,206,405213,0,6553,574,2151929,211,450362,0,390586
2022-09-09,dolnośląskie,DS,244,405457,0,6553,622,2152551,260,450622,0,390586
2022-09-10,dolnośląskie,DS,180,405637,1,6554,549,2153100,186,450808,0,390586
2022-09-11,dolnośląskie,DS,31,405668,0,6554,130,2153230,32,450840,0,390586
2022-09-12,dolnośląskie,DS,22,405690,0,6554,104,2153334,24,450864,0,390586
2022-09-13,dolnośląskie,DS,267,405957,3,6557,713,2154047,275,451139,0,390586
2022-09-14,dolnośląskie,DS,350,406307,1,6558,906,2154953,358,451497,0,390586
2022-09-15,dolnośląskie,DS,325,406632,0,6558,889,2155842,333,451830,0,390586
2022-09-16,dolnośląskie,DS,158,406790,1,6559,478,2156320,164,451994,0,390586
2022-09-17,dolnośląskie,DS,114,406904,4,6563,415,2156735,122,452116,0,390586
2022-09-18,dolnośląskie,DS,21,406925,0,6563,109,2156844,22,452138,0,390586
2022-09-19,dolnośląskie,DS,23,406948,0,6563,134,2156978,27,452165,0,390586
2022-09-20,dolnośląskie,DS,248,407196,3,6566,749,2157727,255,452420,0,390586
2022-09-21,dolnośląskie,DS,152,407348,2,6568,537,2158264,161,452581,0,390586
2022-09-22,dolnośląskie,DS,264,407612,0,6568,820,2159084,269,452850,0,390586
2022-09-23,dolnośląskie,DS,216,407828,0,6568,723,2159807,226,453076,0,390586
2022-09-24,dolnośląskie,DS,130,407958,0,6568,472,2160279,136,453212,0,390586
2022-09-25,dolnośląskie,DS,15,407973,0,6568,92,2160371,16,453228,0,390586
2022-09-26,dolnośląskie,DS,37,408010,0,6568,120,2160491,41,453269,0,390586
2022-09-27,dolnośląskie,DS,210,408220,1,6569,708,2161199,219,453488,0,390586
2022-09-28,dolnośląskie,DS,188,408408,1,6570,712,2161911,205,453693,0,390586
2022-09-29,dolnośląskie,DS,227,408635,1,6571,758,2162669,242,453935,0,390586
2022-09-30,dolnośląskie,DS,337,408972,0,6571,1445,2164114,405,454340,0,390586
2022-10-01,dolnośląskie,DS,201,409173,0,6571,642,2164756,206,454546,0,390586
2022-10-02,dolnośląskie,DS,12,409185,0,6571,52,2164808,12,454558,0,390586
2022-10-03,dolnośląskie,DS,5,409190,0,6571,33,2164841,6,454564,0,390586
2022-10-04,dolnośląskie,DS,298,409488,0,6571,855,2165696,308,454872,0,390586
2022-10-05,dolnośląskie,DS,207,409695,0,6571,706,2166402,214,455086,0,390586
2022-10-06,dolnośląskie,DS,190,409885,2,6573,648,2167050,200,455286,0,390586
2022-10-07,dolnośląskie,DS,151,410036,3,6576,564,2167614,158,455444,0,390586
2022-10-08,dolnośląskie,DS,256,410292,0,6576,1111,2168725,276,455720,0,390586
2022-10-09,dolnośląskie,DS,37,410329,0,6576,174,2168899,41,455761,0,390586
2022-10-10,dolnośląskie,DS,29,410358,0,6576,112,2169011,30,455791,0,390586
2022-10-11,dolnośląskie,DS,227,410585,4,6580,770,2169781,237,456028,0,390586
2022-10-12,dolnośląskie,DS,179,410764,0,6580,647,2170428,192,456220,0,390586
2022-10-13,dolnośląskie,DS,143,410907,4,6584,617,2171045,150,456370,0,390586
2022-10-14,dolnośląskie,DS,139,411046,4,6588,602,2171647,149,456519,0,390586
2022-10-15,dolnośląskie,DS,130,411176,2,6590,490,2172137,144,456663,0,390586
2022-10-16,dolnośląskie,DS,20,411196,0,6590,112,2172249,23,456686,0,390586
2022-10-17,dolnośląskie,DS,20,411216,0,6590,123,2172372,23,456709,0,390586
2022-10-18,dolnośląskie,DS,201,411417,1,6591,728,2173100,225,456934,0,390586
2022-10-19,dolnośląskie,DS,120,411537,6,6597,570,2173670,128,457062,0,390586
2022-10-20,dolnośląskie,DS,104,411641,1,6598,541,2174211,109,457171,0,390586
2022-10-21,dolnośląskie,DS,103,411744,2,6600,467,2174678,110,457281,0,390586
2022-10-22,dolnośląskie,DS,89,411833,4,6604,386,2175064,95,457376,0,390586
2022-10-23,dolnośląskie,DS,8,411841,0,6604,96,2175160,9,457385,0,390586
2022-10-24,dolnośląskie,DS,19,411860,0,6604,103,2175263,22,457407,0,390586
2022-10-25,dolnośląskie,DS,130,411990,0,6604,599,2175862,136,457543,0,390586
2022-10-26,dolnośląskie,DS,98,412088,0,6604,498,2176360,103,457646,0,390586
2022-10-27,dolnośląskie,DS,91,412179,0,6604,475,2176835,100,457746,0,390586
2022-10-28,dolnośląskie,DS,58,412237,0,6604,403,2177238,63,457809,0,390586
2022-10-29,dolnośląskie,DS,80,412317,0,6604,390,2177628,89,457898,0,390586
2022-10-30,dolnośląskie,DS,9,412326,0,6604,92,2177720,9,457907,0,390586
2022-10-31,dolnośląskie,DS,8,412334,0,6604,87,2177807,8,457915,0,390586
2022-11-01,dolnośląskie,DS,74,412408,2,6606,395,2178202,77,457992,0,390586
2022-11-02,dolnośląskie,DS,12,412420,0,6606,88,2178290,13,458005,0,390586
2022-11-03,dolnośląskie,DS,84,412504,1,6607,471,2178761,92,458097,0,390586
2022-11-04,dolnośląskie,DS,66,412570,2,6609,441,2179202,70,458167,0,390586
2022-11-05,dolnośląskie,DS,52,412622,1,6610,386,2179588,58,458225,0,390586
2022-11-06,dolnośląskie,DS,4,412626,0,6610,88,2179676,6,458231,0,390586
2022-11-07,dolnośląskie,DS,16,412642,0,6610,78,2179754,16,458247,0,390586
2022-11-08,dolnośląskie,DS,59,412701,2,6612,454,2180208,65,458312,0,390586
2022-11-09,dolnośląskie,DS,46,412747,2,6614,357,2180565,49,458361,0,390586
2022-11-10,dolnośląskie,DS,40,412787,1,6615,310,2180875,41,458402,0,390586
2022-11-11,dolnośląskie,DS,46,412833,0,6615,340,2181215,52,458454,0,390586
2022-11-12,dolnośląskie,DS,7,412840,0,6615,80,2181295,9,458463,0,390586
2022-11-13,dolnośląskie,DS,8,412848,0,6615,75,2181370,9,458472,0,390586
2022-11-14,dolnośląskie,DS,4,412852,0,6615,69,2181439,4,458476,0,390586
2022-11-15,dolnośląskie,DS,60,412912,2,6617,407,2181846,62,458538,0,390586
2022-11-16,dolnośląskie,DS,49,412961,1,6618,362,2182208,55,458593,0,390586
2022-11-17,dolnośląskie,DS,48,413009,0,6618,348,2182556,56,458649,0,390586
2022-11-18,dolnośląskie,DS,39,413048,1,6619,277,2182833,41,458690,0,390586
2022-11-19,dolnośląskie,DS,44,413092,1,6620,249,2183082,45,458735,0,390586
2022-11-20,dolnośląskie,DS,8,413100,0,6620,91,2183173,9,458744,0,390586
2022-11-21,dolnośląskie,DS,6,413106,0,6620,80,2183253,7,458751,0,390586
2022-11-22,dolnośląskie,DS,66,413172,1,6621,463,2183716,70,458821,0,390586
2022-11-23,dolnośląskie,DS,38,413210,0,6621,330,2184046,40,458861,0,390586
2022-11-24,dolnośląskie,DS,48,413258,0,6621,357,2184403,50,458911,0,390586
2022-11-25,dolnośląskie,DS,26,413284,0,6621,254,2184657,28,458939,0,390586
2022-11-26,dolnośląskie,DS,42,413326,2,6623,342,2184999,44,458983,0,390586
2022-11-27,dolnośląskie,DS,10,413336,0,6623,96,2185095,10,458993,0,390586
2022-11-28,dolnośląskie,DS,12,413348,0,6623,82,2185177,12,459005,0,390586
2022-11-29,dolnośląskie,DS,66,413414,0,6623,362,2185539,69,459074,0,390586
2022-11-30,dolnośląskie,DS,52,413466,1,6624,355,2185894,54,459128,0,390586
2022-12-01,dolnośląskie,DS,52,413518,1,6625,361,2186255,53,459181,0,390586
2022-12-02,dolnośląskie,DS,50,413568,0,6625,376,2186631,52,459233,0,390586
2022-12-03,dolnośląskie,DS,41,413609,0,6625,270,2186901,43,459276,0,390586
2022-12-04,dolnośląskie,DS,14,413623,0,6625,99,2187000,14,459290,0,390586
2022-12-05,dolnośląskie,DS,7,413630,0,6625,85,2187085,10,459300,0,390586
2022-12-06,dolnośląskie,DS,93,413723,1,6626,544,2187629,95,459395,0,390586
2022-12-07,dolnośląskie,DS,53,413776,0,6626,356,2187985,53,459448,0,390586
2022-12-08,dolnośląskie,DS,72,413848,1,6627,419,2188404,75,459523,0,390586
2022-12-09,dolnośląskie,DS,23,413871,0,6627,248,2188652,25,459548,0,390586
2022-12-10,dolnośląskie,DS,20,413891,1,6628,237,2188889,23,459571,0,390586
2022-12-11,dolnośląskie,DS,14,413905,0,6628,98,2188987,14,459585,0,390586
2022-12-12,dolnośląskie,DS,22,413927,0,6628,144,2189131,22,459607,0,390586
2022-12-13,dolnośląskie,DS,78,414005,2,6630,599,2189730,82,459689,0,390586
2022-12-14,dolnośląskie,DS,65,414070,0,6630,519,2190249,71,459760,0,390586
2022-12-15,dolnośląskie,DS,51,414121,1,6631,444,2190693,52,459812,0,390586
2022-12-16,dolnośląskie,DS,59,414180,0,6631,439,2191132,60,459872,0,390586
2022-12-17,dolnośląskie,DS,60,414240,1,6632,401,2191533,64,459936,0,390586
2022-12-18,dolnośląskie,DS,12,414252,0,6632,80,2191613,13,459949,0,390586
2022-12-19,dolnośląskie,DS,12,414264,0,6632,128,2191741,13,459962,0,390586
2022-12-20,dolnośląskie,DS,80,414344,1,6633,421,2192162,82,460044,0,390586
2022-12-21,dolnośląskie,DS,72,414416,0,6633,445,2192607,75,460119,0,390586
2022-12-22,dolnośląskie,DS,49,414465,0,6633,392,2192999,52,460171,0,390586
2022-12-23,dolnośląskie,DS,63,414528,1,6634,457,2193456,65,460236,0,390586
2022-12-24,dolnośląskie,DS,64,414592,0,6634,396,2193852,67,460303,0,390586
2022-12-25,dolnośląskie,DS,11,414603,0,6634,119,2193971,12,460315,0,390586
2022-12-26,dolnośląskie,DS,14,414617,0,6634,152,2194123,16,460331,0,390586
2022-12-27,dolnośląskie,DS,13,414630,0,6634,135,2194258,17,460348,0,390586
2022-12-28,dolnośląskie,DS,52,414682,0,6634,537,2194795,58,460406,0,390586
2022-12-29,dolnośląskie,DS,52,414734,2,6636,400,2195195,57,460463,0,390586
2022-12-30,dolnośląskie,DS,68,414802,0,6636,480,2195675,74,460537,0,390586
2022-12-31,dolnośląskie,DS,75,414877,1,6637,429,2196104,82,460619,0,390586
2023-01-01,dolnośląskie,DS,10,414887,0,6637,90,2196194,11,460630,0,390586
2023-01-02,dolnośląskie,DS,15,414902,0,6637,151,2196345,15,460645,0,390586
2023-01-03,dolnośląskie,DS,67,414969,0,6637,453,2196798,70,460715,0,390586
2023-01-04,dolnośląskie,DS,46,415015,1,6638,358,2197156,48,460763,0,390586
2023-01-05,dolnośląskie,DS,46,415061,0,6638,307,2197463,48,460811,0,390586
2023-01-06,dolnośląskie,DS,39,415100,0,6638,343,2197806,45,460856,0,390586
2023-01-07,dolnośląskie,DS,10,415110,0,6638,122,2197928,12,460868,0,390586
2023-01-08,dolnośląskie,DS,9,415119,0,6638,104,2198032,10,460878,0,390586
2023-01-09,dolnośląskie,DS,5,415124,0,6638,76,2198108,5,460883,0,390586
2023-01-10,dolnośląskie,DS,39,415163,3,6641,331,2198439,43,460926,0,390586
2023-01-11,dolnośląskie,DS,27,415190,1,6642,240,2198679,32,460958,0,390586
2023-01-12,dolnośląskie,DS,31,415221,1,6643,231,2198910,34,460992,0,390586
2023-01-13,dolnośląskie,DS,17,415238,0,6643,204,2199114,25,461017,0,390586
2023-01-14,dolnośląskie,DS,28,415266,2,6645,151,2199265,30,461047,0,390586
2023-01-15,dolnośląskie,DS,2,415268,0,6645,69,2199334,2,461049,0,390586
2023-01-16,dolnośląskie,DS,6,415274,0,6645,60,2199394,6,461055,0,390586
2023-01-17,dolnośląskie,DS,43,415317,1,6646,259,2199653,46,461101,0,390586
2023-01-18,dolnośląskie,DS,33,415350,1,6647,304,2199957,37,461138,0,390586
2023-01-19,dolnośląskie,DS,38,415388,1,6648,205,2200162,41,461179,0,390586
2023-01-20,dolnośląskie,DS,33,415421,0,6648,224,2200386,36,461215,0,390586
2023-01-21,dolnośląskie,DS,31,415452,0,6648,173,2200559,32,461247,0,390586
2023-01-22,dolnośląskie,DS,4,415456,0,6648,63,2200622,4,461251,0,390586
2023-01-23,dolnośląskie,DS,1,415457,0,6648,63,2200685,2,461253,0,390586
2023-01-24,dolnośląskie,DS,56,415513,0,6648,231,2200916,57,461310,0,390586
2023-01-25,dolnośląskie,DS,41,415554,0,6648,301,2201217,46,461356,0,390586
2023-01-26,dolnośląskie,DS,51,415605,0,6648,255,2201472,53,461409,0,390586
2023-01-27,dolnośląskie,DS,34,415639,0,6648,237,2201709,35,461444,0,390586
2023-01-28,dolnośląskie,DS,40,415679,0,6648,186,2201895,42,461486,0,390586
2023-01-29,dolnośląskie,DS,2,415681,0,6648,25,2201920,3,461489,0,390586
2023-01-30,dolnośląskie,DS,3,415684,0,6648,11,2201931,3,461492,0,390586
2023-01-31,dolnośląskie,DS,82,415766,0,6648,325,2202256,90,461582,0,390586
2023-02-01,dolnośląskie,DS,66,415832,0,6648,214,2202470,68,461650,0,390586
2023-02-02,dolnośląskie,DS,37,415869,0,6648,222,2202692,37,461687,0,390586
2023-02-03,dolnośląskie,DS,76,415945,0,6648,573,2203265,83,461770,0,390586
2023-02-04,dolnośląskie,DS,54,415999,0,6648,265,2203530,63,461833,0,390586
2023-02-05,dolnośląskie,DS,6,416005,0,6648,60,2203590,6,461839,0,390586
2023-02-06,dolnośląskie,DS,2,416007,0,6648,55,2203645,2,461841,0,390586
2023-02-07,dolnośląskie,DS,93,416100,0,6648,355,2204000,112,461953,0,390586
2023-02-08,dolnośląskie,DS,76,416176,0,6648,295,2204295,79,462032,0,390586
2023-02-09,dolnośląskie,DS,64,416240,0,6648,247,2204542,68,462100,0,390586
2023-02-10,dolnośląskie,DS,98,416338,0,6648,369,2204911,98,462198,0,390586
2023-02-11,dolnośląskie,DS,76,416414,0,6648,278,2205189,83,462281,0,390586
2023-02-12,dolnośląskie,DS,8,416422,0,6648,67,2205256,8,462289,0,390586
2023-02-13,dolnośląskie,DS,6,416428,0,6648,46,2205302,6,462295,0,390586
2023-02-14,dolnośląskie,DS,123,416551,1,6649,431,2205733,126,462421,0,390586
2023-02-15,dolnośląskie,DS,107,416658,0,6649,407,2206140,110,462531,0,390586
2023-02-16,dolnośląskie,DS,90,416748,1,6650,303,2206443,94,462625,0,390586
2023-02-17,dolnośląskie,DS,100,416848,0,6650,358,2206801,103,462728,0,390586
2023-02-18,dolnośląskie,DS,116,416964,0,6650,408,2207209,132,462860,0,390586
2023-02-19,dolnośląskie,DS,12,416976,0,6650,107,2207316,12,462872,0,390586
2023-02-20,dolnośląskie,DS,15,416991,0,6650,99,2207415,15,462887,0,390586
2023-02-21,dolnośląskie,DS,154,417145,0,6650,478,2207893,158,463045,0,390586
2023-02-22,dolnośląskie,DS,134,417279,0,6650,390,2208283,135,463180,0,390586
2023-02-23,dolnośląskie,DS,161,417440,0,6650,415,2208698,171,463351,0,390586
2023-02-24,dolnośląskie,DS,91,417531,0,6650,367,2209065,99,463450,0,390586
2023-02-25,dolnośląskie,DS,87,417618,1,6651,301,2209366,92,463542,0,390586
2023-02-26,dolnośląskie,DS,8,417626,0,6651,54,2209420,9,463551,0,390586
2023-02-27,dolnośląskie,DS,20,417646,0,6651,110,2209530,21,463572,0,390586
2023-02-28,dolnośląskie,DS,173,417819,1,6652,558,2210088,188,463760,0,390586
2023-03-01,dolnośląskie,DS,101,417920,1,6653,332,2210420,104,463864,0,390586
2023-03-02,dolnośląskie,DS,118,418038,1,6654,288,2210708,125,463989,0,390586
2023-03-03,dolnośląskie,DS,108,418146,1,6655,350,2211058,118,464107,0,390586
2023-03-04,dolnośląskie,DS,115,418261,1,6656,326,2211384,122,464229,0,390586
2023-03-05,dolnośląskie,DS,14,418275,0,6656,63,2211447,17,464246,0,390586
2023-03-06,dolnośląskie,DS,13,418288,0,6656,57,2211504,15,464261,0,390586
2023-03-07,dolnośląskie,DS,182,418470,0,6656,483,2211987,190,464451,0,390586
2023-03-08,dolnośląskie,DS,135,418605,1,6657,370,2212357,144,464595,0,390586
2023-03-09,dolnośląskie,DS,128,418733,1,6658,366,2212723,134,464729,0,390586
2023-03-10,dolnośląskie,DS,129,418862,0,6658,389,2213112,135,464864,0,390586
2023-03-11,dolnośląskie,DS,154,419016,0,6658,442,2213554,163,465027,0,390586
2023-03-12,dolnośląskie,DS,14,419030,0,6658,71,2213625,15,465042,0,390586
2023-03-13,dolnośląskie,DS,9,419039,0,6658,99,2213724,10,465052,0,390586
2023-03-14,dolnośląskie,DS,220,419259,2,6660,653,2214377,234,465286,0,390586
2023-03-15,dolnośląskie,DS,207,419466,0,6660,611,2214988,218,465504,0,390586
2023-03-16,dolnośląskie,DS,188,419654,1,6661,509,2215497,193,465697,0,390586
2023-03-17,dolnośląskie,DS,152,419806,1,6662,421,2215918,157,465854,0,390586
2023-03-18,dolnośląskie,DS,144,419950,0,6662,466,2216384,156,466010,0,390586
2023-03-19,dolnośląskie,DS,25,419975,0,6662,96,2216480,28,466038,0,390586
2023-03-20,dolnośląskie,DS,24,419999,0,6662,88,2216568,25,466063,0,390586
2023-03-21,dolnośląskie,DS,189,420188,1,6663,587,2217155,196,466259,0,390586
2023-03-22,dolnośląskie,DS,144,420332,1,6664,536,2217691,154,466413,0,390586
2023-03-23,dolnośląskie,DS,191,420523,1,6665,512,2218203,201,466614,0,390586
2023-03-24,dolnośląskie,DS,112,420635,1,6666,396,2218599,126,466740,0,390586
2023-03-25,dolnośląskie,DS,197,420832,0,6666,687,2219286,216,466956,0,390586
2023-03-26,dolnośląskie,DS,15,420847,0,6666,76,2219362,16,466972,0,390586
2023-03-27,dolnośląskie,DS,15,420862,0,6666,99,2219461,16,466988,0,390586
2023-03-28,dolnośląskie,DS,200,421062,0,6666,765,2220226,219,467207,0,390586
2023-03-29,dolnośląskie,DS,98,421160,0,6666,381,2220607,105,467312,0,390586
2023-03-30,dolnośląskie,DS,64,421224,0,6666,316,2220923,71,467383,0,390586
2023-03-31,dolnośląskie,DS,83,421307,0,6666,329,2221252,85,467468,0,390586
2023-04-01,dolnośląskie,DS,84,421391,2,6668,366,2221618,98,467566,0,390586
2023-04-02,dolnośląskie,DS,6,421397,0,6668,80,2221698,7,467573,0,390586
2023-04-03,dolnośląskie,DS,14,421411,0,6668,61,2221759,16,467589,0,390586
2023-04-04,dolnośląskie,DS,96,421507,0,6668,402,2222161,103,467692,0,390586
2023-04-05,dolnośląskie,DS,68,421575,0,6668,356,2222517,72,467764,0,390586
2023-04-06,dolnośląskie,DS,51,421626,0,6668,299,2222816,57,467821,0,390586
2023-04-07,dolnośląskie,DS,64,421690,1,6669,287,2223103,67,467888,0,390586
2023-04-08,dolnośląskie,DS,50,421740,0,6669,281,2223384,54,467942,0,390586
2023-04-09,dolnośląskie,DS,7,421747,0,6669,72,2223456,10,467952,0,390586
2023-04-10,dolnośląskie,DS,8,421755,0,6669,54,2223510,8,467960,0,390586
2023-04-11,dolnośląskie,DS,7,421762,0,6669,73,2223583,7,467967,0,390586
2023-04-12,dolnośląskie,DS,80,421842,1,6670,540,2224123,87,468054,0,390586
2023-04-13,dolnośląskie,DS,80,421922,0,6670,316,2224439,89,468143,0,390586
2023-04-14,dolnośląskie,DS,61,421983,0,6670,266,2224705,67,468210,0,390586
2023-04-15,dolnośląskie,DS,40,422023,2,6672,280,2224985,43,468253,0,390586
2023-04-16,dolnośląskie,DS,5,422028,0,6672,40,2225025,6,468259,0,390586
2023-04-17,dolnośląskie,DS,5,422033,0,6672,40,2225065,6,468265,0,390586
2023-04-18,dolnośląskie,DS,74,422107,0,6672,408,2225473,89,468354,0,390586
2023-04-19,dolnośląskie,DS,31,422138,0,6672,182,2225655,35,468389,0,390586
2023-04-20,dolnośląskie,DS,34,422172,0,6672,185,2225840,35,468424,0,390586
2023-04-21,dolnośląskie,DS,17,422189,1,6673,149,2225989,20,468444,0,390586
2023-04-22,dolnośląskie,DS,22,422211,1,6674,209,2226198,25,468469,0,390586
2023-04-23,dolnośląskie,DS,4,422215,0,6674,41,2226239,4,468473,0,390586
2023-04-24,dolnośląskie,DS,6,422221,0,6674,71,2226310,8,468481,0,390586
2023-04-25,dolnośląskie,DS,25,422246,0,6674,260,2226570,26,468507,0,390586
2023-04-26,dolnośląskie,DS,16,422262,1,6675,181,2226751,18,468525,0,390586
2023-04-27,dolnośląskie,DS,22,422284,0,6675,160,2226911,23,468548,0,390586
2023-04-28,dolnośląskie,DS,16,422300,0,6675,157,2227068,18,468566,0,390586
2023-04-29,dolnośląskie,DS,13,422313,0,6675,186,2227254,15,468581,0,390586
2023-04-30,dolnośląskie,DS,1,422314,0,6675,35,2227289,1,468582,0,390586
2023-05-01,dolnośląskie,DS,2,422316,0,6675,31,2227320,2,468584,0,390586
2023-05-02,dolnośląskie,DS,2,422318,0,6675,29,2227349,2,468586,0,390586
2023-05-03,dolnośląskie,DS,13,422331,1,6676,150,2227499,14,468600,0,390586
2023-05-04,dolnośląskie,DS,7,422338,0,6676,75,2227574,8,468608,0,390586
2023-05-05,dolnośląskie,DS,15,422353,0,6676,175,2227749,15,468623,0,390586
2023-05-06,dolnośląskie,DS,14,422367,1,6677,180,2227929,14,468637,0,390586
2023-05-07,dolnośląskie,DS,4,422371,0,6677,27,2227956,4,468641,0,390586
2023-05-08,dolnośląskie,DS,3,422374,0,6677,51,2228007,3,468644,0,390586
2023-05-09,dolnośląskie,DS,13,422387,0,6677,152,2228159,15,468659,0,390586
2023-05-10,dolnośląskie,DS,9,422396,1,6678,155,2228314,12,468671,0,390586
2023-05-11,dolnośląskie,DS,1,422397,0,6678,91,2228405,6,468677,0,390586
2023-05-12,dolnośląskie,DS,7,422404,4,6682,93,2228498,8,468685,0,390586
2023-05-13,dolnośląskie,DS,5,422409,0,6682,95,2228593,7,468692,0,390586
2023-05-14,dolnośląskie,DS,3,422412,0,6682,26,2228619,3,468695,0,390586
2023-05-15,dolnośląskie,DS,1,422413,0,6682,33,2228652,1,468696,0,390586
2023-05-16,dolnośląskie,DS,10,422423,0,6682,159,2228811,11,468707,0,390586
2023-05-17,dolnośląskie,DS,8,422431,0,6682,105,2228916,8,468715,0,390586
2023-05-18,dolnośląskie,DS,8,422439,0,6682,124,2229040,8,468723,0,390586
2023-05-19,dolnośląskie,DS,5,422444,0,6682,92,2229132,5,468728,0,390586
2023-05-20,dolnośląskie,DS,8,422452,0,6682,102,2229234,8,468736,0,390586
2023-05-21,dolnośląskie,DS,2,422454,0,6682,21,2229255,3,468739,0,390586
2023-05-22,dolnośląskie,DS,2,422456,0,6682,19,2229274,2,468741,0,390586
2023-05-23,dolnośląskie,DS,9,422465,0,6682,143,2229417,10,468751,0,390586
2023-05-24,dolnośląskie,DS,5,422470,0,6682,77,2229494,5,468756,0,390586
2023-05-25,dolnośląskie,DS,0,422470,0,6682,49,2229543,0,468756,0,390586
2023-05-26,dolnośląskie,DS,6,422476,0,6682,95,2229638,6,468762,0,390586
2023-05-27,dolnośląskie,DS,4,422480,0,6682,63,2229701,5,468767,0,390586
2023-05-28,dolnośląskie,DS,0,422480,0,6682,18,2229719,0,468767,0,390586
2023-05-29,dolnośląskie,DS,4,422484,0,6682,70,2229789,4,468771,0,390586
2023-05-30,dolnośląskie,DS,4,422488,0,6682,84,2229873,4,468775,0,390586
2023-05-31,dolnośląskie,DS,4,422492,0,6682,98,2229971,4,468779,0,390586
2023-06-01,dolnośląskie,DS,3,422495,0,6682,49,2230020,4,468783,0,390586
2023-06-02,dolnośląskie,DS,4,422499,0,6682,77,2230097,4,468787,0,390586
2023-06-03,dolnośląskie,DS,3,422502,0,6682,53,2230150,3,468790,0,390586
2023-06-04,dolnośląskie,DS,0,422502,0,6682,16,2230166,0,468790,0,390586
2023-06-05,dolnośląskie,DS,0,422502,0,6682,22,2230188,0,468790,0,390586
2023-06-06,dolnośląskie,DS,4,422506,0,6682,91,2230279,5,468795,0,390586
2023-06-07,dolnośląskie,DS,1,422507,0,6682,66,2230345,1,468796,0,390586
2023-06-08,dolnośląskie,DS,3,422510,0,6682,50,2230395,3,468799,0,390586
2023-06-09,dolnośląskie,DS,0,422510,0,6682,22,2230417,0,468799,0,390586
2023-06-10,dolnośląskie,DS,0,422510,0,6682,63,2230480,0,468799,0,390586
2023-06-11,dolnośląskie,DS,1,422511,0,6682,42,2230522,13,468812,0,390586
2023-06-12,dolnośląskie,DS,0,422511,0,6682,20,2230542,0,468812,0,390586
2023-06-13,dolnośląskie,DS,1,422512,0,6682,46,2230588,1,468813,0,390586
2023-06-14,dolnośląskie,DS,9,422521,0,6682,64,2230652,10,468823,0,390586
2023-06-15,dolnośląskie,DS,3,422524,0,6682,67,2230719,4,468827,0,390586
2023-06-16,dolnośląskie,DS,0,422524,0,6682,54,2230773,0,468827,0,390586
2023-06-17,dolnośląskie,DS,0,422524,0,6682,34,2230807,0,468827,0,390586
2023-06-18,dolnośląskie,DS,0,422524,0,6682,31,2230838,0,468827,0,390586
2023-06-19,dolnośląskie,DS,0,422524,0,6682,5,2230843,0,468827,0,390586
2023-06-20,dolnośląskie,DS,6,422530,0,6682,58,2230901,6,468833,0,390586
2023-06-21,dolnośląskie,DS,1,422531,0,6682,45,2230946,1,468834,0,390586
2023-06-22,dolnośląskie,DS,2,422533,0,6682,33,2230979,2,468836,0,390586
2023-06-23,dolnośląskie,DS,4,422537,0,6682,90,2231069,4,468840,0,390586
2023-06-24,dolnośląskie,DS,1,422538,0,6682,40,2231109,1,468841,0,390586
2023-06-25,dolnośląskie,DS,0,422538,0,6682,18,2231127,0,468841,0,390586
2023-06-26,dolnośląskie,DS,0,422538,0,6682,11,2231138,0,468841,0,390586
2023-06-27,dolnośląskie,DS,1,422539,0,6682,49,2231187,1,468842,0,390586
2023-06-28,dolnośląskie,DS,1,422540,0,6682,32,2231219,1,468843,0,390586
2023-06-29,dolnośląskie,DS,1,422541,0,6682,36,2231255,1,468844,0,390586
2023-06-30,dolnośląskie,DS,0,422541,0,6682,39,2231294,0,468844,0,390586
2023-07-01,dolnośląskie,DS,1,422542,0,6682,22,2231316,1,468845,0,390586
2023-07-02,dolnośląskie,DS,0,422542,0,6682,5,2231321,0,468845,0,390586
2023-07-03,dolnośląskie,DS,0,422542,0,6682,5,2231326,0,468845,0,390586
2023-07-04,dolnośląskie,DS,1,422543,0,6682,16,2231342,2,468847,0,390586
2023-07-05,dolnośląskie,DS,2,422545,0,6682,11,2231353,2,468849,0,390586
2023-07-06,dolnośląskie,DS,3,422548,0,6682,16,2231369,3,468852,0,390586
2023-07-07,dolnośląskie,DS,0,422548,0,6682,15,2231384,0,468852,0,390586
2023-07-08,dolnośląskie,DS,1,422549,0,6682,19,2231403,1,468853,0,390586
2023-07-09,dolnośląskie,DS,0,422549,0,6682,0,2231403,0,468853,0,390586
2023-07-10,dolnośląskie,DS,0,422549,0,6682,6,2231409,0,468853,0,390586
2023-07-11,dolnośląskie,DS,3,422552,0,6682,59,2231468,3,468856,0,390586
2023-07-12,dolnośląskie,DS,2,422554,0,6682,45,2231513,2,468858,0,390586
2023-07-13,dolnośląskie,DS,3,422557,0,6682,44,2231557,3,468861,0,390586
2023-07-14,dolnośląskie,DS,0,422557,0,6682,18,2231575,1,468862,0,390586
2023-07-15,dolnośląskie,DS,2,422559,0,6682,11,2231586,2,468864,0,390586
2023-07-16,dolnośląskie,DS,0,422559,0,6682,3,2231589,0,468864,0,390586
2023-07-17,dolnośląskie,DS,0,422559,0,6682,2,2231591,0,468864,0,390586
2023-07-18,dolnośląskie,DS,1,422560,0,6682,7,2231598,1,468865,0,390586
2023-07-19,dolnośląskie,DS,1,422561,0,6682,6,2231604,1,468866,0,390586
2023-07-20,dolnośląskie,DS,0,422561,0,6682,11,2231615,0,468866,0,390586
2023-07-21,dolnośląskie,DS,0,422561,0,6682,10,2231625,0,468866,0,390586
2023-07-22,dolnośląskie,DS,0,422561,0,6682,1,2231626,0,468866,0,390586
2023-07-23,dolnośląskie,DS,0,422561,0,6682,0,2231626,0,468866,0,390586
2023-07-24,dolnośląskie,DS,0,422561,0,6682,1,2231627,0,468866,0,390586
2023-07-25,dolnośląskie,DS,3,422564,0,6682,9,2231636,3,468869,0,390586
2023-07-26,dolnośląskie,DS,0,422564,0,6682,7,2231643,0,468869,0,390586
2023-07-27,dolnośląskie,DS,0,422564,0,6682,3,2231646,0,468869,0,390586
2023-07-28,dolnośląskie,DS,2,422566,0,6682,10,2231656,2,468871,0,390586
2023-07-29,dolnośląskie,DS,0,422566,0,6682,4,2231660,0,468871,0,390586
2023-07-30,dolnośląskie,DS,0,422566,0,6682,0,2231660,0,468871,0,390586
2023-07-31,dolnośląskie,DS,0,422566,0,6682,1,2231661,0,468871,0,390586
2023-08-01,dolnośląskie,DS,3,422569,0,6682,13,2231674,3,468874,0,390586
2023-08-02,dolnośląskie,DS,0,422569,0,6682,3,2231677,0,468874,0,390586
2023-08-03,dolnośląskie,DS,0,422569,0,6682,3,2231680,0,468874,0,390586
2023-08-04,dolnośląskie,DS,1,422570,0,6682,4,2231684,1,468875,0,390586
2023-08-05,dolnośląskie,DS,2,422572,0,6682,9,2231693,2,468877,0,390586
2023-08-06,dolnośląskie,DS,0,422572,0,6682,0,2231693,0,468877,0,390586
2023-08-07,dolnośląskie,DS,0,422572,0,6682,1,2231694,0,468877,0,390586
2023-08-08,dolnośląskie,DS,2,422574,0,6682,5,2231699,2,468879,0,390586
2023-08-09,dolnośląskie,DS,2,422576,0,6682,5,2231704,2,468881,0,390586
2023-08-10,dolnośląskie,DS,1,422577,0,6682,5,2231709,1,468882,0,390586
2023-08-11,dolnośląskie,DS,1,422578,0,6682,4,2231713,1,468883,0,390586
2023-08-12,dolnośląskie,DS,1,422579,0,6682,7,2231720,1,468884,0,390586
2023-08-13,dolnośląskie,DS,0,422579,0,6682,3,2231723,0,468884,0,390586
2023-08-14,dolnośląskie,DS,0,422579,0,6682,1,2231724,0,468884,0,390586
2023-08-15,dolnośląskie,DS,3,422582,0,6682,11,2231735,3,468887,0,390586
2023-08-16,dolnośląskie,DS,0,422582,0,6682,0,2231735,0,468887,0,390586
2023-08-17,dolnośląskie,DS,5,422587,0,6682,8,2231743,6,468893,0,390586
2023-08-18,dolnośląskie,DS,2,422589,0,6682,11,2231754,2,468895,0,390586
2023-08-19,dolnośląskie,DS,1,422590,0,6682,9,2231763,1,468896,0,390586
2023-08-20,dolnośląskie,DS,0,422590,0,6682,1,2231764,0,468896,0,390586
2023-08-21,dolnośląskie,DS,1,422591,0,6682,1,2231765,1,468897,0,390586
2023-08-22,dolnośląskie,DS,2,422593,0,6682,10,2231775,2,468899,0,390586
2023-08-23,dolnośląskie,DS,8,422601,0,6682,16,2231791,8,468907,0,390586
2023-08-24,dolnośląskie,DS,2,422603,0,6682,6,2231797,2,468909,0,390586
2023-08-25,dolnośląskie,DS,2,422605,0,6682,6,2231803,2,468911,0,390586
2023-08-26,dolnośląskie,DS,3,422608,0,6682,5,2231808,3,468914,0,390586
2023-08-27,dolnośląskie,DS,0,422608,0,6682,1,2231809,0,468914,0,390586
2023-08-28,dolnośląskie,DS,1,422609,0,6682,1,2231810,1,468915,0,390586
2023-08-29,dolnośląskie,DS,6,422615,0,6682,16,2231826,6,468921,0,390586
2023-08-30,dolnośląskie,DS,2,422617,0,6682,7,2231833,2,468923,0,390586
2023-08-31,dolnośląskie,DS,3,422620,0,6682,15,2231848,3,468926,0,390586
2023-09-01,dolnośląskie,DS,4,422624,0,6682,10,2231858,4,468930,0,390586
2023-09-02,dolnośląskie,DS,6,422630,0,6682,22,2231880,7,468937,0,390586
2023-09-03,dolnośląskie,DS,2,422632,0,6682,3,2231883,2,468939,0,390586
2023-09-04,dolnośląskie,DS,0,422632,0,6682,1,2231884,0,468939,0,390586
2023-09-05,dolnośląskie,DS,11,422643,0,6682,28,2231912,11,468950,0,390586
2023-09-06,dolnośląskie,DS,5,422648,0,6682,20,2231932,5,468955,0,390586
2023-09-07,dolnośląskie,DS,8,422656,0,6682,13,2231945,8,468963,0,390586
2023-09-08,dolnośląskie,DS,2,422658,0,6682,14,2231959,2,468965,0,390586
2023-09-09,dolnośląskie,DS,3,422661,0,6682,15,2231974,3,468968,0,390586
2023-09-10,dolnośląskie,DS,0,422661,0,6682,0,2231974,0,468968,0,390586
2023-09-11,dolnośląskie,DS,0,422661,0,6682,0,2231974,0,468968,0,390586
2023-09-12,dolnośląskie,DS,13,422674,0,6682,23,2231997,13,468981,0,390586
2023-09-13,dolnośląskie,DS,13,422687,0,6682,23,2232020,13,468994,0,390586
2023-09-14,dolnośląskie,DS,23,422710,0,6682,34,2232054,23,469017,0,390586
2023-09-15,dolnośląskie,DS,14,422724,0,6682,31,2232085,14,469031,0,390586
2023-09-16,dolnośląskie,DS,6,422730,0,6682,33,2232118,7,469038,0,390586
2023-09-17,dolnośląskie,DS,0,422730,0,6682,0,2232118,0,469038,0,390586
2023-09-18,dolnośląskie,DS,0,422730,0,6682,0,2232118,0,469038,0,390586
2023-09-19,dolnośląskie,DS,21,422751,0,6682,61,2232179,22,469060,0,390586
2023-09-20,dolnośląskie,DS,29,422780,0,6682,65,2232244,31,469091,0,390586
2023-09-21,dolnośląskie,DS,16,422796,0,6682,40,2232284,17,469108,0,390586
2023-09-22,dolnośląskie,DS,15,422811,0,6682,24,2232308,15,469123,0,390586
2023-09-23,dolnośląskie,DS,20,422831,0,6682,57,2232365,20,469143,0,390586
2023-09-24,dolnośląskie,DS,0,422831,0,6682,0,2232365,0,469143,0,390586
2023-09-25,dolnośląskie,DS,0,422831,0,6682,0,2232365,0,469143,0,390586
2023-09-26,dolnośląskie,DS,23,422854,0,6682,99,2232464,23,469166,0,390586
2023-09-27,dolnośląskie,DS,16,422870,0,6682,86,2232550,16,469182,0,390586
2023-09-28,dolnośląskie,DS,18,422888,0,6682,77,2232627,20,469202,0,390586
2023-09-29,dolnośląskie,DS,21,422909,0,6682,88,2232715,21,469223,0,390586
2023-09-30,dolnośląskie,DS,23,422932,0,6682,73,2232788,23,469246,0,390586
2023-10-01,dolnośląskie,DS,1,422933,0,6682,1,2232789,1,469247,0,390586
2023-10-02,dolnośląskie,DS,0,422933,0,6682,1,2232790,0,469247,0,390586
2023-10-03,dolnośląskie,DS,22,422955,0,6682,70,2232860,22,469269,0,390586
2023-10-04,dolnośląskie,DS,27,422982,0,6682,81,2232941,27,469296,0,390586
2023-10-05,dolnośląskie,DS,20,423002,0,6682,55,2232996,22,469318,0,390586
2023-10-06,dolnośląskie,DS,22,423024,0,6682,72,2233068,22,469340,0,390586
2023-10-07,dolnośląskie,DS,18,423042,0,6682,82,2233150,21,469361,0,390586
2023-10-08,dolnośląskie,DS,1,423043,0,6682,4,2233154,1,469362,0,390586
2023-10-09,dolnośląskie,DS,0,423043,0,6682,0,2233154,0,469362,0,390586
2023-10-10,dolnośląskie,DS,30,423073,0,6682,90,2233244,31,469393,0,390586
2023-10-11,dolnośląskie,DS,20,423093,0,6682,84,2233328,20,469413,0,390586
2023-10-12,dolnośląskie,DS,13,423106,0,6682,63,2233391,14,469427,0,390586
2023-10-13,dolnośląskie,DS,26,423132,0,6682,70,2233461,26,469453,0,390586
2023-10-14,dolnośląskie,DS,30,423162,0,6682,78,2233539,30,469483,0,390586
2023-10-15,dolnośląskie,DS,1,423163,0,6682,2,2233541,1,469484,0,390586
2023-10-16,dolnośląskie,DS,0,423163,0,6682,0,2233541,0,469484,0,390586
2023-10-17,dolnośląskie,DS,37,423200,0,6682,103,2233644,38,469522,0,390586
2023-10-18,dolnośląskie,DS,25,423225,0,6682,76,2233720,28,469550,0,390586
2023-10-19,dolnośląskie,DS,27,423252,0,6682,79,2233799,28,469578,0,390586
2023-10-20,dolnośląskie,DS,28,423280,0,6682,77,2233876,29,469607,0,390586
2023-10-21,dolnośląskie,DS,27,423307,0,6682,88,2233964,27,469634,0,390586
2023-10-22,dolnośląskie,DS,1,423308,0,6682,1,2233965,1,469635,0,390586
2023-10-23,dolnośląskie,DS,4,423312,0,6682,14,2233979,4,469639,0,390586
2023-10-24,dolnośląskie,DS,60,423372,0,6682,156,2234135,62,469701,0,390586
2023-10-25,dolnośląskie,DS,54,423426,1,6683,108,2234243,54,469755,0,390586
2023-10-26,dolnośląskie,DS,64,423490,0,6683,126,2234369,65,469820,0,390586
2023-10-27,dolnośląskie,DS,58,423548,0,6683,124,2234493,59,469879,0,390586
2023-10-28,dolnośląskie,DS,56,423604,0,6683,111,2234604,58,469937,0,390586
2023-10-29,dolnośląskie,DS,1,423605,0,6683,4,2234608,1,469938,0,390586
2023-10-30,dolnośląskie,DS,0,423605,0,6683,0,2234608,0,469938,0,390586
2023-10-31,dolnośląskie,DS,79,423684,0,6683,161,2234769,80,470018,0,390586
2023-11-01,dolnośląskie,DS,52,423736,0,6683,108,2234877,52,470070,0,390586
2023-11-02,dolnośląskie,DS,1,423737,0,6683,1,2234878,1,470071,0,390586
2023-11-03,dolnośląskie,DS,68,423805,0,6683,147,2235025,70,470141,0,390586
2023-11-04,dolnośląskie,DS,75,423880,1,6684,180,2235205,78,470219,0,390586
2023-11-05,dolnośląskie,DS,4,423884,0,6684,4,2235209,4,470223,0,390586
2023-11-06,dolnośląskie,DS,1,423885,0,6684,1,2235210,1,470224,0,390586
2023-11-07,dolnośląskie,DS,89,423974,0,6684,193,2235403,93,470317,0,390586
2023-11-08,dolnośląskie,DS,81,424055,1,6685,182,2235585,82,470399,0,390586
2023-11-09,dolnośląskie,DS,64,424119,0,6685,150,2235735,66,470465,0,390586
2023-11-10,dolnośląskie,DS,64,424183,0,6685,145,2235880,66,470531,0,390586
2023-11-11,dolnośląskie,DS,68,424251,0,6685,135,2236015,76,470607,0,390586
2023-11-12,dolnośląskie,DS,0,424251,0,6685,0,2236015,0,470607,0,390586
2023-11-13,dolnośląskie,DS,0,424251,0,6685,1,2236016,0,470607,0,390586
2023-11-14,dolnośląskie,DS,116,424367,1,6686,239,2236255,118,470725,0,390586
2023-11-15,dolnośląskie,DS,97,424464,0,6686,210,2236465,97,470822,0,390586
2023-11-16,dolnośląskie,DS,76,424540,0,6686,166,2236631,77,470899,0,390586
2023-11-17,dolnośląskie,DS,83,424623,0,6686,179,2236810,86,470985,0,390586
2023-11-18,dolnośląskie,DS,72,424695,0,6686,150,2236960,77,471062,0,390586
2023-11-19,dolnośląskie,DS,2,424697,0,6686,3,2236963,2,471064,0,390586
2023-11-20,dolnośląskie,DS,2,424699,0,6686,3,2236966,2,471066,0,390586
2023-11-21,dolnośląskie,DS,139,424838,1,6687,261,2237227,141,471207,0,390586
2023-11-22,dolnośląskie,DS,125,424963,0,6687,232,2237459,127,471334,0,390586
2023-11-23,dolnośląskie,DS,125,425088,6,6693,234,2237693,128,471462,0,390586
2023-11-24,dolnośląskie,DS,105,425193,0,6693,195,2237888,107,471569,0,390586
2023-11-25,dolnośląskie,DS,90,425283,1,6694,212,2238100,92,471661,0,390586
2023-11-26,dolnośląskie,DS,3,425286,0,6694,7,2238107,3,471664,0,390586
2023-11-27,dolnośląskie,DS,3,425289,0,6694,3,2238110,3,471667,0,390586
2023-11-28,dolnośląskie,DS,186,425475,0,6694,308,2238418,187,471854,0,390586
2023-11-29,dolnośląskie,DS,148,425623,1,6695,258,2238676,151,472005,0,390586
2023-11-30,dolnośląskie,DS,115,425738,0,6695,242,2238918,115,472120,0,390586
2023-12-01,dolnośląskie,DS,112,425850,0,6695,188,2239106,121,472241,0,390586
2023-12-02,dolnośląskie,DS,114,425964,0,6695,200,2239306,114,472355,0,390586
2023-12-03,dolnośląskie,DS,3,425967,0,6695,7,2239313,5,472360,0,390586
2023-12-04,dolnośląskie,DS,10,425977,0,6695,10,2239323,10,472370,0,390586
2023-12-05,dolnośląskie,DS,231,426208,3,6698,393,2239716,236,472606,0,390586
2023-12-06,dolnośląskie,DS,178,426386,0,6698,302,2240018,181,472787,0,390586
2023-12-07,dolnośląskie,DS,191,426577,0,6698,340,2240358,204,472991,0,390586
2023-12-08,dolnośląskie,DS,175,426752,1,6699,285,2240643,183,473174,0,390586
2023-12-09,dolnośląskie,DS,171,426923,0,6699,284,2240927,175,473349,0,390586
2023-12-10,dolnośląskie,DS,11,426934,0,6699,18,2240945,11,473360,0,390586
2023-12-11,dolnośląskie,DS,4,426938,0,6699,4,2240949,4,473364,0,390586
2023-12-12,dolnośląskie,DS,271,427209,1,6700,490,2241439,276,473640,0,390586
2023-12-13,dolnośląskie,DS,263,427472,4,6704,427,2241866,270,473910,0,390586
2023-12-14,dolnośląskie,DS,193,427665,2,6706,326,2242192,197,474107,0,390586
2023-12-15,dolnośląskie,DS,158,427823,3,6709,316,2242508,162,474269,0,390586
2023-12-16,dolnośląskie,DS,192,428015,1,6710,358,2242866,205,474474,0,390586
2023-12-17,dolnośląskie,DS,8,428023,0,6710,17,2242883,9,474483,0,390586
2023-12-18,dolnośląskie,DS,3,428026,0,6710,3,2242886,3,474486,0,390586
2023-12-19,dolnośląskie,DS,241,428267,0,6710,422,2243308,249,474735,0,390586
2023-12-20,dolnośląskie,DS,208,428475,0,6710,384,2243692,220,474955,0,390586
2023-12-21,dolnośląskie,DS,143,428618,4,6714,350,2244042,150,475105,0,390586
2023-12-22,dolnośląskie,DS,175,428793,0,6714,340,2244382,177,475282,0,390586
2023-12-23,dolnośląskie,DS,116,428909,3,6717,238,2244620,121,475403,0,390586
2023-12-24,dolnośląskie,DS,1,428910,0,6717,6,2244626,1,475404,0,390586
2023-12-25,dolnośląskie,DS,2,428912,0,6717,10,2244636,2,475406,0,390586
2023-12-26,dolnośląskie,DS,8,428920,0,6717,10,2244646,8,475414,0,390586
2023-12-27,dolnośląskie,DS,1,428921,0,6717,4,2244650,1,475415,0,390586
2023-12-28,dolnośląskie,DS,189,429110,1,6718,371,2245021,197,475612,0,390586
2023-12-29,dolnośląskie,DS,113,429223,4,6722,255,2245276,115,475727,0,390586
2023-12-30,dolnośląskie,DS,108,429331,1,6723,241,2245517,112,475839,0,390586
2023-12-31,dolnośląskie,DS,11,429342,0,6723,43,2245560,11,475850,0,390586
2024-01-01,dolnośląskie,DS,2,429344,0,6723,3,2245563,2,475852,0,390586
2024-01-02,dolnośląskie,DS,4,429348,0,6723,4,2245567,4,475856,0,390586
2024-01-03,dolnośląskie,DS,93,429441,0,6723,204,2245771,94,475950,0,390586
2024-01-04,dolnośląskie,DS,183,429624,0,6723,537,2246308,199,476149,0,390586
2024-01-05,dolnośląskie,DS,84,429708,3,6726,291,2246599,89,476238,0,390586
2024-01-06,dolnośląskie,DS,56,429764,2,6728,131,2246730,56,476294,0,390586
2024-01-07,dolnośląskie,DS,2,429766,0,6728,6,2246736,2,476296,0,390586
2024-01-08,dolnośląskie,DS,2,429768,0,6728,5,2246741,2,476298,0,390586
2024-01-09,dolnośląskie,DS,101,429869,0,6728,267,2247008,105,476403,0,390586
2024-01-10,dolnośląskie,DS,47,429916,0,6728,236,2247244,48,476451,0,390586
2024-01-11,dolnośląskie,DS,33,429949,1,6729,209,2247453,34,476485,0,390586
2024-01-12,dolnośląskie,DS,38,429987,3,6732,217,2247670,39,476524,0,390586
2024-01-13,dolnośląskie,DS,30,430017,0,6732,177,2247847,30,476554,0,390586
2024-01-14,dolnośląskie,DS,1,430018,0,6732,3,2247850,1,476555,0,390586
2024-01-15,dolnośląskie,DS,5,430023,0,6732,17,2247867,5,476560,0,390586
2024-01-16,dolnośląskie,DS,68,430091,0,6732,309,2248176,70,476630,0,390586
2024-01-17,dolnośląskie,DS,52,430143,0,6732,232,2248408,52,476682,0,390586
2024-01-18,dolnośląskie,DS,33,430176,2,6734,197,2248605,35,476717,0,390586
2024-01-19,dolnośląskie,DS,32,430208,0,6734,189,2248794,35,476752,0,390586
2024-01-20,dolnośląskie,DS,34,430242,0,6734,206,2249000,34,476786,0,390586
2024-01-21,dolnośląskie,DS,2,430244,0,6734,8,2249008,2,476788,0,390586
2024-01-22,dolnośląskie,DS,4,430248,0,6734,6,2249014,4,476792,0,390586
2024-01-23,dolnośląskie,DS,43,430291,0,6734,267,2249281,45,476837,0,390586
2024-01-24,dolnośląskie,DS,29,430320,0,6734,188,2249469,31,476868,0,390586
2024-01-25,dolnośląskie,DS,24,430344,0,6734,201,2249670,25,476893,0,390586
2024-01-26,dolnośląskie,DS,35,430379,0,6734,173,2249843,37,476930,0,390586
2024-01-27,dolnośląskie,DS,16,430395,0,6734,210,2250053,16,476946,0,390586
2024-01-28,dolnośląskie,DS,0,430395,0,6734,6,2250059,0,476946,0,390586
2024-01-29,dolnośląskie,DS,1,430396,0,6734,8,2250067,1,476947,0,390586
2024-01-30,dolnośląskie,DS,42,430438,1,6735,293,2250360,43,476990,0,390586
2024-01-31,dolnośląskie,DS,37,430475,0,6735,238,2250598,39,477029,0,390586
2024-02-01,dolnośląskie,DS,17,430492,1,6736,209,2250807,17,477046,0,390586
2024-02-02,dolnośląskie,DS,23,430515,1,6737,167,2250974,26,477072,0,390586
2024-02-03,dolnośląskie,DS,18,430533,0,6737,190,2251164,18,477090,0,390586
2024-02-04,dolnośląskie,DS,1,430534,0,6737,7,2251171,1,477091,0,390586
2024-02-05,dolnośląskie,DS,0,430534,0,6737,0,2251171,0,477091,0,390586
2024-02-06,dolnośląskie,DS,49,430583,1,6738,419,2251590,50,477141,0,390586
2024-02-07,dolnośląskie,DS,19,430602,1,6739,279,2251869,19,477160,0,390586
2024-02-08,dolnośląskie,DS,14,430616,0,6739,200,2252069,14,477174,0,390586
2024-02-09,dolnośląskie,DS,13,430629,0,6739,189,2252258,13,477187,0,390586
2024-02-10,dolnośląskie,DS,20,430649,1,6740,204,2252462,21,477208,0,390586
2024-02-11,dolnośląskie,DS,0,430649,0,6740,3,2252465,0,477208,0,390586
2024-02-12,dolnośląskie,DS,1,430650,0,6740,3,2252468,1,477209,0,390586
2024-02-13,dolnośląskie,DS,24,430674,0,6740,294,2252762,24,477233,0,390586
2024-02-14,dolnośląskie,DS,12,430686,1,6741,279,2253041,12,477245,0,390586
2024-02-15,dolnośląskie,DS,11,430697,0,6741,192,2253233,13,477258,0,390586
2024-02-16,dolnośląskie,DS,14,430711,0,6741,178,2253411,15,477273,0,390586
2024-02-17,dolnośląskie,DS,12,430723,1,6742,237,2253648,13,477286,0,390586
2024-02-18,dolnośląskie,DS,1,430724,0,6742,13,2253661,1,477287,0,390586
2024-02-19,dolnośląskie,DS,0,430724,0,6742,3,2253664,0,477287,0,390586
2024-02-20,dolnośląskie,DS,9,430733,0,6742,245,2253909,9,477296,0,390586
2024-02-21,dolnośląskie,DS,7,430740,0,6742,178,2254087,7,477303,0,390586
2024-02-22,dolnośląskie,DS,9,430749,0,6742,166,2254253,9,477312,0,390586
2024-02-23,dolnośląskie,DS,11,430760,0,6742,149,2254402,12,477324,0,390586
2024-02-24,dolnośląskie,DS,10,430770,0,6742,156,2254558,11,477335,0,390586
2024-02-25,dolnośląskie,DS,0,430770,0,6742,11,2254569,0,477335,0,390586
2024-02-26,dolnośląskie,DS,0,430770,0,6742,3,2254572,0,477335,0,390586
2024-02-27,dolnośląskie,DS,8,430778,0,6742,206,2254778,8,477343,0,390586
2024-02-28,dolnośląskie,DS,2,430780,0,6742,126,2254904,2,477345,0,390586
2024-02-29,dolnośląskie,DS,1,430781,0,6742,100,2255004,1,477346,0,390586
2024-03-01,dolnośląskie,DS,7,430788,0,6742,109,2255113,7,477353,0,390586
2024-03-02,dolnośląskie,DS,7,430795,0,6742,141,2255254,7,477360,0,390586
2024-03-03,dolnośląskie,DS,0,430795,0,6742,4,2255258,0,477360,0,390586
2024-03-04,dolnośląskie,DS,0,430795,0,6742,2,2255260,0,477360,0,390586
2024-03-05,dolnośląskie,DS,5,430800,0,6742,151,2255411,5,477365,0,390586
2024-03-06,dolnośląskie,DS,3,430803,0,6742,144,2255555,3,477368,0,390586
2024-03-07,dolnośląskie,DS,0,430803,0,6742,104,2255659,0,477368,0,390586
2024-03-08,dolnośląskie,DS,7,430810,0,6742,105,2255764,7,477375,0,390586
2024-03-09,dolnośląskie,DS,1,430811,0,6742,104,2255868,1,477376,0,390586
2024-03-10,dolnośląskie,DS,0,430811,0,6742,5,2255873,0,477376,0,390586
2024-03-11,dolnośląskie,DS,0,430811,0,6742,1,2255874,0,477376,0,390586
2024-03-12,dolnośląskie,DS,0,430811,0,6742,164,2256038,0,477376,0,390586
2024-03-13,dolnośląskie,DS,12,430823,0,6742,106,2256144,12,477388,0,390586
2024-03-14,dolnośląskie,DS,1,430824,0,6742,71,2256215,1,477389,0,390586
2024-03-15,dolnośląskie,DS,2,430826,0,6742,84,2256299,2,477391,0,390586
2024-03-16,dolnośląskie,DS,0,430826,0,6742,66,2256365,0,477391,0,390586
2024-03-17,dolnośląskie,DS,0,430826,0,6742,2,2256367,0,477391,0,390586
2024-03-18,dolnośląskie,DS,0,430826,0,6742,1,2256368,0,477391,0,390586
2024-03-19,dolnośląskie,DS,1,430827,0,6742,90,2256458,1,477392,0,390586
2024-03-20,dolnośląskie,DS,0,430827,0,6742,107,2256565,0,477392,0,390586
2024-03-21,dolnośląskie,DS,1,430828,0,6742,67,2256632,1,477393,0,390586
2024-03-22,dolnośląskie,DS,2,430830,0,6742,43,2256675,2,477395,0,390586
2024-03-23,dolnośląskie,DS,0,430830,0,6742,63,2256738,0,477395,0,390586
2024-03-24,dolnośląskie,DS,0,430830,0,6742,0,2256738,0,477395,0,390586
2024-03-25,dolnośląskie,DS,0,430830,0,6742,0,2256738,0,477395,0,390586
2024-03-26,dolnośląskie,DS,0,430830,0,6742,59,2256797,0,477395,0,390586
2024-03-27,dolnośląskie,DS,1,430831,0,6742,69,2256866,1,477396,0,390586
2024-03-28,dolnośląskie,DS,1,430832,0,6742,57,2256923,2,477398,0,390586
2024-03-29,dolnośląskie,DS,3,430835,0,6742,57,2256980,3,477401,0,390586
2024-03-30,dolnośląskie,DS,1,430836,0,6742,44,2257024,1,477402,0,390586
2024-03-31,dolnośląskie,DS,0,430836,0,6742,0,2257024,0,477402,0,390586
2024-04-01,dolnośląskie,DS,0,430836,0,6742,1,2257025,0,477402,0,390586
2024-04-02,dolnośląskie,DS,0,430836,0,6742,2,2257027,0,477402,0,390586
2024-04-03,dolnośląskie,DS,2,430838,0,6742,111,2257138,2,477404,0,390586
2024-04-19,dolnośląskie,DS,0,430838,0,6742,24,2257162,0,477404,0,390586
2024-04-20,dolnośląskie,DS,0,430838,0,6742,24,2257186,0,477404,0,390586
2024-04-21,dolnośląskie,DS,0,430838,0,6742,0,2257186,0,477404,0,390586
2024-04-22,dolnośląskie,DS,0,430838,0,6742,3,2257189,0,477404,0,390586
2024-04-23,dolnośląskie,DS,0,430838,0,6742,34,2257223,0,477404,0,390586
2024-04-24,dolnośląskie,DS,0,430838,0,6742,17,2257240,0,477404,0,390586
2024-04-25,dolnośląskie,DS,1,430839,0,6742,26,2257266,1,477405,0,390586
2024-04-26,dolnośląskie,DS,1,430840,0,6742,21,2257287,1,477406,0,390586
2024-04-27,dolnośląskie,DS,0,430840,0,6742,33,2257320,0,477406,0,390586
2024-04-28,dolnośląskie,DS,0,430840,0,6742,0,2257320,0,477406,0,390586
2024-04-29,dolnośląskie,DS,0,430840,0,6742,0,2257320,0,477406,0,390586
2024-04-30,dolnośląskie,DS,1,430841,0,6742,30,2257350,1,477407,0,390586
2024-05-01,dolnośląskie,DS,0,430841,0,6742,17,2257367,0,477407,0,390586
2024-05-02,dolnośląskie,DS,0,430841,0,6742,0,2257367,0,477407,0,390586
2024-05-03,dolnośląskie,DS,0,430841,0,6742,20,2257387,0,477407,0,390586
2024-05-04,dolnośląskie,DS,0,430841,0,6742,2,2257389,0,477407,0,390586
2024-05-05,dolnośląskie,DS,0,430841,0,6742,0,2257389,0,477407,0,390586
2024-05-06,dolnośląskie,DS,0,430841,0,6742,4,2257393,0,477407,0,390586
2024-05-07,dolnośląskie,DS,1,430842,0,6742,16,2257409,1,477408,0,390586
2024-05-08,dolnośląskie,DS,0,430842,0,6742,23,2257432,0,477408,0,390586
2024-05-09,dolnośląskie,DS,0,430842,0,6742,12,2257444,0,477408,0,390586
2024-05-10,dolnośląskie,DS,0,430842,0,6742,11,2257455,0,477408,0,390586
2024-05-11,dolnośląskie,DS,2,430844,0,6742,24,2257479,2,477410,0,390586
2024-05-12,dolnośląskie,DS,0,430844,0,6742,0,2257479,0,477410,0,390586
2024-05-13,dolnośląskie,DS,0,430844,0,6742,2,2257481,0,477410,0,390586
2024-05-14,dolnośląskie,DS,2,430846,0,6742,30,2257511,2,477412,0,390586
2024-05-15,dolnośląskie,DS,2,430848,0,6742,19,2257530,2,477414,0,390586
2024-05-16,dolnośląskie,DS,1,430849,0,6742,27,2257557,1,477415,0,390586
2024-05-17,dolnośląskie,DS,0,430849,0,6742,33,2257590,0,477415,0,390586
2024-05-18,dolnośląskie,DS,1,430850,0,6742,22,2257612,1,477416,0,390586
2024-05-19,dolnośląskie,DS,0,430850,0,6742,1,2257613,0,477416,0,390586
2024-05-20,dolnośląskie,DS,0,430850,0,6742,0,2257613,0,477416,0,390586
2024-05-21,dolnośląskie,DS,2,430852,0,6742,46,2257659,2,477418,0,390586
2024-05-22,dolnośląskie,DS,0,430852,0,6742,9,2257668,0,477418,0,390586
2024-05-23,dolnośląskie,DS,0,430852,0,6742,15,2257683,0,477418,0,390586
2024-05-24,dolnośląskie,DS,2,430854,0,6742,12,2257695,2,477420,0,390586
2024-05-25,dolnośląskie,DS,3,430857,0,6742,19,2257714,3,477423,0,390586
2024-05-26,dolnośląskie,DS,0,430857,0,6742,0,2257714,0,477423,0,390586
2024-05-27,dolnośląskie,DS,0,430857,0,6742,0,2257714,0,477423,0,390586
2024-05-28,dolnośląskie,DS,0,430857,0,6742,17,2257731,0,477423,0,390586
2024-05-29,dolnośląskie,DS,2,430859,0,6742,19,2257750,2,477425,0,390586
2024-05-30,dolnośląskie,DS,0,430859,0,6742,3,2257753,0,477425,0,390586
2024-05-31,dolnośląskie,DS,0,430859,0,6742,0,2257753,0,477425,0,390586
2024-06-01,dolnośląskie,DS,0,430859,0,6742,10,2257763,0,477425,0,390586
2024-06-02,dolnośląskie,DS,0,430859,0,6742,0,2257763,0,477425,0,390586
2024-06-03,dolnośląskie,DS,0,430859,0,6742,3,2257766,0,477425,0,390586
2024-06-04,dolnośląskie,DS,5,430864,0,6742,28,2257794,5,477430,0,390586
2024-06-05,dolnośląskie,DS,1,430865,0,6742,17,2257811,1,477431,0,390586
2024-06-06,dolnośląskie,DS,1,430866,0,6742,9,2257820,1,477432,0,390586
2024-06-07,dolnośląskie,DS,1,430867,0,6742,31,2257851,2,477434,0,390586
2024-06-08,dolnośląskie,DS,1,430868,0,6742,14,2257865,1,477435,0,390586
2024-06-09,dolnośląskie,DS,0,430868,0,6742,0,2257865,0,477435,0,390586
2024-06-10,dolnośląskie,DS,0,430868,0,6742,0,2257865,0,477435,0,390586
2024-06-11,dolnośląskie,DS,4,430872,0,6742,22,2257887,4,477439,0,390586
2024-06-12,dolnośląskie,DS,3,430875,0,6742,28,2257915,3,477442,0,390586
2024-06-13,dolnośląskie,DS,3,430878,0,6742,18,2257933,3,477445,0,390586
2024-06-14,dolnośląskie,DS,0,430878,0,6742,4,2257937,0,477445,0,390586
2024-06-15,dolnośląskie,DS,4,430882,0,6742,11,2257948,4,477449,0,390586
2024-06-16,dolnośląskie,DS,0,430882,0,6742,0,2257948,0,477449,0,390586
2024-06-17,dolnośląskie,DS,0,430882,0,6742,0,2257948,0,477449,0,390586
2024-06-18,dolnośląskie,DS,5,430887,0,6742,19,2257967,5,477454,0,390586
2024-06-19,dolnośląskie,DS,2,430889,0,6742,16,2257983,2,477456,0,390586
2024-06-20,dolnośląskie,DS,0,430889,0,6742,13,2257996,0,477456,0,390586
2024-06-21,dolnośląskie,DS,4,430893,0,6742,14,2258010,4,477460,0,390586
2024-06-22,dolnośląskie,DS,6,430899,0,6742,13,2258023,6,477466,0,390586
2024-06-23,dolnośląskie,DS,0,430899,0,6742,0,2258023,0,477466,0,390586
2024-06-24,dolnośląskie,DS,0,430899,0,6742,0,2258023,0,477466,0,390586
2024-06-25,dolnośląskie,DS,9,430908,0,6742,22,2258045,9,477475,0,390586
2024-06-26,dolnośląskie,DS,10,430918,0,6742,35,2258080,10,477485,0,390586
2024-06-27,dolnośląskie,DS,7,430925,0,6742,17,2258097,8,477493,0,390586
2024-06-28,dolnośląskie,DS,8,430933,0,6742,25,2258122,8,477501,0,390586
2024-06-29,dolnośląskie,DS,7,430940,0,6742,17,2258139,8,477509,0,390586
2024-06-30,dolnośląskie,DS,0,430940,0,6742,0,2258139,0,477509,0,390586
2024-07-01,dolnośląskie,DS,1,430941,0,6742,1,2258140,1,477510,0,390586
2020-11-24,lubuskie,LB,267,267,14,14,1084,1084,305,305,0,0
2020-11-25,lubuskie,LB,506,773,8,22,1607,2691,597,902,0,0
2020-11-26,lubuskie,LB,510,1283,7,29,1576,4267,540,1442,0,0
2020-11-27,lubuskie,LB,494,1777,27,56,1568,5835,535,1977,0,0
2020-11-28,lubuskie,LB,399,2176,20,76,1638,7473,425,2402,0,0
2020-11-29,lubuskie,LB,373,2549,6,82,971,8444,399,2801,0,0
2020-11-30,lubuskie,LB,265,2814,0,82,838,9282,296,3097,0,0
2020-12-01,lubuskie,LB,189,3003,4,86,1093,10375,243,3340,0,0
2020-12-02,lubuskie,LB,384,3387,8,94,1352,11727,422,3762,0,0
2020-12-03,lubuskie,LB,359,3746,12,106,1410,13137,398,4160,0,0
2020-12-04,lubuskie,LB,485,4231,15,121,1615,14752,552,4712,0,0
2020-12-05,lubuskie,LB,340,4571,16,137,1384,16136,399,5111,0,0
2020-12-06,lubuskie,LB,326,4897,0,137,1042,17178,373,5484,0,0
2020-12-07,lubuskie,LB,162,5059,0,137,611,17789,178,5662,0,0
2020-12-08,lubuskie,LB,175,5234,15,152,1337,19126,258,5920,0,0
2020-12-09,lubuskie,LB,348,5582,16,168,1237,20363,370,6290,0,0
2020-12-10,lubuskie,LB,468,6050,17,185,1489,21852,527,6817,0,0
2020-12-11,lubuskie,LB,443,6493,18,203,1591,23443,498,7315,0,0
2020-12-12,lubuskie,LB,371,6864,12,215,1592,25035,486,7801,0,0
2020-12-13,lubuskie,LB,302,7166,0,215,996,26031,371,8172,0,0
2020-12-14,lubuskie,LB,210,7376,7,222,827,26858,300,8472,0,0
2020-12-15,lubuskie,LB,149,7525,17,239,1313,28171,266,8738,0,0
2020-12-16,lubuskie,LB,326,7851,29,268,1335,29506,368,9106,0,0
2020-12-17,lubuskie,LB,320,8171,21,289,1180,30686,347,9453,0,0
2020-12-18,lubuskie,LB,427,8598,27,316,1567,32253,477,9930,0,0
2020-12-19,lubuskie,LB,406,9004,19,335,1454,33707,451,10381,0,0
2020-12-20,lubuskie,LB,319,9323,1,336,1037,34744,335,10716,0,0
2020-12-21,lubuskie,LB,173,9496,0,336,1130,35874,347,11063,0,0
2020-12-22,lubuskie,LB,146,9642,5,341,984,36858,183,11246,0,0
2020-12-23,lubuskie,LB,367,10009,3,344,1397,38255,430,11676,0,0
2020-12-24,lubuskie,LB,399,10408,7,351,1304,39559,448,12124,245,245
2020-12-25,lubuskie,LB,351,10759,1,352,995,40554,388,12512,315,560
2020-12-26,lubuskie,LB,111,10870,0,352,383,40937,116,12628,437,997
2020-12-27,lubuskie,LB,65,10935,0,352,345,41282,86,12714,313,1310
2020-12-28,lubuskie,LB,49,10984,0,352,371,41653,91,12805,422,1732
2020-12-29,lubuskie,LB,208,11192,1,353,1295,42948,264,13069,318,2050
2020-12-30,lubuskie,LB,349,11541,11,364,1472,44420,426,13495,238,2288
2020-12-31,lubuskie,LB,493,12034,15,379,1534,45954,539,14034,164,2452
2021-01-01,lubuskie,LB,343,12377,17,396,1305,47259,371,14405,408,2860
2021-01-02,lubuskie,LB,113,12490,3,399,579,47838,124,14529,425,3285
2021-01-03,lubuskie,LB,169,12659,0,399,768,48606,226,14755,269,3554
2021-01-04,lubuskie,LB,96,12755,1,400,571,49177,131,14886,149,3703
2021-01-05,lubuskie,LB,93,12848,13,413,891,50068,114,15000,120,3823
2021-01-06,lubuskie,LB,368,13216,11,424,1688,51756,426,15426,119,3942
2021-01-08,lubuskie,LB,233,13449,11,435,1415,53171,299,15725,436,4378
2021-01-09,lubuskie,LB,293,13742,7,442,1676,54847,384,16109,398,4776
2021-01-10,lubuskie,LB,261,14003,6,448,1263,56110,279,16388,328,5104
2021-01-11,lubuskie,LB,190,14193,5,453,822,56932,227,16615,124,5228
2021-01-12,lubuskie,LB,89,14282,5,458,1363,58295,135,16750,218,5446
2021-01-13,lubuskie,LB,242,14524,13,471,2090,60385,292,17042,79,5525
2021-01-14,lubuskie,LB,288,14812,8,479,2059,62444,319,17361,144,5669
2021-01-15,lubuskie,LB,217,15029,26,505,1794,64238,272,17633,315,5984
2021-01-16,lubuskie,LB,178,15207,24,529,2109,66347,247,17880,453,6437
2021-01-17,lubuskie,LB,247,15454,5,534,1714,68061,300,18180,197,6634
2021-01-18,lubuskie,LB,99,15553,0,534,719,68780,110,18290,319,6953
2021-01-19,lubuskie,LB,85,15638,9,543,1302,70082,162,18452,240,7193
2021-01-20,lubuskie,LB,201,15839,19,562,1279,71361,223,18675,175,7368
2021-01-21,lubuskie,LB,217,16056,23,585,1194,72555,234,18909,168,7536
2021-01-22,lubuskie,LB,208,16264,6,591,1345,73900,232,19141,230,7766
2021-01-23,lubuskie,LB,166,16430,8,599,995,74895,186,19327,320,8086
2021-01-24,lubuskie,LB,145,16575,4,603,805,75700,170,19497,235,8321
2021-01-25,lubuskie,LB,134,16709,0,603,660,76360,145,19642,232,8553
2021-01-26,lubuskie,LB,92,16801,5,608,1066,77426,106,19748,182,8735
2021-01-27,lubuskie,LB,174,16975,9,617,1237,78663,183,19931,75,8810
2021-01-28,lubuskie,LB,226,17201,32,649,1247,79910,249,20180,126,8936
2021-01-29,lubuskie,LB,171,17372,12,661,1133,81043,185,20365,208,9144
2021-01-30,lubuskie,LB,178,17550,6,667,1155,82198,188,20553,252,9396
2021-01-31,lubuskie,LB,170,17720,1,668,951,83149,205,20758,195,9591
2021-02-01,lubuskie,LB,90,17810,0,668,518,83667,102,20860,162,9753
2021-02-02,lubuskie,LB,84,17894,2,670,1052,84719,104,20964,149,9902
2021-02-03,lubuskie,LB,196,18090,13,683,1327,86046,213,21177,122,10024
2021-02-04,lubuskie,LB,241,18331,16,699,1238,87284,251,21428,146,10170
2021-02-05,lubuskie,LB,182,18513,7,706,1164,88448,198,21626,177,10347
2021-02-06,lubuskie,LB,180,18693,9,715,1132,89580,199,21825,233,10580
2021-02-07,lubuskie,LB,197,18890,0,715,831,90411,214,22039,158,10738
2021-02-08,lubuskie,LB,88,18978,0,715,574,90985,99,22138,192,10930
2021-02-09,lubuskie,LB,73,19051,3,718,1086,92071,78,22216,172,11102
2021-02-10,lubuskie,LB,258,19309,12,730,1791,93862,278,22494,86,11188
2021-02-11,lubuskie,LB,227,19536,19,749,1335,95197,245,22739,129,11317
2021-02-12,lubuskie,LB,221,19757,6,755,1542,96739,261,23000,187,11504
2021-02-13,lubuskie,LB,234,19991,9,764,1547,98286,259,23259,272,11776
2021-02-14,lubuskie,LB,214,20205,2,766,877,99163,231,23490,179,11955
2021-02-15,lubuskie,LB,76,20281,0,766,618,99781,104,23594,175,12130
2021-02-16,lubuskie,LB,158,20439,7,773,1538,101319,171,23765,184,12314
2021-02-17,lubuskie,LB,245,20684,18,791,1623,102942,262,24027,82,12396
2021-02-18,lubuskie,LB,384,21068,4,795,1774,104716,404,24431,140,12536
2021-02-19,lubuskie,LB,298,21366,11,806,1521,106237,325,24756,212,12748
2021-02-20,lubuskie,LB,267,21633,9,815,1399,107636,284,25040,250,12998
2021-02-21,lubuskie,LB,294,21927,4,819,1097,108733,312,25352,230,13228
2021-02-22,lubuskie,LB,204,22131,0,819,852,109585,228,25580,250,13478
2021-02-23,lubuskie,LB,145,22276,1,820,1052,110637,165,25745,189,13667
2021-02-24,lubuskie,LB,345,22621,13,833,1768,112405,377,26122,104,13771
2021-02-25,lubuskie,LB,441,23062,4,837,1737,114142,484,26606,234,14005
2021-02-26,lubuskie,LB,460,23522,13,850,1772,115914,488,27094,220,14225
2021-02-27,lubuskie,LB,383,23905,8,858,1668,117582,424,27518,419,14644
2021-02-28,lubuskie,LB,454,24359,6,864,1499,119081,492,28010,277,14921
2021-03-01,lubuskie,LB,117,24476,0,864,685,119766,150,28160,268,15189
2021-03-02,lubuskie,LB,177,24653,7,871,1367,121133,211,28371,311,15500
2021-03-03,lubuskie,LB,387,25040,3,874,1682,122815,417,28788,178,15678
2021-03-04,lubuskie,LB,490,25530,10,884,1670,124485,513,29301,213,15891
2021-03-05,lubuskie,LB,585,26115,13,897,1819,126304,617,29918,321,16212
2021-03-06,lubuskie,LB,642,26757,21,918,2086,128390,681,30599,547,16759
2021-03-07,lubuskie,LB,476,27233,2,920,1401,129791,503,31102,363,17122
2021-03-08,lubuskie,LB,307,27540,1,921,1068,130859,340,31442,406,17528
2021-03-09,lubuskie,LB,240,27780,4,925,1592,132451,282,31724,388,17916
2021-03-10,lubuskie,LB,412,28192,11,936,1995,134446,447,32171,195,18111
2021-03-11,lubuskie,LB,632,28824,21,957,2057,136503,670,32841,291,18402
2021-03-12,lubuskie,LB,750,29574,10,967,2129,138632,798,33639,284,18686
2021-03-13,lubuskie,LB,651,30225,18,985,2190,140822,688,34327,678,19364
2021-03-14,lubuskie,LB,517,30742,3,988,1576,142398,544,34871,581,19945
2021-03-15,lubuskie,LB,396,31138,0,988,1325,143723,423,35294,525,20470
2021-03-16,lubuskie,LB,288,31426,8,996,1569,145292,320,35614,448,20918
2021-03-17,lubuskie,LB,697,32123,19,1015,2182,147474,740,36354,305,21223
2021-03-18,lubuskie,LB,671,32794,7,1022,2063,149537,709,37063,354,21577
2021-03-19,lubuskie,LB,745,33539,16,1038,2287,151824,815,37878,504,22081
2021-03-20,lubuskie,LB,773,34312,12,1050,2361,154185,816,38694,788,22869
2021-03-21,lubuskie,LB,701,35013,9,1059,1895,156080,734,39428,637,23506
2021-03-22,lubuskie,LB,494,35507,0,1059,2077,158157,531,39959,618,24124
2021-03-23,lubuskie,LB,428,35935,4,1063,2428,160585,481,40440,496,24620
2021-03-24,lubuskie,LB,749,36684,14,1077,2832,163417,808,41248,357,24977
2021-03-25,lubuskie,LB,936,37620,16,1093,3010,166427,995,42243,415,25392
2021-03-26,lubuskie,LB,873,38493,21,1114,2994,169421,956,43199,639,26031
2021-03-27,lubuskie,LB,840,39333,31,1145,2816,172237,888,44087,850,26881
2021-03-28,lubuskie,LB,635,39968,1,1146,2334,174571,711,44798,687,27568
2021-03-29,lubuskie,LB,589,40557,8,1154,2179,176750,630,45428,734,28302
2021-03-30,lubuskie,LB,396,40953,8,1162,2168,178918,437,45865,747,29049
2021-03-31,lubuskie,LB,733,41686,14,1176,2516,181434,795,46660,510,29559
2021-04-01,lubuskie,LB,813,42499,4,1180,2642,184076,845,47505,535,30094
2021-04-02,lubuskie,LB,759,43258,27,1207,2633,186709,815,48320,731,30825
2021-04-03,lubuskie,LB,692,43950,6,1213,2746,189455,754,49074,958,31783
2021-04-04,lubuskie,LB,661,44611,0,1213,1868,191323,706,49780,834,32617
2021-04-05,lubuskie,LB,266,44877,1,1214,1172,192495,292,50072,840,33457
2021-04-06,lubuskie,LB,204,45081,8,1222,2001,194496,236,50308,609,34066
2021-04-07,lubuskie,LB,250,45331,7,1229,2688,197184,276,50584,664,34730
2021-04-08,lubuskie,LB,558,45889,19,1248,2753,199937,603,51187,484,35214
2021-04-09,lubuskie,LB,716,46605,21,1269,2875,202812,767,51954,707,35921
2021-04-10,lubuskie,LB,577,47182,17,1286,2472,205284,611,52565,965,36886
2021-04-11,lubuskie,LB,514,47696,11,1297,2282,207566,554,53119,673,37559
2021-04-12,lubuskie,LB,294,47990,0,1297,1798,209364,324,53443,697,38256
2021-04-13,lubuskie,LB,295,48285,25,1322,2278,211642,341,53784,612,38868
2021-04-14,lubuskie,LB,437,48722,18,1340,2441,214083,471,54255,304,39172
2021-04-15,lubuskie,LB,504,49226,18,1358,2561,216644,532,54787,230,39402
2021-04-16,lubuskie,LB,440,49666,28,1386,2136,218780,486,55273,334,39736
2021-04-17,lubuskie,LB,324,49990,17,1403,2015,220795,348,55621,637,40373
2021-04-18,lubuskie,LB,307,50297,6,1409,1799,222594,325,55946,665,41038
2021-04-19,lubuskie,LB,196,50493,14,1423,1532,224126,217,56163,570,41608
2021-04-20,lubuskie,LB,173,50666,13,1436,2036,226162,204,56367,537,42145
2021-04-21,lubuskie,LB,281,50947,15,1451,1929,228091,319,56686,354,42499
2021-04-22,lubuskie,LB,350,51297,27,1478,2074,230165,391,57077,339,42838
2021-04-23,lubuskie,LB,251,51548,23,1501,1659,231824,270,57347,445,43283
2021-04-24,lubuskie,LB,225,51773,12,1513,2004,233828,253,57600,550,43833
2021-04-25,lubuskie,LB,206,51979,3,1516,1533,235361,246,57846,431,44264
2021-04-26,lubuskie,LB,87,52066,0,1516,1326,236687,105,57951,350,44614
2021-04-27,lubuskie,LB,114,52180,7,1523,1940,238627,125,58076,312,44926
2021-04-28,lubuskie,LB,203,52383,9,1532,2156,240783,227,58303,239,45165
2021-04-29,lubuskie,LB,171,52554,2,1534,2023,242806,200,58503,214,45379
2021-04-30,lubuskie,LB,125,52679,10,1544,2069,244875,153,58656,266,45645
2021-05-01,lubuskie,LB,143,52822,23,1567,1614,246489,156,58812,415,46060
2021-05-02,lubuskie,LB,108,52930,2,1569,1165,247654,120,58932,212,46272
2021-05-03,lubuskie,LB,35,52965,0,1569,840,248494,49,58981,219,46491
2021-05-04,lubuskie,LB,53,53018,0,1569,751,249245,62,59043,207,46698
2021-05-05,lubuskie,LB,71,53089,8,1577,1713,250958,83,59126,122,46820
2021-05-06,lubuskie,LB,121,53210,20,1597,1732,252690,130,59256,124,46944
2021-05-07,lubuskie,LB,175,53385,19,1616,2064,254754,198,59454,198,47142
2021-05-08,lubuskie,LB,110,53495,9,1625,1816,256570,115,59569,173,47315
2021-05-09,lubuskie,LB,97,53592,1,1626,1247,257817,100,59669,121,47436
2021-05-10,lubuskie,LB,46,53638,1,1627,890,258707,51,59720,152,47588
2021-05-11,lubuskie,LB,60,53698,6,1633,1719,260426,66,59786,108,47696
2021-05-12,lubuskie,LB,51,53749,9,1642,1632,262058,55,59841,56,47752
2021-05-13,lubuskie,LB,98,53847,12,1654,1564,263622,108,59949,70,47822
2021-05-14,lubuskie,LB,67,53914,8,1662,1621,265243,75,60024,101,47923
2021-05-15,lubuskie,LB,85,53999,10,1672,1550,266793,94,60118,130,48053
2021-05-16,lubuskie,LB,58,54057,0,1672,1181,267974,64,60182,150,48203
2021-05-17,lubuskie,LB,19,54076,0,1672,801,268775,24,60206,112,48315
2021-05-18,lubuskie,LB,29,54105,2,1674,1591,270366,36,60242,96,48411
2021-05-19,lubuskie,LB,38,54143,15,1689,1458,271824,40,60282,56,48467
2021-05-20,lubuskie,LB,39,54182,7,1696,1397,273221,46,60328,53,48520
2021-05-21,lubuskie,LB,35,54217,11,1707,1454,274675,38,60366,49,48569
2021-05-22,lubuskie,LB,29,54246,2,1709,1427,276102,35,60401,117,48686
2021-05-23,lubuskie,LB,17,54263,0,1709,894,276996,23,60424,58,48744
2021-05-24,lubuskie,LB,9,54272,0,1709,686,277682,10,60434,93,48837
2021-05-25,lubuskie,LB,22,54294,3,1712,1658,279340,26,60460,51,48888
2021-05-26,lubuskie,LB,22,54316,3,1715,1448,280788,26,60486,22,48910
2021-05-27,lubuskie,LB,35,54351,1,1716,1719,282507,49,60535,32,48942
2021-05-28,lubuskie,LB,14,54365,1,1717,1514,284021,18,60553,47,48989
2021-05-29,lubuskie,LB,16,54381,5,1722,1503,285524,21,60574,49,49038
2021-05-30,lubuskie,LB,11,54392,2,1724,962,286486,13,60587,29,49067
2021-05-31,lubuskie,LB,9,54401,0,1724,762,287248,9,60596,34,49101
2021-06-01,lubuskie,LB,12,54413,2,1726,1676,288924,14,60610,21,49122
2021-06-02,lubuskie,LB,3,54416,6,1732,1462,290386,6,60616,14,49136
2021-06-03,lubuskie,LB,10,54426,4,1736,1335,291721,12,60628,24,49160
2021-06-04,lubuskie,LB,4,54430,0,1736,808,292529,4,60632,26,49186
2021-06-05,lubuskie,LB,6,54436,4,1740,1044,293573,7,60639,25,49211
2021-06-06,lubuskie,LB,3,54439,0,1740,859,294432,5,60644,12,49223
2021-06-07,lubuskie,LB,6,54445,0,1740,729,295161,6,60650,19,49242
2021-06-08,lubuskie,LB,14,54459,2,1742,1790,296951,16,60666,16,49258
2021-06-09,lubuskie,LB,8,54467,2,1744,1525,298476,8,60674,10,49268
2021-06-10,lubuskie,LB,12,54479,0,1744,1426,299902,13,60687,9,49277
2021-06-11,lubuskie,LB,4,54483,1,1745,1430,301332,4,60691,4,49281
2021-06-12,lubuskie,LB,6,54489,0,1745,1328,302660,10,60701,12,49293
2021-06-13,lubuskie,LB,5,54494,0,1745,968,303628,8,60709,10,49303
2021-06-14,lubuskie,LB,2,54496,0,1745,747,304375,5,60714,6,49309
2021-06-15,lubuskie,LB,4,54500,2,1747,1518,305893,5,60719,5,49314
2021-06-16,lubuskie,LB,1,54501,0,1747,1343,307236,2,60721,9,49323
2021-06-17,lubuskie,LB,5,54506,2,1749,1328,308564,5,60726,13,49336
2021-06-18,lubuskie,LB,1,54507,0,1749,1255,309819,2,60728,5,49341
2021-06-19,lubuskie,LB,2,54509,0,1749,1247,311066,2,60730,8,49349
2021-06-20,lubuskie,LB,2,54511,0,1749,640,311706,2,60732,8,49357
2021-06-21,lubuskie,LB,0,54511,0,1749,599,312305,0,60732,7,49364
2021-06-22,lubuskie,LB,2,54513,1,1750,1814,314119,4,60736,6,49370
2021-06-23,lubuskie,LB,1,54514,0,1750,1384,315503,2,60738,5,49375
2021-06-24,lubuskie,LB,2,54516,0,1750,1157,316660,4,60742,4,49379
2021-06-25,lubuskie,LB,1,54517,1,1751,1064,317724,2,60744,0,49379
2021-06-26,lubuskie,LB,0,54517,0,1751,1075,318799,2,60746,3,49382
2021-06-27,lubuskie,LB,0,54517,0,1751,553,319352,1,60747,2,49384
2021-06-28,lubuskie,LB,2,54519,0,1751,459,319811,2,60749,3,49387
2021-06-29,lubuskie,LB,0,54519,1,1752,1355,321166,1,60750,2,49389
2021-06-30,lubuskie,LB,1,54520,1,1753,1083,322249,1,60751,0,49389
2021-07-01,lubuskie,LB,3,54523,0,1753,934,323183,3,60754,3,49392
2021-07-02,lubuskie,LB,2,54525,2,1755,1000,324183,4,60758,2,49394
2021-07-03,lubuskie,LB,1,54526,0,1755,1033,325216,2,60760,1,49395
2021-07-04,lubuskie,LB,0,54526,0,1755,650,325866,0,60760,1,49396
2021-07-05,lubuskie,LB,0,54526,0,1755,446,326312,0,60760,4,49400
2021-07-06,lubuskie,LB,2,54528,0,1755,1229,327541,2,60762,1,49401
2021-07-07,lubuskie,LB,3,54531,0,1755,1035,328576,5,60767,1,49402
2021-07-08,lubuskie,LB,1,54532,2,1757,922,329498,1,60768,1,49403
2021-07-09,lubuskie,LB,1,54533,2,1759,913,330411,9,60777,2,49405
2021-07-10,lubuskie,LB,3,54536,0,1759,986,331397,3,60780,3,49408
2021-07-11,lubuskie,LB,1,54537,0,1759,614,332011,1,60781,2,49410
2021-07-12,lubuskie,LB,1,54538,0,1759,489,332500,1,60782,1,49411
2021-07-13,lubuskie,LB,0,54538,0,1759,1159,333659,0,60782,2,49413
2021-07-14,lubuskie,LB,0,54538,0,1759,1054,334713,1,60783,0,49413
2021-07-15,lubuskie,LB,0,54538,0,1759,1007,335720,0,60783,0,49413
2021-07-16,lubuskie,LB,1,54539,0,1759,888,336608,3,60786,1,49414
2021-07-17,lubuskie,LB,2,54541,0,1759,1003,337611,3,60789,1,49415
2021-07-18,lubuskie,LB,1,54542,0,1759,570,338181,2,60791,4,49419
2021-07-19,lubuskie,LB,2,54544,0,1759,519,338700,2,60793,2,49421
2021-07-20,lubuskie,LB,2,54546,1,1760,1203,339903,2,60795,1,49422
2021-07-21,lubuskie,LB,0,54546,0,1760,1040,340943,1,60796,1,49423
2021-07-22,lubuskie,LB,0,54546,0,1760,868,341811,0,60796,0,49423
2021-07-23,lubuskie,LB,0,54546,0,1760,807,342618,0,60796,1,49424
2021-07-24,lubuskie,LB,5,54551,0,1760,1020,343638,5,60801,1,49425
2021-07-25,lubuskie,LB,2,54553,0,1760,588,344226,2,60803,2,49427
2021-07-26,lubuskie,LB,1,54554,0,1760,415,344641,1,60804,3,49430
2021-07-27,lubuskie,LB,4,54558,0,1760,1004,345645,4,60808,1,49431
2021-07-28,lubuskie,LB,4,54562,1,1761,913,346558,5,60813,1,49432
2021-07-29,lubuskie,LB,5,54567,0,1761,780,347338,6,60819,3,49435
2021-07-30,lubuskie,LB,3,54570,0,1761,921,348259,4,60823,1,49436
2021-07-31,lubuskie,LB,2,54572,0,1761,984,349243,3,60826,1,49437
2021-08-01,lubuskie,LB,0,54572,0,1761,646,349889,0,60826,2,49439
2021-08-02,lubuskie,LB,1,54573,0,1761,528,350417,2,60828,1,49440
2021-08-03,lubuskie,LB,1,54574,0,1761,1148,351565,2,60830,5,49445
2021-08-04,lubuskie,LB,1,54575,1,1762,994,352559,2,60832,1,49446
2021-08-05,lubuskie,LB,1,54576,0,1762,1009,353568,3,60835,5,49451
2021-08-06,lubuskie,LB,5,54581,1,1763,868,354436,5,60840,4,49455
2021-08-07,lubuskie,LB,5,54586,0,1763,1078,355514,5,60845,5,49460
2021-08-08,lubuskie,LB,2,54588,0,1763,733,356247,2,60847,2,49462
2021-08-09,lubuskie,LB,2,54590,0,1763,550,356797,2,60849,4,49466
2021-08-10,lubuskie,LB,4,54594,0,1763,1192,357989,7,60856,0,49466
2021-08-11,lubuskie,LB,2,54596,0,1763,1058,359047,4,60860,2,49468
2021-08-12,lubuskie,LB,4,54600,0,1763,946,359993,5,60865,1,49469
2021-08-13,lubuskie,LB,10,54610,0,1763,883,360876,12,60877,2,49471
2021-08-14,lubuskie,LB,3,54613,0,1763,1018,361894,3,60880,1,49472
2021-08-15,lubuskie,LB,4,54617,0,1763,655,362549,5,60885,7,49479
2021-08-16,lubuskie,LB,5,54622,0,1763,552,363101,5,60890,4,49483
2021-08-17,lubuskie,LB,1,54623,0,1763,996,364097,2,60892,5,49488
2021-08-18,lubuskie,LB,2,54625,0,1763,1056,365153,2,60894,4,49492
2021-08-19,lubuskie,LB,3,54628,0,1763,847,366000,3,60897,6,49498
2021-08-20,lubuskie,LB,2,54630,0,1763,908,366908,4,60901,2,49500
2021-08-21,lubuskie,LB,3,54633,0,1763,1021,367929,3,60904,4,49504
2021-08-22,lubuskie,LB,5,54638,0,1763,575,368504,7,60911,15,49519
2021-08-23,lubuskie,LB,0,54638,0,1763,519,369023,0,60911,6,49525
2021-08-24,lubuskie,LB,4,54642,0,1763,1141,370164,5,60916,5,49530
2021-08-25,lubuskie,LB,2,54644,0,1763,939,371103,2,60918,2,49532
2021-08-26,lubuskie,LB,6,54650,1,1764,949,372052,7,60925,7,49539
2021-08-27,lubuskie,LB,3,54653,0,1764,862,372914,4,60929,5,49544
2021-08-28,lubuskie,LB,5,54658,0,1764,1014,373928,6,60935,6,49550
2021-08-29,lubuskie,LB,5,54663,0,1764,549,374477,6,60941,2,49552
2021-08-30,lubuskie,LB,3,54666,0,1764,443,374920,3,60944,3,49555
2021-08-31,lubuskie,LB,2,54668,0,1764,1039,375959,4,60948,6,49561
2021-09-01,lubuskie,LB,5,54673,1,1765,1028,376987,6,60954,1,49562
2021-09-02,lubuskie,LB,4,54677,0,1765,1078,378065,5,60959,4,49566
2021-09-03,lubuskie,LB,5,54682,0,1765,854,378919,6,60965,1,49567
2021-09-04,lubuskie,LB,9,54691,0,1765,922,379841,9,60974,4,49571
2021-09-05,lubuskie,LB,10,54701,0,1765,602,380443,10,60984,6,49577
2021-09-06,lubuskie,LB,1,54702,0,1765,405,380848,1,60985,2,49579
2021-09-07,lubuskie,LB,13,54715,0,1765,981,381829,17,61002,5,49584
2021-09-08,lubuskie,LB,12,54727,1,1766,979,382808,13,61015,3,49587
2021-09-09,lubuskie,LB,11,54738,1,1767,895,383703,12,61027,4,49591
2021-09-10,lubuskie,LB,6,54744,1,1768,906,384609,7,61034,6,49597
2021-09-11,lubuskie,LB,4,54748,0,1768,837,385446,4,61038,7,49604
2021-09-12,lubuskie,LB,12,54760,0,1768,622,386068,14,61052,5,49609
2021-09-13,lubuskie,LB,3,54763,0,1768,438,386506,3,61055,8,49617
2021-09-14,lubuskie,LB,6,54769,1,1769,1085,387591,7,61062,11,49628
2021-09-15,lubuskie,LB,8,54777,0,1769,914,388505,9,61071,1,49629
2021-09-16,lubuskie,LB,19,54796,0,1769,1001,389506,19,61090,9,49638
2021-09-17,lubuskie,LB,10,54806,0,1769,857,390363,11,61101,12,49650
2021-09-18,lubuskie,LB,7,54813,0,1769,941,391304,8,61109,12,49662
2021-09-19,lubuskie,LB,15,54828,0,1769,626,391930,15,61124,5,49667
2021-09-20,lubuskie,LB,14,54842,0,1769,547,392477,14,61138,6,49673
2021-09-21,lubuskie,LB,13,54855,0,1769,1016,393493,19,61157,15,49688
2021-09-22,lubuskie,LB,11,54866,0,1769,1034,394527,15,61172,6,49694
2021-09-23,lubuskie,LB,30,54896,0,1769,1138,395665,31,61203,9,49703
2021-09-24,lubuskie,LB,10,54906,0,1769,983,396648,13,61216,9,49712
2021-09-25,lubuskie,LB,5,54911,0,1769,967,397615,5,61221,16,49728
2021-09-26,lubuskie,LB,14,54925,0,1769,542,398157,17,61238,10,49738
2021-09-27,lubuskie,LB,3,54928,0,1769,497,398654,4,61242,9,49747
2021-09-28,lubuskie,LB,7,54935,0,1769,1115,399769,10,61252,24,49771
2021-09-29,lubuskie,LB,20,54955,0,1769,1126,400895,26,61278,7,49778
2021-09-30,lubuskie,LB,17,54972,0,1769,846,401741,19,61297,12,49790
2021-10-01,lubuskie,LB,14,54986,0,1769,988,402729,16,61313,28,49818
2021-10-02,lubuskie,LB,15,55001,0,1769,906,403635,17,61330,14,49832
2021-10-03,lubuskie,LB,18,55019,0,1769,561,404196,18,61348,11,49843
2021-10-04,lubuskie,LB,5,55024,0,1769,487,404683,6,61354,7,49850
2021-10-05,lubuskie,LB,14,55038,0,1769,1027,405710,16,61370,15,49865
2021-10-06,lubuskie,LB,27,55065,0,1769,1074,406784,32,61402,5,49870
2021-10-07,lubuskie,LB,27,55092,0,1769,958,407742,31,61433,13,49883
2021-10-08,lubuskie,LB,26,55118,1,1770,959,408701,27,61460,26,49909
2021-10-09,lubuskie,LB,26,55144,0,1770,933,409634,26,61486,15,49924
2021-10-10,lubuskie,LB,34,55178,0,1770,608,410242,37,61523,13,49937
2021-10-11,lubuskie,LB,12,55190,0,1770,418,410660,12,61535,16,49953
2021-10-12,lubuskie,LB,25,55215,0,1770,1082,411742,30,61565,14,49967
2021-10-13,lubuskie,LB,41,55256,0,1770,1115,412857,45,61610,7,49974
2021-10-14,lubuskie,LB,33,55289,0,1770,1134,413991,37,61647,17,49991
2021-10-15,lubuskie,LB,35,55324,0,1770,911,414902,38,61685,32,50023
2021-10-16,lubuskie,LB,39,55363,1,1771,1046,415948,45,61730,39,50062
2021-10-17,lubuskie,LB,27,55390,0,1771,611,416559,34,61764,32,50094
2021-10-18,lubuskie,LB,21,55411,0,1771,496,417055,25,61789,19,50113
2021-10-19,lubuskie,LB,52,55463,0,1771,1251,418306,64,61853,32,50145
2021-10-20,lubuskie,LB,63,55526,0,1771,1253,419559,71,61924,16,50161
2021-10-21,lubuskie,LB,85,55611,4,1775,1192,420751,96,62020,30,50191
2021-10-22,lubuskie,LB,72,55683,1,1776,1037,421788,80,62100,36,50227
2021-10-23,lubuskie,LB,94,55777,2,1778,1240,423028,98,62198,26,50253
2021-10-24,lubuskie,LB,58,55835,0,1778,783,423811,68,62266,46,50299
2021-10-25,lubuskie,LB,20,55855,0,1778,510,424321,22,62288,37,50336
2021-10-26,lubuskie,LB,75,55930,0,1778,1304,425625,83,62371,29,50365
2021-10-27,lubuskie,LB,98,56028,0,1778,1113,426738,106,62477,26,50391
2021-10-28,lubuskie,LB,150,56178,0,1778,1376,428114,165,62642,57,50448
2021-10-29,lubuskie,LB,146,56324,1,1779,1317,429431,159,62801,70,50518
2021-10-30,lubuskie,LB,168,56492,1,1780,1337,430768,186,62987,90,50608
2021-10-31,lubuskie,LB,102,56594,0,1780,710,431478,113,63100,78,50686
2021-11-01,lubuskie,LB,57,56651,0,1780,580,432058,65,63165,86,50772
2021-11-02,lubuskie,LB,94,56745,0,1780,720,432778,110,63275,66,50838
2021-11-03,lubuskie,LB,134,56879,0,1780,1513,434291,149,63424,29,50867
2021-11-04,lubuskie,LB,235,57114,1,1781,1557,435848,249,63673,94,50961
2021-11-05,lubuskie,LB,250,57364,0,1781,1762,437610,270,63943,113,51074
2021-11-06,lubuskie,LB,259,57623,2,1783,1778,439388,281,64224,155,51229
2021-11-07,lubuskie,LB,252,57875,0,1783,1141,440529,266,64490,133,51362
2021-11-08,lubuskie,LB,80,57955,0,1783,636,441165,87,64577,167,51529
2021-11-09,lubuskie,LB,263,58218,2,1785,1946,443111,299,64876,96,51625
2021-11-10,lubuskie,LB,271,58489,0,1785,1818,444929,299,65175,65,51690
2021-11-11,lubuskie,LB,414,58903,1,1786,2118,447047,444,65619,82,51772
2021-11-12,lubuskie,LB,241,59144,0,1786,1073,448120,268,65887,189,51961
2021-11-13,lubuskie,LB,271,59415,1,1787,1632,449752,296,66183,223,52184
2021-11-14,lubuskie,LB,260,59675,7,1794,1245,450997,283,66466,264,52448
2021-11-15,lubuskie,LB,168,59843,0,1794,964,451961,199,66665,252,52700
2021-11-16,lubuskie,LB,277,60120,0,1794,1915,453876,307,66972,276,52976
2021-11-17,lubuskie,LB,362,60482,3,1797,2073,455949,403,67375,77,53053
2021-11-18,lubuskie,LB,628,61110,12,1809,2686,458635,671,68046,268,53321
2021-11-19,lubuskie,LB,412,61522,3,1812,2278,460913,456,68502,286,53607
2021-11-20,lubuskie,LB,608,62130,1,1813,2662,463575,665,69167,444,54051
2021-11-21,lubuskie,LB,399,62529,1,1814,1418,464993,422,69589,243,54294
2021-11-22,lubuskie,LB,359,62888,0,1814,1346,466339,386,69975,261,54555
2021-11-23,lubuskie,LB,380,63268,4,1818,2249,468588,420,70395,262,54817
2021-11-24,lubuskie,LB,505,63773,16,1834,2226,470814,554,70949,156,54973
2021-11-25,lubuskie,LB,654,64427,27,1861,2662,473476,723,71672,313,55286
2021-11-26,lubuskie,LB,760,65187,6,1867,2790,476266,812,72484,377,55663
2021-11-27,lubuskie,LB,766,65953,13,1880,2787,479053,826,73310,641,56304
2021-11-28,lubuskie,LB,662,66615,0,1880,2018,481071,700,74010,484,56788
2021-11-29,lubuskie,LB,395,67010,2,1882,1403,482474,415,74425,615,57403
2021-11-30,lubuskie,LB,398,67408,11,1893,2323,484797,455,74880,374,57777
2021-12-01,lubuskie,LB,655,68063,12,1905,2875,487672,732,75612,361,58138
2021-12-02,lubuskie,LB,746,68809,14,1919,2920,490592,809,76421,455,58593
2021-12-03,lubuskie,LB,873,69682,9,1928,3093,493685,938,77359,482,59075
2021-12-04,lubuskie,LB,660,70342,14,1942,2623,496308,732,78091,774,59849
2021-12-05,lubuskie,LB,641,70983,2,1944,2103,498411,699,78790,687,60536
2021-12-06,lubuskie,LB,535,71518,2,1946,1662,500073,569,79359,770,61306
2021-12-07,lubuskie,LB,551,72069,12,1958,2572,502645,600,79959,684,61990
2021-12-08,lubuskie,LB,722,72791,6,1964,2970,505615,786,80745,417,62407
2021-12-09,lubuskie,LB,963,73754,12,1976,3251,508866,1027,81772,430,62837
2021-12-10,lubuskie,LB,825,74579,18,1994,2903,511769,878,82650,652,63489
2021-12-11,lubuskie,LB,794,75373,8,2002,2990,514759,862,83512,922,64411
2021-12-12,lubuskie,LB,651,76024,2,2004,1965,516724,682,84194,846,65257
2021-12-13,lubuskie,LB,354,76378,0,2004,1374,518098,372,84566,702,65959
2021-12-14,lubuskie,LB,462,76840,5,2009,2361,520459,496,85062,747,66706
2021-12-15,lubuskie,LB,615,77455,6,2015,2948,523407,667,85729,491,67197
2021-12-16,lubuskie,LB,785,78240,12,2027,2823,526230,844,86573,600,67797
2021-12-17,lubuskie,LB,648,78888,15,2042,2728,528958,708,87281,721,68518
2021-12-18,lubuskie,LB,595,79483,8,2050,2599,531557,661,87942,1004,69522
2021-12-19,lubuskie,LB,625,80108,7,2057,2303,533860,672,88614,876,70398
2021-12-20,lubuskie,LB,269,80377,3,2060,1359,535219,299,88913,696,71094
2021-12-21,lubuskie,LB,305,80682,13,2073,2296,537515,346,89259,684,71778
2021-12-22,lubuskie,LB,417,81099,17,2090,2401,539916,459,89718,415,72193
2021-12-23,lubuskie,LB,488,81587,10,2100,2380,542296,536,90254,522,72715
2021-12-24,lubuskie,LB,446,82033,16,2116,2323,544619,498,90752,611,73326
2021-12-25,lubuskie,LB,293,82326,12,2128,1226,545845,331,91083,767,74093
2021-12-26,lubuskie,LB,260,82586,1,2129,1200,547045,294,91377,736,74829
2021-12-27,lubuskie,LB,121,82707,1,2130,958,548003,143,91520,563,75392
2021-12-28,lubuskie,LB,207,82914,7,2137,2062,550065,264,91784,672,76064
2021-12-29,lubuskie,LB,344,83258,9,2146,2289,552354,385,92169,208,76272
2021-12-30,lubuskie,LB,434,83692,15,2161,2453,554807,481,92650,415,76687
2021-12-31,lubuskie,LB,370,84062,41,2202,2170,556977,403,93053,365,77052
2022-01-01,lubuskie,LB,315,84377,18,2220,1871,558848,362,93415,544,77596
2022-01-02,lubuskie,LB,251,84628,0,2220,1410,560258,262,93677,484,78080
2022-01-03,lubuskie,LB,150,84778,0,2220,1261,561519,173,93850,318,78398
2022-01-04,lubuskie,LB,219,84997,12,2232,2390,563909,248,94098,226,78624
2022-01-05,lubuskie,LB,329,85326,31,2263,2449,566358,356,94454,129,78753
2022-01-06,lubuskie,LB,440,85766,50,2313,2770,569128,496,94950,280,79033
2022-01-07,lubuskie,LB,260,86026,15,2328,1495,570623,303,95253,347,79380
2022-01-08,lubuskie,LB,266,86292,11,2339,1857,572480,301,95554,418,79798
2022-01-09,lubuskie,LB,252,86544,2,2341,1458,573938,289,95843,398,80196
2022-01-10,lubuskie,LB,169,86713,0,2341,1159,575097,191,96034,363,80559
2022-01-11,lubuskie,LB,189,86902,25,2366,1989,577086,225,96259,228,80787
2022-01-12,lubuskie,LB,293,87195,11,2377,2273,579359,328,96587,153,80940
2022-01-13,lubuskie,LB,362,87557,17,2394,2352,581711,418,97005,247,81187
2022-01-14,lubuskie,LB,231,87788,14,2408,2006,583717,272,97277,397,81584
2022-01-15,lubuskie,LB,248,88036,11,2419,2482,586199,273,97550,405,81989
2022-01-16,lubuskie,LB,241,88277,1,2420,1555,587754,278,97828,345,82334
2022-01-17,lubuskie,LB,171,88448,0,2420,1171,588925,200,98028,248,82582
2022-01-18,lubuskie,LB,205,88653,10,2430,1946,590871,238,98266,220,82802
2022-01-19,lubuskie,LB,353,89006,2,2432,2157,593028,419,98685,223,83025
2022-01-20,lubuskie,LB,453,89459,10,2442,2393,595421,549,99234,188,83213
2022-01-21,lubuskie,LB,514,89973,9,2451,2440,597861,586,99820,345,83558
2022-01-22,lubuskie,LB,494,90467,0,2451,2662,600523,582,100402,389,83947
2022-01-23,lubuskie,LB,581,91048,0,2451,2107,602630,693,101095,253,84200
2022-01-24,lubuskie,LB,469,91517,0,2451,1896,604526,548,101643,200,84400
2022-01-25,lubuskie,LB,449,91966,5,2456,2576,607102,533,102176,289,84689
2022-01-26,lubuskie,LB,649,92615,8,2464,2748,609850,766,102942,169,84858
2022-01-27,lubuskie,LB,759,93374,22,2486,3220,613070,906,103848,266,85124
2022-01-28,lubuskie,LB,887,94261,6,2492,3137,616207,1005,104853,467,85591
2022-01-29,lubuskie,LB,926,95187,1,2493,3256,619463,1064,105917,453,86044
2022-01-30,lubuskie,LB,732,95919,1,2494,2444,621907,845,106762,568,86612
2022-01-31,lubuskie,LB,740,96659,0,2494,2223,624130,852,107614,531,87143
2022-02-01,lubuskie,LB,836,97495,0,2494,3366,627496,1002,108616,713,87856
2022-02-02,lubuskie,LB,906,98401,2,2496,3400,630896,1068,109684,506,88362
2022-02-03,lubuskie,LB,1141,99542,8,2504,3771,634667,1327,111011,495,88857
2022-02-04,lubuskie,LB,1330,100872,0,2504,4313,638980,1538,112549,730,89587
2022-02-05,lubuskie,LB,1029,101901,4,2508,3707,642687,1213,113762,952,90539
2022-02-06,lubuskie,LB,1289,103190,0,2508,3746,646433,1491,115253,1081,91620
2022-02-07,lubuskie,LB,779,103969,0,2508,2509,648942,916,116169,993,92613
2022-02-08,lubuskie,LB,812,104781,4,2512,3460,652402,859,117028,819,93432
2022-02-09,lubuskie,LB,1084,105865,16,2528,3719,656121,1149,118177,958,94390
2022-02-10,lubuskie,LB,1512,107377,9,2537,4352,660473,1562,119739,1011,95401
2022-02-11,lubuskie,LB,1258,108635,11,2548,4077,664550,1333,121072,1166,96567
2022-02-12,lubuskie,LB,1215,109850,12,2560,3980,668530,1274,122346,1259,97826
2022-02-13,lubuskie,LB,868,110718,1,2561,2475,671005,905,123251,1523,99349
2022-02-14,lubuskie,LB,677,111395,0,2561,2356,673361,721,123972,1152,100501
2022-02-15,lubuskie,LB,616,112011,12,2573,2756,676117,653,124625,1441,101942
2022-02-16,lubuskie,LB,987,112998,12,2585,3711,679828,1079,125704,959,102901
2022-02-17,lubuskie,LB,1109,114107,7,2592,4161,683989,1228,126932,779,103680
2022-02-18,lubuskie,LB,1040,115147,12,2604,3938,687927,1122,128054,1141,104821
2022-02-19,lubuskie,LB,799,115946,7,2611,3258,691185,884,128938,1499,106320
2022-02-20,lubuskie,LB,653,116599,0,2611,2129,693314,721,129659,1306,107626
2022-02-21,lubuskie,LB,416,117015,2,2613,1687,695001,481,130140,1230,108856
2022-02-22,lubuskie,LB,615,117630,4,2617,3059,698060,657,130797,2097,110953
2022-02-23,lubuskie,LB,789,118419,5,2622,3169,701229,864,131661,1523,112476
2022-02-24,lubuskie,LB,816,119235,17,2639,3150,704379,880,132541,1440,113916
2022-02-25,lubuskie,LB,846,120081,8,2647,2979,707358,887,133428,802,114718
2022-02-26,lubuskie,LB,721,120802,15,2662,2772,710130,794,134222,773,115491
2022-02-27,lubuskie,LB,468,121270,2,2664,1684,711814,521,134743,380,115871
2022-02-28,lubuskie,LB,313,121583,0,2664,1357,713171,353,135096,711,116582
2022-03-01,lubuskie,LB,458,122041,4,2668,2518,715689,497,135593,817,117399
2022-03-02,lubuskie,LB,657,122698,8,2676,2787,718476,711,136304,793,118192
2022-03-03,lubuskie,LB,620,123318,12,2688,2508,720984,683,136987,851,119043
2022-03-04,lubuskie,LB,590,123908,6,2694,2486,723470,645,137632,721,119764
2022-03-05,lubuskie,LB,797,124705,4,2698,2934,726404,850,138482,491,120255
2022-03-06,lubuskie,LB,322,125027,0,2698,1287,727691,355,138837,278,120533
2022-03-07,lubuskie,LB,297,125324,0,2698,1341,729032,323,139160,539,121072
2022-03-08,lubuskie,LB,505,125829,6,2704,2549,731581,560,139720,687,121759
2022-03-09,lubuskie,LB,563,126392,3,2707,2538,734119,605,140325,641,122400
2022-03-10,lubuskie,LB,602,126994,5,2712,2696,736815,640,140965,621,123021
2022-03-11,lubuskie,LB,508,127502,15,2727,2476,739291,552,141517,695,123716
2022-03-12,lubuskie,LB,494,127996,9,2736,2177,741468,540,142057,345,124061
2022-03-13,lubuskie,LB,293,128289,0,2736,1337,742805,320,142377,283,124344
2022-03-14,lubuskie,LB,180,128469,0,2736,1024,743829,187,142564,550,124894
2022-03-15,lubuskie,LB,498,128967,11,2747,2575,746404,536,143100,660,125554
2022-03-16,lubuskie,LB,568,129535,5,2752,2775,749179,607,143707,574,126128
2022-03-17,lubuskie,LB,495,130030,15,2767,2403,751582,531,144238,526,126654
2022-03-18,lubuskie,LB,401,130431,3,2770,2301,753883,429,144667,458,127112
2022-03-19,lubuskie,LB,428,130859,0,2770,2115,755998,464,145131,294,127406
2022-03-20,lubuskie,LB,210,131069,0,2770,1157,757155,223,145354,171,127577
2022-03-21,lubuskie,LB,130,131199,0,2770,937,758092,138,145492,574,128151
2022-03-22,lubuskie,LB,254,131453,3,2773,2029,760121,281,145773,558,128709
2022-03-23,lubuskie,LB,380,131833,10,2783,2217,762338,414,146187,495,129204
2022-03-24,lubuskie,LB,302,132135,12,2795,2011,764349,339,146526,413,129617
2022-03-25,lubuskie,LB,289,132424,3,2798,1833,766182,310,146836,396,130013
2022-03-26,lubuskie,LB,240,132664,8,2806,1544,767726,254,147090,252,130265
2022-03-27,lubuskie,LB,135,132799,0,2806,836,768562,145,147235,132,130397
2022-03-28,lubuskie,LB,49,132848,0,2806,677,769239,54,147289,287,130684
2022-03-29,lubuskie,LB,204,133052,9,2815,1968,771207,228,147517,401,131085
2022-03-30,lubuskie,LB,126,133178,1,2816,1454,772661,143,147660,411,131496
2022-03-31,lubuskie,LB,177,133355,4,2820,1430,774091,195,147855,245,131741
2022-04-01,lubuskie,LB,156,133511,10,2830,1500,775591,180,148035,203,131944
2022-04-02,lubuskie,LB,68,133579,1,2831,700,776291,72,148107,65,132009
2022-04-03,lubuskie,LB,4,133583,0,2831,245,776536,7,148114,25,132034
2022-04-04,lubuskie,LB,8,133591,0,2831,192,776728,8,148122,0,132034
2022-04-05,lubuskie,LB,59,133650,1,2832,551,777279,65,148187,0,132034
2022-04-06,lubuskie,LB,44,133694,5,2837,621,777900,99,148286,0,132034
2022-04-07,lubuskie,LB,31,133725,10,2847,411,778311,37,148323,0,132034
2022-04-08,lubuskie,LB,24,133749,3,2850,346,778657,32,148355,0,132034
2022-04-09,lubuskie,LB,29,133778,1,2851,292,778949,29,148384,0,132034
2022-04-10,lubuskie,LB,13,133791,0,2851,212,779161,29,148413,0,132034
2022-04-11,lubuskie,LB,3,133794,0,2851,138,779299,4,148417,0,132034
2022-04-12,lubuskie,LB,39,133833,0,2851,413,779712,41,148458,0,132034
2022-04-13,lubuskie,LB,14,133847,1,2852,345,780057,14,148472,0,132034
2022-04-14,lubuskie,LB,25,133872,2,2854,383,780440,42,148514,0,132034
2022-04-15,lubuskie,LB,30,133902,0,2854,265,780705,32,148546,0,132034
2022-04-16,lubuskie,LB,26,133928,1,2855,221,780926,32,148578,0,132034
2022-04-17,lubuskie,LB,8,133936,0,2855,170,781096,9,148587,0,132034
2022-04-18,lubuskie,LB,3,133939,0,2855,95,781191,3,148590,0,132034
2022-04-19,lubuskie,LB,2,133941,0,2855,139,781330,3,148593,0,132034
2022-04-20,lubuskie,LB,34,133975,0,2855,426,781756,35,148628,1,132035
2022-04-21,lubuskie,LB,23,133998,0,2855,358,782114,23,148651,0,132035
2022-04-22,lubuskie,LB,22,134020,1,2856,344,782458,24,148675,1,132036
2022-04-23,lubuskie,LB,26,134046,1,2857,264,782722,28,148703,0,132036
2022-04-24,lubuskie,LB,5,134051,0,2857,96,782818,6,148709,0,132036
2022-04-25,lubuskie,LB,5,134056,0,2857,128,782946,5,148714,1,132037
2022-04-26,lubuskie,LB,19,134075,1,2858,318,783264,22,148736,0,132037
2022-04-27,lubuskie,LB,24,134099,1,2859,294,783558,25,148761,1,132038
2022-04-28,lubuskie,LB,14,134113,0,2859,305,783863,15,148776,0,132038
2022-04-29,lubuskie,LB,17,134130,0,2859,311,784174,17,148793,1,132039
2022-04-30,lubuskie,LB,9,134139,1,2860,262,784436,9,148802,1,132040
2022-05-01,lubuskie,LB,2,134141,0,2860,179,784615,2,148804,0,132040
2022-05-02,lubuskie,LB,3,134144,0,2860,74,784689,3,148807,1,132041
2022-05-03,lubuskie,LB,10,134154,0,2860,179,784868,10,148817,0,132041
2022-05-04,lubuskie,LB,4,134158,0,2860,101,784969,5,148822,0,132041
2022-05-05,lubuskie,LB,15,134173,2,2862,235,785204,16,148838,1,132042
2022-05-06,lubuskie,LB,17,134190,0,2862,220,785424,19,148857,0,132042
2022-05-07,lubuskie,LB,13,134203,0,2862,183,785607,14,148871,0,132042
2022-05-08,lubuskie,LB,4,134207,0,2862,66,785673,5,148876,0,132042
2022-05-09,lubuskie,LB,2,134209,0,2862,120,785793,2,148878,0,132042
2022-05-10,lubuskie,LB,8,134217,1,2863,258,786051,8,148886,0,132042
2022-05-11,lubuskie,LB,6,134223,4,2867,197,786248,6,148892,0,132042
2022-05-12,lubuskie,LB,9,134232,0,2867,181,786429,12,148904,0,132042
2022-05-13,lubuskie,LB,3,134235,1,2868,170,786599,4,148908,0,132042
2022-05-14,lubuskie,LB,7,134242,0,2868,145,786744,7,148915,0,132042
2022-05-15,lubuskie,LB,1,134243,0,2868,69,786813,2,148917,0,132042
2022-05-16,lubuskie,LB,0,134243,0,2868,84,786897,0,148917,0,132042
2022-05-17,lubuskie,LB,6,134249,3,2871,179,787076,8,148925,0,132042
2022-05-18,lubuskie,LB,3,134252,0,2871,141,787217,3,148928,1,132043
2022-05-19,lubuskie,LB,2,134254,0,2871,143,787360,2,148930,0,132043
2022-05-20,lubuskie,LB,3,134257,1,2872,143,787503,4,148934,1,132044
2022-05-21,lubuskie,LB,4,134261,0,2872,117,787620,5,148939,0,132044
2022-05-22,lubuskie,LB,2,134263,0,2872,62,787682,2,148941,1,132045
2022-05-23,lubuskie,LB,0,134263,0,2872,56,787738,0,148941,0,132045
2022-05-24,lubuskie,LB,4,134267,0,2872,194,787932,5,148946,0,132045
2022-05-25,lubuskie,LB,3,134270,0,2872,130,788062,3,148949,0,132045
2022-05-26,lubuskie,LB,2,134272,0,2872,125,788187,3,148952,0,132045
2022-05-27,lubuskie,LB,3,134275,0,2872,133,788320,5,148957,0,132045
2022-05-28,lubuskie,LB,2,134277,0,2872,123,788443,2,148959,0,132045
2022-05-29,lubuskie,LB,0,134277,0,2872,82,788525,3,148962,0,132045
2022-05-30,lubuskie,LB,0,134277,0,2872,66,788591,0,148962,0,132045
2022-05-31,lubuskie,LB,3,134280,0,2872,148,788739,3,148965,0,132045
2022-06-01,lubuskie,LB,1,134281,0,2872,106,788845,1,148966,0,132045
2022-06-02,lubuskie,LB,6,134287,0,2872,79,788924,6,148972,0,132045
2022-06-03,lubuskie,LB,2,134289,0,2872,73,788997,4,148976,0,132045
2022-06-04,lubuskie,LB,2,134291,0,2872,65,789062,3,148979,2,132047
2022-06-05,lubuskie,LB,0,134291,0,2872,42,789104,0,148979,0,132047
2022-06-06,lubuskie,LB,0,134291,0,2872,28,789132,0,148979,1,132048
2022-06-07,lubuskie,LB,6,134297,0,2872,95,789227,6,148985,0,132048
2022-06-08,lubuskie,LB,1,134298,0,2872,86,789313,1,148986,0,132048
2022-06-09,lubuskie,LB,5,134303,0,2872,86,789399,5,148991,0,132048
2022-06-10,lubuskie,LB,3,134306,0,2872,83,789482,4,148995,0,132048
2022-06-11,lubuskie,LB,10,134316,0,2872,73,789555,10,149005,0,132048
2022-06-12,lubuskie,LB,0,134316,0,2872,33,789588,0,149005,0,132048
2022-06-13,lubuskie,LB,1,134317,0,2872,32,789620,1,149006,4,132052
2022-06-14,lubuskie,LB,15,134332,0,2872,93,789713,15,149021,0,132052
2022-06-15,lubuskie,LB,4,134336,0,2872,60,789773,7,149028,1,132053
2022-06-16,lubuskie,LB,3,134339,0,2872,80,789853,3,149031,0,132053
2022-06-17,lubuskie,LB,0,134339,0,2872,28,789881,0,149031,0,132053
2022-06-18,lubuskie,LB,4,134343,0,2872,43,789924,5,149036,0,132053
2022-06-19,lubuskie,LB,1,134344,0,2872,28,789952,1,149037,0,132053
2022-06-20,lubuskie,LB,0,134344,0,2872,21,789973,0,149037,0,132053
2022-06-21,lubuskie,LB,8,134352,0,2872,78,790051,8,149045,0,132053
2022-06-22,lubuskie,LB,4,134356,0,2872,73,790124,4,149049,0,132053
2022-06-23,lubuskie,LB,2,134358,0,2872,72,790196,2,149051,0,132053
2022-06-24,lubuskie,LB,3,134361,0,2872,41,790237,3,149054,0,132053
2022-06-25,lubuskie,LB,3,134364,0,2872,49,790286,3,149057,0,132053
2022-06-26,lubuskie,LB,1,134365,0,2872,47,790333,1,149058,0,132053
2022-06-27,lubuskie,LB,1,134366,0,2872,22,790355,1,149059,0,132053
2022-06-28,lubuskie,LB,18,134384,0,2872,89,790444,19,149078,0,132053
2022-06-29,lubuskie,LB,18,134402,0,2872,92,790536,18,149096,0,132053
2022-06-30,lubuskie,LB,6,134408,0,2872,97,790633,6,149102,1,132054
2022-07-01,lubuskie,LB,5,134413,0,2872,61,790694,6,149108,1,132055
2022-07-02,lubuskie,LB,21,134434,0,2872,64,790758,22,149130,0,132055
2022-07-03,lubuskie,LB,1,134435,0,2872,28,790786,1,149131,0,132055
2022-07-04,lubuskie,LB,1,134436,0,2872,22,790808,1,149132,0,132055
2022-07-05,lubuskie,LB,19,134455,0,2872,100,790908,19,149151,0,132055
2022-07-06,lubuskie,LB,22,134477,0,2872,80,790988,23,149174,0,132055
2022-07-07,lubuskie,LB,17,134494,0,2872,143,791131,18,149192,0,132055
2022-07-08,lubuskie,LB,15,134509,0,2872,97,791228,16,149208,0,132055
2022-07-09,lubuskie,LB,34,134543,0,2872,97,791325,35,149243,1,132056
2022-07-10,lubuskie,LB,4,134547,0,2872,29,791354,5,149248,0,132056
2022-07-11,lubuskie,LB,5,134552,0,2872,26,791380,5,149253,0,132056
2022-07-12,lubuskie,LB,38,134590,1,2873,154,791534,38,149291,0,132056
2022-07-13,lubuskie,LB,33,134623,0,2873,142,791676,36,149327,0,132056
2022-07-14,lubuskie,LB,32,134655,0,2873,124,791800,34,149361,0,132056
2022-07-15,lubuskie,LB,31,134686,1,2874,118,791918,36,149397,1,132057
2022-07-16,lubuskie,LB,22,134708,0,2874,101,792019,25,149422,0,132057
2022-07-17,lubuskie,LB,8,134716,0,2874,27,792046,8,149430,2,132059
2022-07-18,lubuskie,LB,1,134717,0,2874,22,792068,1,149431,0,132059
2022-07-19,lubuskie,LB,57,134774,0,2874,171,792239,58,149489,0,132059
2022-07-20,lubuskie,LB,53,134827,0,2874,182,792421,55,149544,0,132059
2022-07-21,lubuskie,LB,48,134875,0,2874,188,792609,48,149592,0,132059
2022-07-22,lubuskie,LB,55,134930,0,2874,175,792784,57,149649,0,132059
2022-07-23,lubuskie,LB,57,134987,1,2875,156,792940,60,149709,0,132059
2022-07-24,lubuskie,LB,25,135012,0,2875,56,792996,26,149735,1,132060
2022-07-25,lubuskie,LB,13,135025,0,2875,53,793049,13,149748,0,132060
2022-07-26,lubuskie,LB,100,135125,1,2876,246,793295,102,149850,0,132060
2022-07-27,lubuskie,LB,75,135200,1,2877,197,793492,76,149926,0,132060
2022-07-28,lubuskie,LB,77,135277,0,2877,250,793742,78,150004,0,132060
2022-07-29,lubuskie,LB,78,135355,1,2878,204,793946,79,150083,0,132060
2022-07-30,lubuskie,LB,74,135429,0,2878,190,794136,79,150162,0,132060
2022-07-31,lubuskie,LB,11,135440,0,2878,57,794193,11,150173,1,132061
2022-08-01,lubuskie,LB,8,135448,0,2878,43,794236,9,150182,0,132061
2022-08-02,lubuskie,LB,108,135556,0,2878,310,794546,110,150292,0,132061
2022-08-03,lubuskie,LB,98,135654,0,2878,250,794796,99,150391,0,132061
2022-08-04,lubuskie,LB,99,135753,0,2878,261,795057,103,150494,0,132061
2022-08-05,lubuskie,LB,80,135833,0,2878,215,795272,80,150574,0,132061
2022-08-06,lubuskie,LB,95,135928,0,2878,225,795497,100,150674,0,132061
2022-08-07,lubuskie,LB,6,135934,0,2878,38,795535,6,150680,0,132061
2022-08-08,lubuskie,LB,6,135940,0,2878,47,795582,6,150686,2,132063
2022-08-09,lubuskie,LB,94,136034,0,2878,232,795814,97,150783,0,132063
2022-08-10,lubuskie,LB,75,136109,0,2878,196,796010,83,150866,0,132063
2022-08-11,lubuskie,LB,87,136196,1,2879,240,796250,87,150953,0,132063
2022-08-12,lubuskie,LB,83,136279,0,2879,216,796466,85,151038,0,132063
2022-08-13,lubuskie,LB,76,136355,0,2879,181,796647,81,151119,0,132063
2022-08-14,lubuskie,LB,14,136369,0,2879,62,796709,18,151137,0,132063
2022-08-15,lubuskie,LB,19,136388,0,2879,63,796772,21,151158,0,132063
2022-08-16,lubuskie,LB,20,136408,0,2879,64,796836,21,151179,1,132064
2022-08-17,lubuskie,LB,140,136548,0,2879,300,797136,143,151322,1,132065
2022-08-18,lubuskie,LB,114,136662,1,2880,284,797420,116,151438,0,132065
2022-08-19,lubuskie,LB,85,136747,2,2882,213,797633,89,151527,1,132066
2022-08-20,lubuskie,LB,123,136870,0,2882,326,797959,127,151654,0,132066
2022-08-21,lubuskie,LB,21,136891,0,2882,58,798017,22,151676,0,132066
2022-08-22,lubuskie,LB,19,136910,0,2882,67,798084,23,151699,0,132066
2022-08-23,lubuskie,LB,114,137024,3,2885,334,798418,123,151822,0,132066
2022-08-24,lubuskie,LB,99,137123,0,2885,243,798661,103,151925,0,132066
2022-08-25,lubuskie,LB,90,137213,0,2885,244,798905,98,152023,0,132066
2022-08-26,lubuskie,LB,54,137267,1,2886,195,799100,60,152083,0,132066
2022-08-27,lubuskie,LB,72,137339,0,2886,208,799308,77,152160,0,132066
2022-08-28,lubuskie,LB,18,137357,0,2886,67,799375,19,152179,0,132066
2022-08-29,lubuskie,LB,11,137368,0,2886,60,799435,11,152190,0,132066
2022-08-30,lubuskie,LB,134,137502,0,2886,333,799768,138,152328,0,132066
2022-08-31,lubuskie,LB,92,137594,0,2886,245,800013,99,152427,0,132066
2022-09-01,lubuskie,LB,77,137671,0,2886,190,800203,80,152507,0,132066
2022-09-02,lubuskie,LB,54,137725,0,2886,220,800423,59,152566,0,132066
2022-09-03,lubuskie,LB,35,137760,0,2886,138,800561,37,152603,0,132066
2022-09-04,lubuskie,LB,9,137769,0,2886,44,800605,12,152615,0,132066
2022-09-05,lubuskie,LB,5,137774,0,2886,41,800646,5,152620,0,132066
2022-09-06,lubuskie,LB,88,137862,2,2888,254,800900,89,152709,0,132066
2022-09-07,lubuskie,LB,57,137919,0,2888,202,801102,58,152767,0,132066
2022-09-08,lubuskie,LB,68,137987,0,2888,215,801317,68,152835,0,132066
2022-09-09,lubuskie,LB,99,138086,2,2890,289,801606,103,152938,0,132066
2022-09-10,lubuskie,LB,81,138167,1,2891,233,801839,85,153023,0,132066
2022-09-11,lubuskie,LB,11,138178,0,2891,52,801891,11,153034,0,132066
2022-09-12,lubuskie,LB,8,138186,0,2891,57,801948,12,153046,0,132066
2022-09-13,lubuskie,LB,110,138296,0,2891,309,802257,112,153158,0,132066
2022-09-14,lubuskie,LB,123,138419,0,2891,328,802585,126,153284,0,132066
2022-09-15,lubuskie,LB,116,138535,0,2891,335,802920,117,153401,0,132066
2022-09-16,lubuskie,LB,47,138582,1,2892,184,803104,49,153450,0,132066
2022-09-17,lubuskie,LB,55,138637,0,2892,231,803335,55,153505,0,132066
2022-09-18,lubuskie,LB,7,138644,0,2892,50,803385,8,153513,0,132066
2022-09-19,lubuskie,LB,16,138660,0,2892,52,803437,16,153529,0,132066
2022-09-20,lubuskie,LB,82,138742,0,2892,276,803713,88,153617,0,132066
2022-09-21,lubuskie,LB,61,138803,0,2892,241,803954,63,153680,0,132066
2022-09-22,lubuskie,LB,98,138901,1,2893,321,804275,99,153779,0,132066
2022-09-23,lubuskie,LB,89,138990,0,2893,321,804596,94,153873,0,132066
2022-09-24,lubuskie,LB,50,139040,1,2894,197,804793,55,153928,0,132066
2022-09-25,lubuskie,LB,8,139048,0,2894,40,804833,9,153937,0,132066
2022-09-26,lubuskie,LB,10,139058,0,2894,47,804880,11,153948,0,132066
2022-09-27,lubuskie,LB,99,139157,0,2894,324,805204,104,154052,0,132066
2022-09-28,lubuskie,LB,84,139241,0,2894,311,805515,87,154139,0,132066
2022-09-29,lubuskie,LB,123,139364,1,2895,391,805906,130,154269,0,132066
2022-09-30,lubuskie,LB,80,139444,1,2896,333,806239,87,154356,0,132066
2022-10-01,lubuskie,LB,96,139540,0,2896,318,806557,104,154460,0,132066
2022-10-02,lubuskie,LB,5,139545,0,2896,22,806579,6,154466,0,132066
2022-10-03,lubuskie,LB,0,139545,0,2896,32,806611,0,154466,0,132066
2022-10-04,lubuskie,LB,128,139673,0,2896,316,806927,132,154598,0,132066
2022-10-05,lubuskie,LB,79,139752,1,2897,322,807249,82,154680,0,132066
2022-10-06,lubuskie,LB,96,139848,0,2897,325,807574,101,154781,0,132066
2022-10-07,lubuskie,LB,91,139939,2,2899,305,807879,93,154874,0,132066
2022-10-08,lubuskie,LB,119,140058,0,2899,482,808361,126,155000,0,132066
2022-10-09,lubuskie,LB,13,140071,0,2899,50,808411,14,155014,0,132066
2022-10-10,lubuskie,LB,8,140079,0,2899,53,808464,8,155022,0,132066
2022-10-11,lubuskie,LB,76,140155,0,2899,330,808794,80,155102,0,132066
2022-10-12,lubuskie,LB,67,140222,1,2900,309,809103,73,155175,0,132066
2022-10-13,lubuskie,LB,34,140256,0,2900,203,809306,36,155211,0,132066
2022-10-14,lubuskie,LB,60,140316,0,2900,280,809586,61,155272,0,132066
2022-10-15,lubuskie,LB,34,140350,1,2901,230,809816,35,155307,0,132066
2022-10-16,lubuskie,LB,9,140359,0,2901,57,809873,9,155316,0,132066
2022-10-17,lubuskie,LB,12,140371,0,2901,53,809926,12,155328,0,132066
2022-10-18,lubuskie,LB,80,140451,3,2904,314,810240,83,155411,0,132066
2022-10-19,lubuskie,LB,57,140508,3,2907,279,810519,62,155473,0,132066
2022-10-20,lubuskie,LB,32,140540,0,2907,187,810706,32,155505,0,132066
2022-10-21,lubuskie,LB,40,140580,1,2908,219,810925,40,155545,0,132066
2022-10-22,lubuskie,LB,32,140612,0,2908,190,811115,35,155580,0,132066
2022-10-23,lubuskie,LB,6,140618,0,2908,38,811153,6,155586,0,132066
2022-10-24,lubuskie,LB,6,140624,0,2908,49,811202,7,155593,0,132066
2022-10-25,lubuskie,LB,27,140651,2,2910,210,811412,30,155623,0,132066
2022-10-26,lubuskie,LB,27,140678,0,2910,195,811607,28,155651,0,132066
2022-10-27,lubuskie,LB,31,140709,0,2910,229,811836,32,155683,0,132066
2022-10-28,lubuskie,LB,21,140730,0,2910,243,812079,23,155706,0,132066
2022-10-29,lubuskie,LB,18,140748,0,2910,170,812249,21,155727,0,132066
2022-10-30,lubuskie,LB,1,140749,0,2910,41,812290,4,155731,0,132066
2022-10-31,lubuskie,LB,2,140751,0,2910,52,812342,3,155734,0,132066
2022-11-01,lubuskie,LB,25,140776,1,2911,192,812534,26,155760,0,132066
2022-11-02,lubuskie,LB,4,140780,0,2911,38,812572,4,155764,0,132066
2022-11-03,lubuskie,LB,20,140800,0,2911,212,812784,22,155786,0,132066
2022-11-04,lubuskie,LB,23,140823,0,2911,166,812950,24,155810,0,132066
2022-11-05,lubuskie,LB,19,140842,0,2911,151,813101,19,155829,0,132066
2022-11-06,lubuskie,LB,3,140845,0,2911,39,813140,4,155833,0,132066
2022-11-07,lubuskie,LB,3,140848,0,2911,57,813197,3,155836,0,132066
2022-11-08,lubuskie,LB,17,140865,0,2911,217,813414,18,155854,0,132066
2022-11-09,lubuskie,LB,20,140885,0,2911,173,813587,20,155874,0,132066
2022-11-10,lubuskie,LB,18,140903,0,2911,174,813761,19,155893,0,132066
2022-11-11,lubuskie,LB,6,140909,0,2911,97,813858,8,155901,0,132066
2022-11-12,lubuskie,LB,4,140913,0,2911,32,813890,5,155906,0,132066
2022-11-13,lubuskie,LB,3,140916,0,2911,39,813929,3,155909,0,132066
2022-11-14,lubuskie,LB,1,140917,0,2911,53,813982,1,155910,0,132066
2022-11-15,lubuskie,LB,19,140936,2,2913,131,814113,19,155929,0,132066
2022-11-16,lubuskie,LB,23,140959,1,2914,227,814340,24,155953,0,132066
2022-11-17,lubuskie,LB,18,140977,1,2915,148,814488,19,155972,0,132066
2022-11-18,lubuskie,LB,9,140986,0,2915,121,814609,9,155981,0,132066
2022-11-19,lubuskie,LB,14,141000,0,2915,147,814756,17,155998,0,132066
2022-11-20,lubuskie,LB,0,141000,0,2915,38,814794,0,155998,0,132066
2022-11-21,lubuskie,LB,3,141003,0,2915,40,814834,3,156001,0,132066
2022-11-22,lubuskie,LB,7,141010,0,2915,187,815021,8,156009,0,132066
2022-11-23,lubuskie,LB,8,141018,0,2915,136,815157,9,156018,0,132066
2022-11-24,lubuskie,LB,4,141022,1,2916,145,815302,6,156024,0,132066
2022-11-25,lubuskie,LB,14,141036,0,2916,102,815404,14,156038,0,132066
2022-11-26,lubuskie,LB,12,141048,1,2917,123,815527,13,156051,0,132066
2022-11-27,lubuskie,LB,0,141048,0,2917,34,815561,0,156051,0,132066
2022-11-28,lubuskie,LB,1,141049,0,2917,42,815603,1,156052,0,132066
2022-11-29,lubuskie,LB,17,141066,0,2917,188,815791,17,156069,0,132066
2022-11-30,lubuskie,LB,13,141079,0,2917,137,815928,13,156082,0,132066
2022-12-01,lubuskie,LB,17,141096,1,2918,142,816070,17,156099,0,132066
2022-12-02,lubuskie,LB,27,141123,0,2918,175,816245,27,156126,0,132066
2022-12-03,lubuskie,LB,16,141139,2,2920,117,816362,16,156142,0,132066
2022-12-04,lubuskie,LB,4,141143,0,2920,39,816401,4,156146,0,132066
2022-12-05,lubuskie,LB,2,141145,0,2920,34,816435,2,156148,0,132066
2022-12-06,lubuskie,LB,17,141162,0,2920,128,816563,19,156167,0,132066
2022-12-07,lubuskie,LB,19,141181,0,2920,148,816711,20,156187,0,132066
2022-12-08,lubuskie,LB,15,141196,0,2920,119,816830,15,156202,0,132066
2022-12-09,lubuskie,LB,5,141201,0,2920,84,816914,5,156207,0,132066
2022-12-10,lubuskie,LB,11,141212,0,2920,109,817023,11,156218,0,132066
2022-12-11,lubuskie,LB,1,141213,0,2920,43,817066,1,156219,0,132066
2022-12-12,lubuskie,LB,7,141220,0,2920,78,817144,7,156226,0,132066
2022-12-13,lubuskie,LB,39,141259,0,2920,224,817368,40,156266,0,132066
2022-12-14,lubuskie,LB,17,141276,0,2920,191,817559,18,156284,0,132066
2022-12-15,lubuskie,LB,15,141291,0,2920,154,817713,17,156301,0,132066
2022-12-16,lubuskie,LB,17,141308,0,2920,142,817855,18,156319,0,132066
2022-12-17,lubuskie,LB,16,141324,0,2920,134,817989,16,156335,0,132066
2022-12-18,lubuskie,LB,2,141326,0,2920,36,818025,2,156337,0,132066
2022-12-19,lubuskie,LB,2,141328,0,2920,54,818079,2,156339,0,132066
2022-12-20,lubuskie,LB,22,141350,0,2920,231,818310,22,156361,0,132066
2022-12-21,lubuskie,LB,20,141370,0,2920,201,818511,20,156381,0,132066
2022-12-22,lubuskie,LB,32,141402,0,2920,211,818722,36,156417,0,132066
2022-12-23,lubuskie,LB,17,141419,1,2921,156,818878,18,156435,0,132066
2022-12-24,lubuskie,LB,27,141446,0,2921,209,819087,27,156462,0,132066
2022-12-25,lubuskie,LB,2,141448,0,2921,54,819141,3,156465,0,132066
2022-12-26,lubuskie,LB,12,141460,0,2921,95,819236,12,156477,0,132066
2022-12-27,lubuskie,LB,0,141460,0,2921,60,819296,0,156477,0,132066
2022-12-28,lubuskie,LB,28,141488,0,2921,212,819508,28,156505,0,132066
2022-12-29,lubuskie,LB,21,141509,1,2922,186,819694,22,156527,0,132066
2022-12-30,lubuskie,LB,24,141533,0,2922,160,819854,25,156552,0,132066
2022-12-31,lubuskie,LB,15,141548,1,2923,130,819984,17,156569,0,132066
2023-01-01,lubuskie,LB,4,141552,0,2923,68,820052,4,156573,0,132066
2023-01-02,lubuskie,LB,2,141554,0,2923,44,820096,2,156575,0,132066
2023-01-03,lubuskie,LB,19,141573,0,2923,173,820269,19,156594,0,132066
2023-01-04,lubuskie,LB,14,141587,0,2923,169,820438,14,156608,0,132066
2023-01-05,lubuskie,LB,25,141612,0,2923,159,820597,25,156633,0,132066
2023-01-06,lubuskie,LB,15,141627,0,2923,124,820721,15,156648,0,132066
2023-01-07,lubuskie,LB,6,141633,0,2923,40,820761,6,156654,0,132066
2023-01-08,lubuskie,LB,1,141634,0,2923,35,820796,2,156656,0,132066
2023-01-09,lubuskie,LB,4,141638,0,2923,48,820844,6,156662,0,132066
2023-01-10,lubuskie,LB,18,141656,0,2923,195,821039,18,156680,0,132066
2023-01-11,lubuskie,LB,8,141664,0,2923,103,821142,8,156688,0,132066
2023-01-12,lubuskie,LB,12,141676,1,2924,107,821249,12,156700,0,132066
2023-01-13,lubuskie,LB,11,141687,1,2925,95,821344,11,156711,0,132066
2023-01-14,lubuskie,LB,5,141692,1,2926,77,821421,7,156718,0,132066
2023-01-15,lubuskie,LB,1,141693,0,2926,27,821448,1,156719,0,132066
2023-01-16,lubuskie,LB,0,141693,0,2926,35,821483,0,156719,0,132066
2023-01-17,lubuskie,LB,11,141704,0,2926,97,821580,12,156731,0,132066
2023-01-18,lubuskie,LB,9,141713,0,2926,89,821669,10,156741,0,132066
2023-01-19,lubuskie,LB,12,141725,0,2926,69,821738,12,156753,0,132066
2023-01-20,lubuskie,LB,8,141733,0,2926,69,821807,8,156761,0,132066
2023-01-21,lubuskie,LB,7,141740,0,2926,74,821881,7,156768,0,132066
2023-01-22,lubuskie,LB,1,141741,0,2926,21,821902,1,156769,0,132066
2023-01-23,lubuskie,LB,0,141741,0,2926,34,821936,0,156769,0,132066
2023-01-24,lubuskie,LB,14,141755,0,2926,114,822050,14,156783,0,132066
2023-01-25,lubuskie,LB,10,141765,0,2926,84,822134,10,156793,0,132066
2023-01-26,lubuskie,LB,12,141777,0,2926,83,822217,13,156806,0,132066
2023-01-27,lubuskie,LB,22,141799,1,2927,120,822337,23,156829,0,132066
2023-01-28,lubuskie,LB,17,141816,0,2927,96,822433,20,156849,0,132066
2023-01-29,lubuskie,LB,0,141816,0,2927,6,822439,0,156849,0,132066
2023-01-30,lubuskie,LB,3,141819,0,2927,20,822459,3,156852,0,132066
2023-01-31,lubuskie,LB,33,141852,0,2927,140,822599,33,156885,0,132066
2023-02-01,lubuskie,LB,21,141873,0,2927,123,822722,21,156906,0,132066
2023-02-02,lubuskie,LB,20,141893,0,2927,101,822823,20,156926,0,132066
2023-02-03,lubuskie,LB,30,141923,0,2927,289,823112,32,156958,0,132066
2023-02-04,lubuskie,LB,31,141954,0,2927,136,823248,32,156990,0,132066
2023-02-05,lubuskie,LB,2,141956,0,2927,30,823278,2,156992,0,132066
2023-02-06,lubuskie,LB,3,141959,0,2927,28,823306,3,156995,0,132066
2023-02-07,lubuskie,LB,35,141994,0,2927,154,823460,36,157031,0,132066
2023-02-08,lubuskie,LB,29,142023,1,2928,113,823573,29,157060,0,132066
2023-02-09,lubuskie,LB,18,142041,0,2928,107,823680,18,157078,0,132066
2023-02-10,lubuskie,LB,31,142072,0,2928,119,823799,32,157110,0,132066
2023-02-11,lubuskie,LB,31,142103,1,2929,118,823917,33,157143,0,132066
2023-02-12,lubuskie,LB,1,142104,0,2929,20,823937,1,157144,0,132066
2023-02-13,lubuskie,LB,5,142109,0,2929,34,823971,5,157149,0,132066
2023-02-14,lubuskie,LB,59,142168,0,2929,211,824182,60,157209,0,132066
2023-02-15,lubuskie,LB,44,142212,0,2929,159,824341,45,157254,0,132066
2023-02-16,lubuskie,LB,51,142263,0,2929,162,824503,55,157309,0,132066
2023-02-17,lubuskie,LB,34,142297,1,2930,117,824620,36,157345,0,132066
2023-02-18,lubuskie,LB,32,142329,0,2930,126,824746,32,157377,0,132066
2023-02-19,lubuskie,LB,4,142333,0,2930,23,824769,4,157381,0,132066
2023-02-20,lubuskie,LB,5,142338,0,2930,41,824810,5,157386,0,132066
2023-02-21,lubuskie,LB,67,142405,1,2931,221,825031,71,157457,0,132066
2023-02-22,lubuskie,LB,42,142447,0,2931,149,825180,43,157500,0,132066
2023-02-23,lubuskie,LB,60,142507,0,2931,158,825338,60,157560,0,132066
2023-02-24,lubuskie,LB,50,142557,0,2931,153,825491,54,157614,0,132066
2023-02-25,lubuskie,LB,48,142605,0,2931,220,825711,50,157664,0,132066
2023-02-26,lubuskie,LB,9,142614,0,2931,26,825737,9,157673,0,132066
2023-02-27,lubuskie,LB,6,142620,0,2931,42,825779,6,157679,0,132066
2023-02-28,lubuskie,LB,79,142699,0,2931,220,825999,83,157762,0,132066
2023-03-01,lubuskie,LB,92,142791,0,2931,214,826213,97,157859,0,132066
2023-03-02,lubuskie,LB,66,142857,0,2931,214,826427,67,157926,0,132066
2023-03-03,lubuskie,LB,66,142923,0,2931,188,826615,69,157995,0,132066
2023-03-04,lubuskie,LB,60,142983,0,2931,183,826798,62,158057,0,132066
2023-03-05,lubuskie,LB,11,142994,0,2931,52,826850,12,158069,0,132066
2023-03-06,lubuskie,LB,3,142997,0,2931,24,826874,3,158072,0,132066
2023-03-07,lubuskie,LB,103,143100,0,2931,261,827135,104,158176,0,132066
2023-03-08,lubuskie,LB,92,143192,0,2931,208,827343,95,158271,0,132066
2023-03-09,lubuskie,LB,88,143280,0,2931,237,827580,89,158360,0,132066
2023-03-10,lubuskie,LB,68,143348,0,2931,260,827840,69,158429,0,132066
2023-03-11,lubuskie,LB,71,143419,1,2932,250,828090,75,158504,0,132066
2023-03-12,lubuskie,LB,14,143433,0,2932,71,828161,16,158520,0,132066
2023-03-13,lubuskie,LB,13,143446,0,2932,47,828208,13,158533,0,132066
2023-03-14,lubuskie,LB,105,143551,0,2932,266,828474,112,158645,0,132066
2023-03-15,lubuskie,LB,101,143652,0,2932,245,828719,101,158746,0,132066
2023-03-16,lubuskie,LB,65,143717,0,2932,223,828942,72,158818,0,132066
2023-03-17,lubuskie,LB,73,143790,0,2932,196,829138,75,158893,0,132066
2023-03-18,lubuskie,LB,47,143837,0,2932,188,829326,47,158940,0,132066
2023-03-19,lubuskie,LB,15,143852,0,2932,43,829369,16,158956,0,132066
2023-03-20,lubuskie,LB,13,143865,0,2932,59,829428,14,158970,0,132066
2023-03-21,lubuskie,LB,80,143945,3,2935,207,829635,85,159055,0,132066
2023-03-22,lubuskie,LB,51,143996,0,2935,192,829827,56,159111,0,132066
2023-03-23,lubuskie,LB,58,144054,0,2935,187,830014,58,159169,0,132066
2023-03-24,lubuskie,LB,49,144103,1,2936,149,830163,49,159218,0,132066
2023-03-25,lubuskie,LB,37,144140,0,2936,146,830309,38,159256,0,132066
2023-03-26,lubuskie,LB,2,144142,0,2936,31,830340,3,159259,0,132066
2023-03-27,lubuskie,LB,8,144150,0,2936,42,830382,9,159268,0,132066
2023-03-28,lubuskie,LB,53,144203,1,2937,174,830556,59,159327,0,132066
2023-03-29,lubuskie,LB,28,144231,3,2940,145,830701,32,159359,0,132066
2023-03-30,lubuskie,LB,30,144261,1,2941,105,830806,31,159390,0,132066
2023-03-31,lubuskie,LB,27,144288,0,2941,212,831018,29,159419,0,132066
2023-04-01,lubuskie,LB,21,144309,0,2941,99,831117,23,159442,0,132066
2023-04-02,lubuskie,LB,4,144313,0,2941,28,831145,4,159446,0,132066
2023-04-03,lubuskie,LB,4,144317,0,2941,47,831192,5,159451,0,132066
2023-04-04,lubuskie,LB,36,144353,1,2942,154,831346,39,159490,0,132066
2023-04-05,lubuskie,LB,28,144381,0,2942,101,831447,28,159518,0,132066
2023-04-06,lubuskie,LB,29,144410,0,2942,155,831602,32,159550,0,132066
2023-04-07,lubuskie,LB,23,144433,2,2944,112,831714,23,159573,0,132066
2023-04-08,lubuskie,LB,19,144452,0,2944,79,831793,20,159593,0,132066
2023-04-09,lubuskie,LB,1,144453,0,2944,28,831821,1,159594,0,132066
2023-04-10,lubuskie,LB,6,144459,0,2944,33,831854,6,159600,0,132066
2023-04-11,lubuskie,LB,3,144462,0,2944,29,831883,3,159603,0,132066
2023-04-12,lubuskie,LB,42,144504,1,2945,194,832077,43,159646,0,132066
2023-04-13,lubuskie,LB,63,144567,1,2946,169,832246,66,159712,0,132066
2023-04-14,lubuskie,LB,18,144585,0,2946,126,832372,21,159733,0,132066
2023-04-15,lubuskie,LB,25,144610,0,2946,131,832503,25,159758,0,132066
2023-04-16,lubuskie,LB,3,144613,0,2946,23,832526,3,159761,0,132066
2023-04-17,lubuskie,LB,7,144620,0,2946,41,832567,7,159768,0,132066
2023-04-18,lubuskie,LB,28,144648,0,2946,142,832709,30,159798,0,132066
2023-04-19,lubuskie,LB,14,144662,0,2946,92,832801,18,159816,0,132066
2023-04-20,lubuskie,LB,16,144678,1,2947,107,832908,18,159834,0,132066
2023-04-21,lubuskie,LB,16,144694,0,2947,107,833015,16,159850,0,132066
2023-04-22,lubuskie,LB,13,144707,0,2947,79,833094,13,159863,0,132066
2023-04-23,lubuskie,LB,2,144709,0,2947,43,833137,2,159865,0,132066
2023-04-24,lubuskie,LB,3,144712,0,2947,39,833176,3,159868,0,132066
2023-04-25,lubuskie,LB,15,144727,0,2947,127,833303,16,159884,0,132066
2023-04-26,lubuskie,LB,9,144736,1,2948,76,833379,10,159894,0,132066
2023-04-27,lubuskie,LB,15,144751,0,2948,105,833484,16,159910,0,132066
2023-04-28,lubuskie,LB,1,144752,0,2948,87,833571,2,159912,0,132066
2023-04-29,lubuskie,LB,5,144757,2,2950,79,833650,6,159918,0,132066
2023-04-30,lubuskie,LB,1,144758,0,2950,17,833667,1,159919,0,132066
2023-05-01,lubuskie,LB,1,144759,0,2950,30,833697,2,159921,0,132066
2023-05-02,lubuskie,LB,0,144759,0,2950,19,833716,0,159921,0,132066
2023-05-03,lubuskie,LB,12,144771,0,2950,81,833797,12,159933,0,132066
2023-05-04,lubuskie,LB,3,144774,0,2950,24,833821,3,159936,0,132066
2023-05-05,lubuskie,LB,9,144783,0,2950,86,833907,9,159945,0,132066
2023-05-06,lubuskie,LB,9,144792,0,2950,67,833974,11,159956,0,132066
2023-05-07,lubuskie,LB,2,144794,0,2950,24,833998,2,159958,0,132066
2023-05-08,lubuskie,LB,1,144795,0,2950,36,834034,1,159959,0,132066
2023-05-09,lubuskie,LB,8,144803,0,2950,167,834201,9,159968,0,132066
2023-05-10,lubuskie,LB,8,144811,0,2950,81,834282,11,159979,0,132066
2023-05-11,lubuskie,LB,4,144815,0,2950,88,834370,4,159983,0,132066
2023-05-12,lubuskie,LB,2,144817,0,2950,46,834416,2,159985,0,132066
2023-05-13,lubuskie,LB,2,144819,0,2950,41,834457,2,159987,0,132066
2023-05-14,lubuskie,LB,0,144819,0,2950,13,834470,0,159987,0,132066
2023-05-15,lubuskie,LB,0,144819,0,2950,12,834482,0,159987,0,132066
2023-05-16,lubuskie,LB,2,144821,0,2950,84,834566,2,159989,0,132066
2023-05-17,lubuskie,LB,1,144822,0,2950,61,834627,1,159990,0,132066
2023-05-18,lubuskie,LB,2,144824,0,2950,47,834674,2,159992,0,132066
2023-05-19,lubuskie,LB,3,144827,0,2950,39,834713,3,159995,0,132066
2023-05-20,lubuskie,LB,2,144829,0,2950,52,834765,2,159997,0,132066
2023-05-21,lubuskie,LB,0,144829,0,2950,14,834779,0,159997,0,132066
2023-05-22,lubuskie,LB,0,144829,0,2950,13,834792,0,159997,0,132066
2023-05-23,lubuskie,LB,4,144833,0,2950,51,834843,4,160001,0,132066
2023-05-24,lubuskie,LB,2,144835,0,2950,36,834879,2,160003,0,132066
2023-05-25,lubuskie,LB,1,144836,0,2950,44,834923,1,160004,0,132066
2023-05-26,lubuskie,LB,2,144838,0,2950,50,834973,2,160006,0,132066
2023-05-27,lubuskie,LB,1,144839,0,2950,39,835012,1,160007,0,132066
2023-05-28,lubuskie,LB,0,144839,0,2950,9,835021,0,160007,0,132066
2023-05-29,lubuskie,LB,0,144839,0,2950,10,835031,0,160007,0,132066
2023-05-30,lubuskie,LB,1,144840,0,2950,46,835077,1,160008,0,132066
2023-05-31,lubuskie,LB,2,144842,0,2950,28,835105,2,160010,0,132066
2023-06-01,lubuskie,LB,0,144842,0,2950,54,835159,0,160010,0,132066
2023-06-02,lubuskie,LB,2,144844,0,2950,29,835188,2,160012,0,132066
2023-06-03,lubuskie,LB,0,144844,0,2950,24,835212,0,160012,0,132066
2023-06-04,lubuskie,LB,0,144844,0,2950,2,835214,0,160012,0,132066
2023-06-05,lubuskie,LB,0,144844,0,2950,4,835218,0,160012,0,132066
2023-06-06,lubuskie,LB,3,144847,0,2950,51,835269,3,160015,0,132066
2023-06-07,lubuskie,LB,3,144850,0,2950,27,835296,3,160018,0,132066
2023-06-08,lubuskie,LB,1,144851,0,2950,28,835324,1,160019,0,132066
2023-06-09,lubuskie,LB,0,144851,0,2950,2,835326,0,160019,0,132066
2023-06-10,lubuskie,LB,0,144851,0,2950,27,835353,0,160019,0,132066
2023-06-11,lubuskie,LB,0,144851,0,2950,1,835354,0,160019,0,132066
2023-06-12,lubuskie,LB,0,144851,0,2950,6,835360,0,160019,0,132066
2023-06-13,lubuskie,LB,0,144851,0,2950,31,835391,0,160019,0,132066
2023-06-14,lubuskie,LB,0,144851,0,2950,29,835420,0,160019,0,132066
2023-06-15,lubuskie,LB,0,144851,0,2950,20,835440,0,160019,0,132066
2023-06-16,lubuskie,LB,0,144851,0,2950,21,835461,0,160019,0,132066
2023-06-17,lubuskie,LB,0,144851,0,2950,16,835477,0,160019,0,132066
2023-06-18,lubuskie,LB,0,144851,0,2950,5,835482,0,160019,0,132066
2023-06-19,lubuskie,LB,0,144851,0,2950,5,835487,0,160019,0,132066
2023-06-20,lubuskie,LB,2,144853,0,2950,32,835519,2,160021,0,132066
2023-06-21,lubuskie,LB,1,144854,0,2950,19,835538,1,160022,0,132066
2023-06-22,lubuskie,LB,0,144854,0,2950,18,835556,0,160022,0,132066
2023-06-23,lubuskie,LB,0,144854,0,2950,19,835575,0,160022,0,132066
2023-06-24,lubuskie,LB,1,144855,0,2950,12,835587,1,160023,0,132066
2023-06-25,lubuskie,LB,0,144855,0,2950,3,835590,0,160023,0,132066
2023-06-26,lubuskie,LB,0,144855,0,2950,2,835592,0,160023,0,132066
2023-06-27,lubuskie,LB,0,144855,0,2950,17,835609,0,160023,0,132066
2023-06-28,lubuskie,LB,0,144855,0,2950,25,835634,0,160023,0,132066
2023-06-29,lubuskie,LB,0,144855,0,2950,17,835651,0,160023,0,132066
2023-06-30,lubuskie,LB,0,144855,0,2950,21,835672,0,160023,0,132066
2023-07-01,lubuskie,LB,0,144855,0,2950,5,835677,0,160023,0,132066
2023-07-02,lubuskie,LB,0,144855,0,2950,1,835678,0,160023,0,132066
2023-07-03,lubuskie,LB,0,144855,0,2950,2,835680,0,160023,0,132066
2023-07-04,lubuskie,LB,0,144855,0,2950,2,835682,0,160023,0,132066
2023-07-05,lubuskie,LB,0,144855,0,2950,4,835686,0,160023,0,132066
2023-07-06,lubuskie,LB,1,144856,0,2950,9,835695,1,160024,0,132066
2023-07-07,lubuskie,LB,0,144856,0,2950,7,835702,0,160024,0,132066
2023-07-08,lubuskie,LB,1,144857,0,2950,10,835712,2,160026,0,132066
2023-07-09,lubuskie,LB,0,144857,0,2950,0,835712,0,160026,0,132066
2023-07-10,lubuskie,LB,0,144857,0,2950,4,835716,0,160026,0,132066
2023-07-11,lubuskie,LB,1,144858,0,2950,13,835729,1,160027,0,132066
2023-07-12,lubuskie,LB,0,144858,0,2950,8,835737,0,160027,0,132066
2023-07-13,lubuskie,LB,0,144858,0,2950,0,835737,0,160027,0,132066
2023-07-14,lubuskie,LB,1,144859,0,2950,3,835740,1,160028,0,132066
2023-07-15,lubuskie,LB,0,144859,0,2950,2,835742,0,160028,0,132066
2023-07-16,lubuskie,LB,0,144859,0,2950,0,835742,0,160028,0,132066
2023-07-17,lubuskie,LB,0,144859,0,2950,3,835745,0,160028,0,132066
2023-07-18,lubuskie,LB,1,144860,0,2950,4,835749,1,160029,0,132066
2023-07-19,lubuskie,LB,0,144860,0,2950,1,835750,0,160029,0,132066
2023-07-20,lubuskie,LB,0,144860,0,2950,6,835756,0,160029,0,132066
2023-07-21,lubuskie,LB,1,144861,0,2950,4,835760,1,160030,0,132066
2023-07-22,lubuskie,LB,2,144863,0,2950,4,835764,2,160032,0,132066
2023-07-23,lubuskie,LB,0,144863,0,2950,0,835764,0,160032,0,132066
2023-07-24,lubuskie,LB,0,144863,0,2950,1,835765,0,160032,0,132066
2023-07-25,lubuskie,LB,0,144863,0,2950,3,835768,0,160032,0,132066
2023-07-26,lubuskie,LB,0,144863,0,2950,1,835769,0,160032,0,132066
2023-07-27,lubuskie,LB,0,144863,0,2950,2,835771,0,160032,0,132066
2023-07-28,lubuskie,LB,0,144863,0,2950,1,835772,0,160032,0,132066
2023-07-29,lubuskie,LB,0,144863,0,2950,2,835774,0,160032,0,132066
2023-07-30,lubuskie,LB,0,144863,0,2950,0,835774,0,160032,0,132066
2023-07-31,lubuskie,LB,0,144863,0,2950,1,835775,0,160032,0,132066
2023-08-01,lubuskie,LB,1,144864,0,2950,4,835779,1,160033,0,132066
2023-08-02,lubuskie,LB,0,144864,0,2950,1,835780,0,160033,0,132066
2023-08-03,lubuskie,LB,0,144864,0,2950,2,835782,0,160033,0,132066
2023-08-04,lubuskie,LB,0,144864,0,2950,4,835786,0,160033,0,132066
2023-08-05,lubuskie,LB,1,144865,0,2950,2,835788,1,160034,0,132066
2023-08-06,lubuskie,LB,0,144865,0,2950,1,835789,0,160034,0,132066
2023-08-07,lubuskie,LB,0,144865,0,2950,0,835789,0,160034,0,132066
2023-08-08,lubuskie,LB,0,144865,0,2950,1,835790,0,160034,0,132066
2023-08-09,lubuskie,LB,0,144865,0,2950,2,835792,0,160034,0,132066
2023-08-10,lubuskie,LB,1,144866,0,2950,3,835795,1,160035,0,132066
2023-08-11,lubuskie,LB,1,144867,0,2950,7,835802,1,160036,0,132066
2023-08-12,lubuskie,LB,2,144869,0,2950,6,835808,2,160038,0,132066
2023-08-13,lubuskie,LB,0,144869,0,2950,1,835809,0,160038,0,132066
2023-08-14,lubuskie,LB,0,144869,0,2950,1,835810,0,160038,0,132066
2023-08-15,lubuskie,LB,2,144871,0,2950,5,835815,2,160040,0,132066
2023-08-16,lubuskie,LB,0,144871,0,2950,0,835815,0,160040,0,132066
2023-08-17,lubuskie,LB,1,144872,0,2950,4,835819,1,160041,0,132066
2023-08-18,lubuskie,LB,4,144876,0,2950,7,835826,4,160045,0,132066
2023-08-19,lubuskie,LB,0,144876,0,2950,7,835833,0,160045,0,132066
2023-08-20,lubuskie,LB,0,144876,0,2950,1,835834,0,160045,0,132066
2023-08-21,lubuskie,LB,0,144876,0,2950,0,835834,0,160045,0,132066
2023-08-22,lubuskie,LB,3,144879,0,2950,5,835839,3,160048,0,132066
2023-08-23,lubuskie,LB,0,144879,0,2950,3,835842,0,160048,0,132066
2023-08-24,lubuskie,LB,3,144882,0,2950,5,835847,3,160051,0,132066
2023-08-25,lubuskie,LB,3,144885,0,2950,5,835852,3,160054,0,132066
2023-08-26,lubuskie,LB,1,144886,0,2950,7,835859,1,160055,0,132066
2023-08-27,lubuskie,LB,0,144886,0,2950,0,835859,0,160055,0,132066
2023-08-28,lubuskie,LB,0,144886,0,2950,1,835860,0,160055,0,132066
2023-08-29,lubuskie,LB,2,144888,0,2950,7,835867,2,160057,0,132066
2023-08-30,lubuskie,LB,2,144890,0,2950,10,835877,3,160060,0,132066
2023-08-31,lubuskie,LB,2,144892,0,2950,2,835879,2,160062,0,132066
2023-09-01,lubuskie,LB,1,144893,0,2950,4,835883,1,160063,0,132066
2023-09-02,lubuskie,LB,0,144893,0,2950,2,835885,0,160063,0,132066
2023-09-03,lubuskie,LB,0,144893,0,2950,0,835885,0,160063,0,132066
2023-09-04,lubuskie,LB,0,144893,0,2950,0,835885,0,160063,0,132066
2023-09-05,lubuskie,LB,4,144897,0,2950,10,835895,4,160067,0,132066
2023-09-06,lubuskie,LB,5,144902,0,2950,10,835905,5,160072,0,132066
2023-09-07,lubuskie,LB,1,144903,0,2950,8,835913,1,160073,0,132066
2023-09-08,lubuskie,LB,1,144904,0,2950,3,835916,1,160074,0,132066
2023-09-09,lubuskie,LB,3,144907,0,2950,6,835922,3,160077,0,132066
2023-09-10,lubuskie,LB,0,144907,0,2950,0,835922,0,160077,0,132066
2023-09-11,lubuskie,LB,0,144907,0,2950,0,835922,0,160077,0,132066
2023-09-12,lubuskie,LB,1,144908,0,2950,12,835934,1,160078,0,132066
2023-09-13,lubuskie,LB,5,144913,0,2950,8,835942,5,160083,0,132066
2023-09-14,lubuskie,LB,3,144916,0,2950,5,835947,3,160086,0,132066
2023-09-15,lubuskie,LB,5,144921,0,2950,6,835953,5,160091,0,132066
2023-09-16,lubuskie,LB,5,144926,0,2950,15,835968,5,160096,0,132066
2023-09-17,lubuskie,LB,0,144926,0,2950,0,835968,0,160096,0,132066
2023-09-18,lubuskie,LB,0,144926,0,2950,0,835968,0,160096,0,132066
2023-09-19,lubuskie,LB,5,144931,0,2950,23,835991,5,160101,0,132066
2023-09-20,lubuskie,LB,7,144938,0,2950,28,836019,7,160108,0,132066
2023-09-21,lubuskie,LB,0,144938,0,2950,15,836034,0,160108,0,132066
2023-09-22,lubuskie,LB,1,144939,0,2950,12,836046,1,160109,0,132066
2023-09-23,lubuskie,LB,4,144943,0,2950,17,836063,4,160113,0,132066
2023-09-24,lubuskie,LB,0,144943,0,2950,1,836064,0,160113,0,132066
2023-09-25,lubuskie,LB,0,144943,0,2950,0,836064,0,160113,0,132066
2023-09-26,lubuskie,LB,4,144947,0,2950,24,836088,4,160117,0,132066
2023-09-27,lubuskie,LB,5,144952,0,2950,11,836099,5,160122,0,132066
2023-09-28,lubuskie,LB,0,144952,0,2950,11,836110,0,160122,0,132066
2023-09-29,lubuskie,LB,4,144956,0,2950,19,836129,4,160126,0,132066
2023-09-30,lubuskie,LB,8,144964,0,2950,14,836143,9,160135,0,132066
2023-10-01,lubuskie,LB,0,144964,0,2950,0,836143,0,160135,0,132066
2023-10-02,lubuskie,LB,0,144964,0,2950,0,836143,0,160135,0,132066
2023-10-03,lubuskie,LB,9,144973,0,2950,21,836164,9,160144,0,132066
2023-10-04,lubuskie,LB,3,144976,0,2950,11,836175,3,160147,0,132066
2023-10-05,lubuskie,LB,9,144985,0,2950,22,836197,9,160156,0,132066
2023-10-06,lubuskie,LB,9,144994,0,2950,19,836216,9,160165,0,132066
2023-10-07,lubuskie,LB,11,145005,0,2950,33,836249,12,160177,0,132066
2023-10-08,lubuskie,LB,0,145005,0,2950,0,836249,0,160177,0,132066
2023-10-09,lubuskie,LB,0,145005,0,2950,0,836249,0,160177,0,132066
2023-10-10,lubuskie,LB,17,145022,0,2950,35,836284,17,160194,0,132066
2023-10-11,lubuskie,LB,5,145027,0,2950,19,836303,6,160200,0,132066
2023-10-12,lubuskie,LB,9,145036,0,2950,26,836329,9,160209,0,132066
2023-10-13,lubuskie,LB,6,145042,0,2950,25,836354,6,160215,0,132066
2023-10-14,lubuskie,LB,10,145052,0,2950,25,836379,11,160226,0,132066
2023-10-15,lubuskie,LB,0,145052,0,2950,0,836379,0,160226,0,132066
2023-10-16,lubuskie,LB,0,145052,0,2950,0,836379,0,160226,0,132066
2023-10-17,lubuskie,LB,8,145060,0,2950,33,836412,9,160235,0,132066
2023-10-18,lubuskie,LB,10,145070,0,2950,21,836433,10,160245,0,132066
2023-10-19,lubuskie,LB,6,145076,0,2950,24,836457,6,160251,0,132066
2023-10-20,lubuskie,LB,7,145083,0,2950,18,836475,7,160258,0,132066
2023-10-21,lubuskie,LB,9,145092,0,2950,22,836497,10,160268,0,132066
2023-10-22,lubuskie,LB,0,145092,0,2950,0,836497,0,160268,0,132066
2023-10-23,lubuskie,LB,0,145092,0,2950,0,836497,0,160268,0,132066
2023-10-24,lubuskie,LB,13,145105,0,2950,38,836535,13,160281,0,132066
2023-10-25,lubuskie,LB,12,145117,0,2950,25,836560,12,160293,0,132066
2023-10-26,lubuskie,LB,11,145128,0,2950,31,836591,12,160305,0,132066
2023-10-27,lubuskie,LB,8,145136,0,2950,24,836615,8,160313,0,132066
2023-10-28,lubuskie,LB,24,145160,0,2950,40,836655,24,160337,0,132066
2023-10-29,lubuskie,LB,0,145160,0,2950,0,836655,0,160337,0,132066
2023-10-30,lubuskie,LB,0,145160,0,2950,0,836655,0,160337,0,132066
2023-10-31,lubuskie,LB,25,145185,0,2950,63,836718,25,160362,0,132066
2023-11-01,lubuskie,LB,31,145216,0,2950,66,836784,32,160394,0,132066
2023-11-02,lubuskie,LB,0,145216,0,2950,2,836786,0,160394,0,132066
2023-11-03,lubuskie,LB,23,145239,0,2950,55,836841,23,160417,0,132066
2023-11-04,lubuskie,LB,32,145271,0,2950,71,836912,32,160449,0,132066
2023-11-05,lubuskie,LB,0,145271,0,2950,0,836912,0,160449,0,132066
2023-11-06,lubuskie,LB,1,145272,0,2950,2,836914,1,160450,0,132066
2023-11-07,lubuskie,LB,43,145315,0,2950,87,837001,44,160494,0,132066
2023-11-08,lubuskie,LB,30,145345,0,2950,74,837075,30,160524,0,132066
2023-11-09,lubuskie,LB,26,145371,0,2950,61,837136,26,160550,0,132066
2023-11-10,lubuskie,LB,21,145392,0,2950,59,837195,21,160571,0,132066
2023-11-11,lubuskie,LB,43,145435,0,2950,71,837266,45,160616,0,132066
2023-11-12,lubuskie,LB,0,145435,0,2950,0,837266,0,160616,0,132066
2023-11-13,lubuskie,LB,2,145437,0,2950,4,837270,2,160618,0,132066
2023-11-14,lubuskie,LB,46,145483,0,2950,102,837372,46,160664,0,132066
2023-11-15,lubuskie,LB,50,145533,0,2950,102,837474,50,160714,0,132066
2023-11-16,lubuskie,LB,29,145562,0,2950,77,837551,30,160744,0,132066
2023-11-17,lubuskie,LB,37,145599,0,2950,74,837625,38,160782,0,132066
2023-11-18,lubuskie,LB,30,145629,0,2950,63,837688,30,160812,0,132066
2023-11-19,lubuskie,LB,0,145629,0,2950,1,837689,0,160812,0,132066
2023-11-20,lubuskie,LB,0,145629,0,2950,0,837689,0,160812,0,132066
2023-11-21,lubuskie,LB,71,145700,0,2950,134,837823,72,160884,0,132066
2023-11-22,lubuskie,LB,54,145754,0,2950,104,837927,54,160938,0,132066
2023-11-23,lubuskie,LB,55,145809,1,2951,95,838022,57,160995,0,132066
2023-11-24,lubuskie,LB,41,145850,0,2951,105,838127,42,161037,0,132066
2023-11-25,lubuskie,LB,39,145889,0,2951,95,838222,41,161078,0,132066
2023-11-26,lubuskie,LB,0,145889,0,2951,2,838224,0,161078,0,132066
2023-11-27,lubuskie,LB,2,145891,0,2951,3,838227,2,161080,0,132066
2023-11-28,lubuskie,LB,63,145954,1,2952,138,838365,63,161143,0,132066
2023-11-29,lubuskie,LB,58,146012,0,2952,140,838505,62,161205,0,132066
2023-11-30,lubuskie,LB,77,146089,0,2952,144,838649,78,161283,0,132066
2023-12-01,lubuskie,LB,65,146154,0,2952,120,838769,65,161348,0,132066
2023-12-02,lubuskie,LB,74,146228,0,2952,126,838895,76,161424,0,132066
2023-12-03,lubuskie,LB,0,146228,0,2952,2,838897,0,161424,0,132066
2023-12-04,lubuskie,LB,0,146228,0,2952,2,838899,0,161424,0,132066
2023-12-05,lubuskie,LB,97,146325,0,2952,193,839092,97,161521,0,132066
2023-12-06,lubuskie,LB,97,146422,1,2953,185,839277,99,161620,0,132066
2023-12-07,lubuskie,LB,79,146501,1,2954,149,839426,81,161701,0,132066
2023-12-08,lubuskie,LB,82,146583,1,2955,179,839605,82,161783,0,132066
2023-12-09,lubuskie,LB,117,146700,1,2956,191,839796,117,161900,0,132066
2023-12-10,lubuskie,LB,3,146703,0,2956,5,839801,3,161903,0,132066
2023-12-11,lubuskie,LB,6,146709,0,2956,7,839808,6,161909,0,132066
2023-12-12,lubuskie,LB,194,146903,0,2956,332,840140,196,162105,0,132066
2023-12-13,lubuskie,LB,140,147043,0,2956,287,840427,146,162251,0,132066
2023-12-14,lubuskie,LB,113,147156,1,2957,264,840691,114,162365,0,132066
2023-12-15,lubuskie,LB,90,147246,3,2960,202,840893,93,162458,0,132066
2023-12-16,lubuskie,LB,114,147360,1,2961,237,841130,117,162575,0,132066
2023-12-17,lubuskie,LB,1,147361,0,2961,3,841133,1,162576,0,132066
2023-12-18,lubuskie,LB,3,147364,0,2961,27,841160,3,162579,0,132066
2023-12-19,lubuskie,LB,160,147524,5,2966,287,841447,160,162739,0,132066
2023-12-20,lubuskie,LB,95,147619,0,2966,191,841638,96,162835,0,132066
2023-12-21,lubuskie,LB,78,147697,1,2967,175,841813,78,162913,0,132066
2023-12-22,lubuskie,LB,94,147791,1,2968,226,842039,98,163011,0,132066
2023-12-23,lubuskie,LB,69,147860,3,2971,167,842206,70,163081,0,132066
2023-12-24,lubuskie,LB,0,147860,0,2971,3,842209,0,163081,0,132066
2023-12-25,lubuskie,LB,0,147860,0,2971,2,842211,0,163081,0,132066
2023-12-26,lubuskie,LB,0,147860,0,2971,2,842213,0,163081,0,132066
2023-12-27,lubuskie,LB,0,147860,0,2971,3,842216,0,163081,0,132066
2023-12-28,lubuskie,LB,64,147924,1,2972,152,842368,67,163148,0,132066
2023-12-29,lubuskie,LB,55,147979,1,2973,146,842514,58,163206,0,132066
2023-12-30,lubuskie,LB,50,148029,2,2975,139,842653,50,163256,0,132066
2023-12-31,lubuskie,LB,1,148030,0,2975,1,842654,1,163257,0,132066
2024-01-01,lubuskie,LB,0,148030,0,2975,2,842656,0,163257,0,132066
2024-01-02,lubuskie,LB,0,148030,0,2975,1,842657,0,163257,0,132066
2024-01-03,lubuskie,LB,46,148076,2,2977,149,842806,47,163304,0,132066
2024-01-04,lubuskie,LB,149,148225,1,2978,543,843349,159,163463,0,132066
2024-01-05,lubuskie,LB,110,148335,0,2978,462,843811,121,163584,0,132066
2024-01-06,lubuskie,LB,32,148367,0,2978,131,843942,32,163616,0,132066
2024-01-07,lubuskie,LB,2,148369,0,2978,13,843955,2,163618,0,132066
2024-01-08,lubuskie,LB,1,148370,0,2978,16,843971,2,163620,0,132066
2024-01-09,lubuskie,LB,36,148406,0,2978,123,844094,37,163657,0,132066
2024-01-10,lubuskie,LB,29,148435,0,2978,138,844232,29,163686,0,132066
2024-01-11,lubuskie,LB,14,148449,0,2978,99,844331,15,163701,0,132066
2024-01-12,lubuskie,LB,19,148468,0,2978,87,844418,21,163722,0,132066
2024-01-13,lubuskie,LB,20,148488,0,2978,89,844507,20,163742,0,132066
2024-01-14,lubuskie,LB,2,148490,0,2978,13,844520,3,163745,0,132066
2024-01-15,lubuskie,LB,1,148491,0,2978,13,844533,1,163746,0,132066
2024-01-16,lubuskie,LB,25,148516,0,2978,120,844653,25,163771,0,132066
2024-01-17,lubuskie,LB,18,148534,0,2978,88,844741,18,163789,0,132066
2024-01-18,lubuskie,LB,20,148554,0,2978,114,844855,20,163809,0,132066
2024-01-19,lubuskie,LB,16,148570,0,2978,92,844947,16,163825,0,132066
2024-01-20,lubuskie,LB,29,148599,0,2978,95,845042,29,163854,0,132066
2024-01-21,lubuskie,LB,1,148600,0,2978,5,845047,1,163855,0,132066
2024-01-22,lubuskie,LB,1,148601,0,2978,5,845052,1,163856,0,132066
2024-01-23,lubuskie,LB,27,148628,0,2978,119,845171,27,163883,0,132066
2024-01-24,lubuskie,LB,17,148645,0,2978,125,845296,17,163900,0,132066
2024-01-25,lubuskie,LB,24,148669,0,2978,109,845405,24,163924,0,132066
2024-01-26,lubuskie,LB,12,148681,1,2979,108,845513,12,163936,0,132066
2024-01-27,lubuskie,LB,14,148695,0,2979,93,845606,15,163951,0,132066
2024-01-28,lubuskie,LB,0,148695,0,2979,15,845621,0,163951,0,132066
2024-01-29,lubuskie,LB,0,148695,0,2979,13,845634,0,163951,0,132066
2024-01-30,lubuskie,LB,9,148704,0,2979,122,845756,9,163960,0,132066
2024-01-31,lubuskie,LB,9,148713,0,2979,123,845879,10,163970,0,132066
2024-02-01,lubuskie,LB,17,148730,0,2979,134,846013,17,163987,0,132066
2024-02-02,lubuskie,LB,20,148750,0,2979,127,846140,21,164008,0,132066
2024-02-03,lubuskie,LB,8,148758,0,2979,99,846239,8,164016,0,132066
2024-02-04,lubuskie,LB,0,148758,0,2979,4,846243,0,164016,0,132066
2024-02-05,lubuskie,LB,0,148758,0,2979,2,846245,0,164016,0,132066
2024-02-06,lubuskie,LB,18,148776,0,2979,144,846389,18,164034,0,132066
2024-02-07,lubuskie,LB,11,148787,0,2979,107,846496,12,164046,0,132066
2024-02-08,lubuskie,LB,14,148801,0,2979,76,846572,15,164061,0,132066
2024-02-09,lubuskie,LB,22,148823,0,2979,112,846684,22,164083,0,132066
2024-02-10,lubuskie,LB,4,148827,0,2979,101,846785,5,164088,0,132066
2024-02-11,lubuskie,LB,0,148827,0,2979,8,846793,0,164088,0,132066
2024-02-12,lubuskie,LB,0,148827,0,2979,7,846800,0,164088,0,132066
2024-02-13,lubuskie,LB,9,148836,0,2979,107,846907,10,164098,0,132066
2024-02-14,lubuskie,LB,4,148840,0,2979,81,846988,4,164102,0,132066
2024-02-15,lubuskie,LB,9,148849,0,2979,109,847097,10,164112,0,132066
2024-02-16,lubuskie,LB,4,148853,0,2979,74,847171,4,164116,0,132066
2024-02-17,lubuskie,LB,6,148859,0,2979,67,847238,6,164122,0,132066
2024-02-18,lubuskie,LB,0,148859,0,2979,8,847246,0,164122,0,132066
2024-02-19,lubuskie,LB,1,148860,0,2979,7,847253,1,164123,0,132066
2024-02-20,lubuskie,LB,4,148864,0,2979,89,847342,4,164127,0,132066
2024-02-21,lubuskie,LB,2,148866,0,2979,56,847398,3,164130,0,132066
2024-02-22,lubuskie,LB,2,148868,0,2979,61,847459,2,164132,0,132066
2024-02-23,lubuskie,LB,6,148874,0,2979,57,847516,6,164138,0,132066
2024-02-24,lubuskie,LB,4,148878,0,2979,55,847571,4,164142,0,132066
2024-02-25,lubuskie,LB,0,148878,0,2979,2,847573,0,164142,0,132066
2024-02-26,lubuskie,LB,0,148878,0,2979,7,847580,0,164142,0,132066
2024-02-27,lubuskie,LB,6,148884,1,2980,58,847638,6,164148,0,132066
2024-02-28,lubuskie,LB,2,148886,0,2980,35,847673,2,164150,0,132066
2024-02-29,lubuskie,LB,0,148886,0,2980,38,847711,0,164150,0,132066
2024-03-01,lubuskie,LB,1,148887,0,2980,36,847747,1,164151,0,132066
2024-03-02,lubuskie,LB,1,148888,0,2980,35,847782,1,164152,0,132066
2024-03-03,lubuskie,LB,1,148889,0,2980,8,847790,1,164153,0,132066
2024-03-04,lubuskie,LB,0,148889,0,2980,7,847797,0,164153,0,132066
2024-03-05,lubuskie,LB,0,148889,0,2980,62,847859,0,164153,0,132066
2024-03-06,lubuskie,LB,3,148892,0,2980,37,847896,3,164156,0,132066
2024-03-07,lubuskie,LB,1,148893,0,2980,48,847944,1,164157,0,132066
2024-03-08,lubuskie,LB,0,148893,0,2980,40,847984,0,164157,0,132066
2024-03-09,lubuskie,LB,1,148894,0,2980,18,848002,1,164158,0,132066
2024-03-10,lubuskie,LB,0,148894,0,2980,2,848004,0,164158,0,132066
2024-03-11,lubuskie,LB,0,148894,0,2980,3,848007,0,164158,0,132066
2024-03-12,lubuskie,LB,2,148896,0,2980,48,848055,2,164160,0,132066
2024-03-13,lubuskie,LB,1,148897,0,2980,30,848085,1,164161,0,132066
2024-03-14,lubuskie,LB,3,148900,0,2980,28,848113,3,164164,0,132066
2024-03-15,lubuskie,LB,0,148900,0,2980,38,848151,0,164164,0,132066
2024-03-16,lubuskie,LB,1,148901,0,2980,37,848188,1,164165,0,132066
2024-03-17,lubuskie,LB,0,148901,0,2980,2,848190,0,164165,0,132066
2024-03-18,lubuskie,LB,0,148901,0,2980,0,848190,0,164165,0,132066
2024-03-19,lubuskie,LB,0,148901,0,2980,20,848210,0,164165,0,132066
2024-03-20,lubuskie,LB,2,148903,0,2980,25,848235,4,164169,0,132066
2024-03-21,lubuskie,LB,0,148903,0,2980,22,848257,0,164169,0,132066
2024-03-22,lubuskie,LB,0,148903,0,2980,20,848277,0,164169,0,132066
2024-03-23,lubuskie,LB,1,148904,0,2980,36,848313,1,164170,0,132066
2024-03-24,lubuskie,LB,0,148904,0,2980,0,848313,0,164170,0,132066
2024-03-25,lubuskie,LB,0,148904,0,2980,2,848315,0,164170,0,132066
2024-03-26,lubuskie,LB,0,148904,0,2980,17,848332,0,164170,0,132066
2024-03-27,lubuskie,LB,0,148904,0,2980,29,848361,0,164170,0,132066
2024-03-28,lubuskie,LB,0,148904,0,2980,24,848385,0,164170,0,132066
2024-03-29,lubuskie,LB,2,148906,0,2980,8,848393,2,164172,0,132066
2024-03-30,lubuskie,LB,0,148906,0,2980,10,848403,0,164172,0,132066
2024-03-31,lubuskie,LB,0,148906,0,2980,1,848404,0,164172,0,132066
2024-04-01,lubuskie,LB,0,148906,0,2980,1,848405,0,164172,0,132066
2024-04-02,lubuskie,LB,0,148906,0,2980,1,848406,0,164172,0,132066
2024-04-03,lubuskie,LB,0,148906,0,2980,27,848433,0,164172,0,132066
2024-04-19,lubuskie,LB,0,148906,0,2980,2,848435,0,164172,0,132066
2024-04-20,lubuskie,LB,0,148906,0,2980,4,848439,0,164172,0,132066
2024-04-21,lubuskie,LB,0,148906,0,2980,0,848439,0,164172,0,132066
2024-04-22,lubuskie,LB,0,148906,0,2980,0,848439,0,164172,0,132066
2024-04-23,lubuskie,LB,0,148906,0,2980,12,848451,0,164172,0,132066
2024-04-24,lubuskie,LB,0,148906,0,2980,8,848459,0,164172,0,132066
2024-04-25,lubuskie,LB,0,148906,0,2980,14,848473,0,164172,0,132066
2024-04-26,lubuskie,LB,0,148906,0,2980,8,848481,0,164172,0,132066
2024-04-27,lubuskie,LB,0,148906,0,2980,13,848494,0,164172,0,132066
2024-04-28,lubuskie,LB,0,148906,0,2980,0,848494,0,164172,0,132066
2024-04-29,lubuskie,LB,0,148906,0,2980,0,848494,0,164172,0,132066
2024-04-30,lubuskie,LB,0,148906,0,2980,5,848499,0,164172,0,132066
2024-05-01,lubuskie,LB,0,148906,0,2980,19,848518,0,164172,0,132066
2024-05-02,lubuskie,LB,0,148906,0,2980,1,848519,0,164172,0,132066
2024-05-03,lubuskie,LB,0,148906,0,2980,5,848524,0,164172,0,132066
2024-05-04,lubuskie,LB,0,148906,0,2980,0,848524,0,164172,0,132066
2024-05-05,lubuskie,LB,0,148906,0,2980,0,848524,0,164172,0,132066
2024-05-06,lubuskie,LB,0,148906,0,2980,0,848524,0,164172,0,132066
2024-05-07,lubuskie,LB,0,148906,0,2980,3,848527,0,164172,0,132066
2024-05-08,lubuskie,LB,0,148906,0,2980,7,848534,0,164172,0,132066
2024-05-09,lubuskie,LB,0,148906,0,2980,11,848545,0,164172,0,132066
2024-05-10,lubuskie,LB,0,148906,0,2980,0,848545,0,164172,0,132066
2024-05-11,lubuskie,LB,0,148906,0,2980,5,848550,0,164172,0,132066
2024-05-12,lubuskie,LB,0,148906,0,2980,0,848550,0,164172,0,132066
2024-05-13,lubuskie,LB,0,148906,0,2980,0,848550,0,164172,0,132066
2024-05-14,lubuskie,LB,2,148908,0,2980,5,848555,2,164174,0,132066
2024-05-15,lubuskie,LB,1,148909,0,2980,15,848570,1,164175,0,132066
2024-05-16,lubuskie,LB,0,148909,0,2980,0,848570,0,164175,0,132066
2024-05-17,lubuskie,LB,0,148909,0,2980,2,848572,0,164175,0,132066
2024-05-18,lubuskie,LB,0,148909,0,2980,4,848576,0,164175,0,132066
2024-05-19,lubuskie,LB,0,148909,0,2980,0,848576,0,164175,0,132066
2024-05-20,lubuskie,LB,0,148909,0,2980,0,848576,0,164175,0,132066
2024-05-21,lubuskie,LB,0,148909,0,2980,10,848586,0,164175,0,132066
2024-05-22,lubuskie,LB,1,148910,0,2980,5,848591,1,164176,0,132066
2024-05-23,lubuskie,LB,0,148910,0,2980,1,848592,0,164176,0,132066
2024-05-24,lubuskie,LB,1,148911,0,2980,3,848595,2,164178,0,132066
2024-05-25,lubuskie,LB,0,148911,0,2980,3,848598,0,164178,0,132066
2024-05-26,lubuskie,LB,0,148911,0,2980,0,848598,0,164178,0,132066
2024-05-27,lubuskie,LB,0,148911,0,2980,0,848598,0,164178,0,132066
2024-05-28,lubuskie,LB,1,148912,0,2980,9,848607,1,164179,0,132066
2024-05-29,lubuskie,LB,0,148912,0,2980,3,848610,0,164179,0,132066
2024-05-30,lubuskie,LB,0,148912,0,2980,1,848611,0,164179,0,132066
2024-05-31,lubuskie,LB,0,148912,0,2980,0,848611,0,164179,0,132066
2024-06-01,lubuskie,LB,0,148912,0,2980,6,848617,0,164179,0,132066
2024-06-02,lubuskie,LB,0,148912,0,2980,0,848617,0,164179,0,132066
2024-06-03,lubuskie,LB,0,148912,0,2980,0,848617,0,164179,0,132066
2024-06-04,lubuskie,LB,1,148913,0,2980,4,848621,1,164180,0,132066
2024-06-05,lubuskie,LB,1,148914,0,2980,3,848624,1,164181,0,132066
2024-06-06,lubuskie,LB,3,148917,0,2980,6,848630,3,164184,0,132066
2024-06-07,lubuskie,LB,2,148919,0,2980,4,848634,2,164186,0,132066
2024-06-08,lubuskie,LB,2,148921,0,2980,5,848639,2,164188,0,132066
2024-06-09,lubuskie,LB,0,148921,0,2980,0,848639,0,164188,0,132066
2024-06-10,lubuskie,LB,0,148921,0,2980,0,848639,0,164188,0,132066
2024-06-11,lubuskie,LB,1,148922,0,2980,4,848643,1,164189,0,132066
2024-06-12,lubuskie,LB,1,148923,0,2980,5,848648,1,164190,0,132066
2024-06-13,lubuskie,LB,0,148923,0,2980,4,848652,0,164190,0,132066
2024-06-14,lubuskie,LB,2,148925,0,2980,5,848657,2,164192,0,132066
2024-06-15,lubuskie,LB,1,148926,0,2980,10,848667,1,164193,0,132066
2024-06-16,lubuskie,LB,0,148926,0,2980,1,848668,0,164193,0,132066
2024-06-17,lubuskie,LB,0,148926,0,2980,0,848668,0,164193,0,132066
2024-06-18,lubuskie,LB,1,148927,0,2980,2,848670,1,164194,0,132066
2024-06-19,lubuskie,LB,2,148929,0,2980,5,848675,2,164196,0,132066
2024-06-20,lubuskie,LB,0,148929,0,2980,4,848679,0,164196,0,132066
2024-06-21,lubuskie,LB,4,148933,0,2980,5,848684,4,164200,0,132066
2024-06-22,lubuskie,LB,1,148934,0,2980,3,848687,1,164201,0,132066
2024-06-23,lubuskie,LB,0,148934,0,2980,0,848687,0,164201,0,132066
2024-06-24,lubuskie,LB,0,148934,0,2980,0,848687,0,164201,0,132066
2024-06-25,lubuskie,LB,3,148937,0,2980,7,848694,4,164205,0,132066
2024-06-26,lubuskie,LB,1,148938,0,2980,8,848702,1,164206,0,132066
2024-06-27,lubuskie,LB,6,148944,0,2980,7,848709,6,164212,0,132066
2024-06-28,lubuskie,LB,2,148946,0,2980,5,848714,2,164214,0,132066
2024-06-29,lubuskie,LB,0,148946,0,2980,0,848714,0,164214,0,132066
2024-06-30,lubuskie,LB,0,148946,0,2980,0,848714,0,164214,0,132066
2024-07-01,lubuskie,LB,0,148946,0,2980,0,848714,0,164214,0,132066
2020-11-24,wielkopolskie,WP,649,649,41,41,2782,2782,734,734,0,0
2020-11-25,wielkopolskie,WP,1418,2067,66,107,4345,7127,1481,2215,0,0
2020-11-26,wielkopolskie,WP,1671,3738,45,152,4648,11775,1754,3969,0,0
2020-11-27,wielkopolskie,WP,2076,5814,25,177,5620,17395,2157,6126,0,0
2020-11-28,wielkopolskie,WP,1756,7570,60,237,5426,22821,1864,7990,0,0
2020-11-29,wielkopolskie,WP,1591,9161,21,258,4270,27091,1668,9658,0,0
2020-11-30,wielkopolskie,WP,535,9696,30,288,1773,28864,585,10243,0,0
2020-12-01,wielkopolskie,WP,792,10488,17,305,3196,32060,886,11129,0,0
2020-12-02,wielkopolskie,WP,1579,12067,56,361,4636,36696,1676,12805,0,0
2020-12-03,wielkopolskie,WP,1760,13827,61,422,5785,42481,1835,14640,0,0
2020-12-04,wielkopolskie,WP,1381,15208,40,462,4565,47046,1484,16124,0,0
2020-12-05,wielkopolskie,WP,1194,16402,44,506,4845,51891,1365,17489,0,0
2020-12-06,wielkopolskie,WP,1098,17500,26,532,3955,55846,1178,18667,0,0
2020-12-07,wielkopolskie,WP,423,17923,13,545,1684,57530,460,19127,0,0
2020-12-08,wielkopolskie,WP,584,18507,21,566,3400,60930,774,19901,0,0
2020-12-09,wielkopolskie,WP,1204,19711,57,623,4466,65396,1320,21221,0,0
2020-12-10,wielkopolskie,WP,1674,21385,49,672,5445,70841,1767,22988,0,0
2020-12-11,wielkopolskie,WP,1412,22797,49,721,4999,75840,1521,24509,0,0
2020-12-12,wielkopolskie,WP,1039,23836,58,779,4171,80011,1164,25673,0,0
2020-12-13,wielkopolskie,WP,1138,24974,31,810,3745,83756,1253,26926,0,0
2020-12-14,wielkopolskie,WP,397,25371,43,853,1719,85475,486,27412,0,0
2020-12-15,wielkopolskie,WP,646,26017,46,899,3572,89047,823,28235,0,0
2020-12-16,wielkopolskie,WP,1375,27392,73,972,4720,93767,1479,29714,0,0
2020-12-17,wielkopolskie,WP,1567,28959,51,1023,5327,99094,1640,31354,0,0
2020-12-18,wielkopolskie,WP,1151,30110,33,1056,4146,103240,1219,32573,0,0
2020-12-19,wielkopolskie,WP,1203,31313,79,1135,4772,108012,1312,33885,0,0
2020-12-20,wielkopolskie,WP,1162,32475,24,1159,3686,111698,1223,35108,0,0
2020-12-21,wielkopolskie,WP,308,32783,32,1191,1645,113343,408,35516,0,0
2020-12-22,wielkopolskie,WP,584,33367,24,1215,2825,116168,657,36173,0,0
2020-12-23,wielkopolskie,WP,1400,34767,67,1282,4680,120848,1489,37662,0,0
2020-12-24,wielkopolskie,WP,1608,36375,83,1365,5464,126312,1699,39361,673,673
2020-12-25,wielkopolskie,WP,1045,37420,43,1408,3652,129964,1141,40502,1480,2153
2020-12-26,wielkopolskie,WP,518,37938,15,1423,2126,132090,640,41142,1411,3564
2020-12-27,wielkopolskie,WP,387,38325,18,1441,1731,133821,456,41598,1038,4602
2020-12-28,wielkopolskie,WP,309,38634,7,1448,1537,135358,355,41953,1219,5821
2020-12-29,wielkopolskie,WP,647,39281,35,1483,3334,138692,756,42709,1147,6968
2020-12-30,wielkopolskie,WP,1585,40866,54,1537,5067,143759,1688,44397,363,7331
2020-12-31,wielkopolskie,WP,1469,42335,58,1595,5048,148807,1587,45984,700,8031
2021-01-01,wielkopolskie,WP,1249,43584,48,1643,3909,152716,1336,47320,1429,9460
2021-01-02,wielkopolskie,WP,914,44498,24,1667,3015,155731,1000,48320,1518,10978
2021-01-03,wielkopolskie,WP,493,44991,21,1688,2910,158641,655,48975,861,11839
2021-01-04,wielkopolskie,WP,316,45307,17,1705,1526,160167,377,49352,543,12382
2021-01-05,wielkopolskie,WP,802,46109,18,1723,4004,164171,891,50243,497,12879
2021-01-06,wielkopolskie,WP,1484,47593,45,1768,5321,169492,1570,51813,411,13290
2021-01-08,wielkopolskie,WP,773,48366,30,1798,4239,173731,957,52770,1462,14752
2021-01-09,wielkopolskie,WP,1150,49516,54,1852,5215,178946,1363,54133,1411,16163
2021-01-10,wielkopolskie,WP,1103,50619,23,1875,3979,182925,1180,55313,1120,17283
2021-01-11,wielkopolskie,WP,446,51065,10,1885,2133,185058,548,55861,942,18225
2021-01-12,wielkopolskie,WP,482,51547,16,1901,4211,189269,600,56461,538,18763
2021-01-13,wielkopolskie,WP,1014,52561,65,1966,5807,195076,1088,57549,457,19220
2021-01-14,wielkopolskie,WP,1058,53619,65,2031,6753,201829,1134,58683,901,20121
2021-01-15,wielkopolskie,WP,767,54386,38,2069,5737,207566,835,59518,1372,21493
2021-01-16,wielkopolskie,WP,694,55080,45,2114,5765,213331,775,60293,1539,23032
2021-01-17,wielkopolskie,WP,826,55906,40,2154,5616,218947,901,61194,747,23779
2021-01-18,wielkopolskie,WP,224,56130,17,2171,1478,220425,250,61444,1239,25018
2021-01-19,wielkopolskie,WP,413,56543,27,2198,3975,224400,513,61957,1111,26129
2021-01-20,wielkopolskie,WP,682,57225,50,2248,4353,228753,746,62703,439,26568
2021-01-21,wielkopolskie,WP,740,57965,36,2284,3846,232599,790,63493,604,27172
2021-01-22,wielkopolskie,WP,669,58634,37,2321,3827,236426,764,64257,1009,28181
2021-01-23,wielkopolskie,WP,599,59233,30,2351,3702,240128,678,64935,1202,29383
2021-01-24,wielkopolskie,WP,509,59742,23,2374,2763,242891,545,65480,798,30181
2021-01-25,wielkopolskie,WP,200,59942,20,2394,1656,244547,233,65713,708,30889
2021-01-26,wielkopolskie,WP,441,60383,13,2407,3673,248220,535,66248,818,31707
2021-01-27,wielkopolskie,WP,656,61039,38,2445,3704,251924,711,66959,225,31932
2021-01-28,wielkopolskie,WP,669,61708,39,2484,3864,255788,721,67680,462,32394
2021-01-29,wielkopolskie,WP,656,62364,37,2521,3979,259767,713,68393,698,33092
2021-01-30,wielkopolskie,WP,549,62913,38,2559,3790,263557,589,68982,728,33820
2021-01-31,wielkopolskie,WP,478,63391,15,2574,2953,266510,548,69530,663,34483
2021-02-01,wielkopolskie,WP,150,63541,5,2579,1442,267952,189,69719,611,35094
2021-02-02,wielkopolskie,WP,334,63875,9,2588,3235,271187,396,70115,484,35578
2021-02-03,wielkopolskie,WP,586,64461,34,2622,3858,275045,632,70747,251,35829
2021-02-04,wielkopolskie,WP,545,65006,42,2664,3465,278510,579,71326,484,36313
2021-02-05,wielkopolskie,WP,603,65609,25,2689,3902,282412,663,71989,706,37019
2021-02-06,wielkopolskie,WP,451,66060,23,2712,3668,286080,493,72482,619,37638
2021-02-07,wielkopolskie,WP,484,66544,28,2740,2796,288876,513,72995,626,38264
2021-02-08,wielkopolskie,WP,155,66699,17,2757,1639,290515,185,73180,596,38860
2021-02-09,wielkopolskie,WP,205,66904,25,2782,3160,293675,266,73446,489,39349
2021-02-10,wielkopolskie,WP,627,67531,32,2814,4348,298023,700,74146,158,39507
2021-02-11,wielkopolskie,WP,555,68086,38,2852,4354,302377,614,74760,383,39890
2021-02-12,wielkopolskie,WP,535,68621,15,2867,3947,306324,579,75339,568,40458
2021-02-13,wielkopolskie,WP,495,69116,20,2887,3778,310102,559,75898,533,40991
2021-02-14,wielkopolskie,WP,511,69627,11,2898,2903,313005,543,76441,545,41536
2021-02-15,wielkopolskie,WP,157,69784,8,2906,1712,314717,216,76657,417,41953
2021-02-16,wielkopolskie,WP,379,70163,5,2911,3341,318058,445,77102,514,42467
2021-02-17,wielkopolskie,WP,770,70933,21,2932,4503,322561,814,77916,177,42644
2021-02-18,wielkopolskie,WP,708,71641,18,2950,3991,326552,755,78671,272,42916
2021-02-19,wielkopolskie,WP,676,72317,37,2987,4055,330607,709,79380,619,43535
2021-02-20,wielkopolskie,WP,552,72869,13,3000,3657,334264,610,79990,577,44112
2021-02-21,wielkopolskie,WP,673,73542,11,3011,3415,337679,737,80727,523,44635
2021-02-22,wielkopolskie,WP,216,73758,3,3014,1465,339144,228,80955,550,45185
2021-02-23,wielkopolskie,WP,450,74208,14,3028,3224,342368,519,81474,510,45695
2021-02-24,wielkopolskie,WP,962,75170,18,3046,4784,347152,1027,82501,157,45852
2021-02-25,wielkopolskie,WP,862,76032,18,3064,4212,351364,900,83401,415,46267
2021-02-26,wielkopolskie,WP,805,76837,18,3082,3918,355282,855,84256,775,47042
2021-02-27,wielkopolskie,WP,935,77772,19,3101,4446,359728,982,85238,710,47752
2021-02-28,wielkopolskie,WP,934,78706,24,3125,3729,363457,1041,86279,686,48438
2021-03-01,wielkopolskie,WP,200,78906,5,3130,1661,365118,283,86562,555,48993
2021-03-02,wielkopolskie,WP,472,79378,12,3142,3434,368552,555,87117,642,49635
2021-03-03,wielkopolskie,WP,1212,80590,27,3169,4913,373465,1262,88379,238,49873
2021-03-04,wielkopolskie,WP,1251,81841,28,3197,5013,378478,1324,89703,523,50396
2021-03-05,wielkopolskie,WP,1137,82978,26,3223,4481,382959,1271,90974,938,51334
2021-03-06,wielkopolskie,WP,962,83940,20,3243,4586,387545,999,91973,907,52241
2021-03-07,wielkopolskie,WP,1196,85136,15,3258,4152,391697,1306,93279,843,53084
2021-03-08,wielkopolskie,WP,400,85536,6,3264,2450,394147,480,93759,898,53982
2021-03-09,wielkopolskie,WP,660,86196,17,3281,3648,397795,718,94477,840,54822
2021-03-10,wielkopolskie,WP,1358,87554,26,3307,5284,403079,1429,95906,262,55084
2021-03-11,wielkopolskie,WP,1668,89222,33,3340,5480,408559,1731,97637,631,55715
2021-03-12,wielkopolskie,WP,1675,90897,30,3370,5257,413816,1756,99393,1179,56894
2021-03-13,wielkopolskie,WP,1827,92724,16,3386,6235,420051,1902,101295,1237,58131
2021-03-14,wielkopolskie,WP,1505,94229,11,3397,4753,424804,1581,102876,1057,59188
2021-03-15,wielkopolskie,WP,868,95097,3,3400,3356,428160,964,103840,1016,60204
2021-03-16,wielkopolskie,WP,953,96050,15,3415,4259,432419,1005,104845,1162,61366
2021-03-17,wielkopolskie,WP,2034,98084,41,3456,6632,439051,2163,107008,412,61778
2021-03-18,wielkopolskie,WP,2489,100573,28,3484,7809,446860,2779,109787,771,62549
2021-03-19,wielkopolskie,WP,2643,103216,32,3516,7618,454478,2895,112682,1431,63980
2021-03-20,wielkopolskie,WP,2787,106003,31,3547,7991,462469,3121,115803,1598,65578
2021-03-21,wielkopolskie,WP,2152,108155,29,3576,5586,468055,2217,118020,1468,67046
2021-03-22,wielkopolskie,WP,1350,109505,21,3597,4033,472088,1419,119439,1859,68905
2021-03-23,wielkopolskie,WP,1417,110922,12,3609,5356,477444,1660,121099,1592,70497
2021-03-24,wielkopolskie,WP,3183,114105,30,3639,8905,486349,3454,124553,689,71186
2021-03-25,wielkopolskie,WP,3334,117439,43,3682,8491,494840,3427,127980,1120,72306
2021-03-26,wielkopolskie,WP,4133,121572,28,3710,10728,505568,4357,132337,2249,74555
2021-03-27,wielkopolskie,WP,3142,124714,31,3741,8236,513804,3244,135581,2667,77222
2021-03-28,wielkopolskie,WP,3651,128365,26,3767,9307,523111,3744,139325,2515,79737
2021-03-29,wielkopolskie,WP,1528,129893,11,3778,4547,527658,1565,140890,2641,82378
2021-03-30,wielkopolskie,WP,1888,131781,18,3796,5800,533458,1966,142856,2447,84825
2021-03-31,wielkopolskie,WP,3693,135474,61,3857,9705,543163,3828,146684,1251,86076
2021-04-01,wielkopolskie,WP,4051,139525,52,3909,10487,553650,4147,150831,1988,88064
2021-04-02,wielkopolskie,WP,3411,142936,44,3953,9443,563093,3515,154346,3141,91205
2021-04-03,wielkopolskie,WP,2776,145712,52,4005,8030,571123,2850,157196,3864,95069
2021-04-04,wielkopolskie,WP,2630,148342,45,4050,6751,577874,2701,159897,3466,98535
2021-04-05,wielkopolskie,WP,1248,149590,28,4078,3989,581863,1298,161195,3177,101712
2021-04-06,wielkopolskie,WP,723,150313,22,4100,3385,585248,775,161970,3273,104985
2021-04-07,wielkopolskie,WP,1472,151785,20,4120,7346,592594,1570,163540,1741,106726
2021-04-08,wielkopolskie,WP,2762,154547,80,4200,9287,601881,2857,166397,2261,108987
2021-04-09,wielkopolskie,WP,3282,157829,82,4282,9933,611814,3383,169780,3643,112630
2021-04-10,wielkopolskie,WP,2530,160359,51,4333,8630,620444,2620,172400,3989,116619
2021-04-11,wielkopolskie,WP,2566,162925,54,4387,8661,629105,2645,175045,3413,120032
2021-04-12,wielkopolskie,WP,1123,164048,14,4401,4569,633674,1228,176273,2721,122753
2021-04-13,wielkopolskie,WP,1181,165229,30,4431,6104,639778,1290,177563,2729,125482
2021-04-14,wielkopolskie,WP,2102,167331,88,4519,7958,647736,2194,179757,1183,126665
2021-04-15,wielkopolskie,WP,2493,169824,80,4599,8546,656282,2584,182341,887,127552
2021-04-16,wielkopolskie,WP,1947,171771,61,4660,6959,663241,2009,184350,1813,129365
2021-04-17,wielkopolskie,WP,1575,173346,44,4704,7165,670406,1664,186014,3235,132600
2021-04-18,wielkopolskie,WP,1387,174733,38,4742,5791,676197,1461,187475,2854,135454
2021-04-19,wielkopolskie,WP,719,175452,43,4785,3946,680143,854,188329,2656,138110
2021-04-20,wielkopolskie,WP,884,176336,29,4814,5501,685644,953,189282,2281,140391
2021-04-21,wielkopolskie,WP,1426,177762,93,4907,6807,692451,1498,190780,1180,141571
2021-04-22,wielkopolskie,WP,1285,179047,88,4995,6209,698660,1328,192108,1450,143021
2021-04-23,wielkopolskie,WP,1216,180263,42,5037,5935,704595,1357,193465,2389,145410
2021-04-24,wielkopolskie,WP,962,181225,45,5082,5823,710418,1052,194517,2447,147857
2021-04-25,wielkopolskie,WP,810,182035,36,5118,4578,714996,870,195387,1857,149714
2021-04-26,wielkopolskie,WP,231,182266,4,5122,2330,717326,258,195645,1702,151416
2021-04-27,wielkopolskie,WP,499,182765,15,5137,4907,722233,575,196220,1374,152790
2021-04-28,wielkopolskie,WP,1093,183858,43,5180,6282,728515,1176,197396,708,153498
2021-04-29,wielkopolskie,WP,844,184702,61,5241,5232,733747,911,198307,1065,154563
2021-04-30,wielkopolskie,WP,723,185425,57,5298,4956,738703,803,199110,1378,155941
2021-05-01,wielkopolskie,WP,726,186151,23,5321,5189,743892,796,199906,1506,157447
2021-05-02,wielkopolskie,WP,470,186621,34,5355,3316,747208,492,200398,1120,158567
2021-05-03,wielkopolskie,WP,242,186863,5,5360,2090,749298,261,200659,981,159548
2021-05-04,wielkopolskie,WP,202,187065,3,5363,2264,751562,224,200883,740,160288
2021-05-05,wielkopolskie,WP,366,187431,15,5378,4028,755590,410,201293,317,160605
2021-05-06,wielkopolskie,WP,752,188183,50,5428,6047,761637,779,202072,654,161259
2021-05-07,wielkopolskie,WP,776,188959,42,5470,5664,767301,825,202897,1025,162284
2021-05-08,wielkopolskie,WP,496,189455,60,5530,4874,772175,519,203416,916,163200
2021-05-09,wielkopolskie,WP,501,189956,29,5559,4118,776293,522,203938,727,163927
2021-05-10,wielkopolskie,WP,201,190157,15,5574,2443,778736,221,204159,715,164642
2021-05-11,wielkopolskie,WP,304,190461,15,5589,4582,783318,337,204496,491,165133
2021-05-12,wielkopolskie,WP,523,190984,30,5619,5595,788913,566,205062,275,165408
2021-05-13,wielkopolskie,WP,382,191366,31,5650,4700,793613,414,205476,237,165645
2021-05-14,wielkopolskie,WP,306,191672,27,5677,4748,798361,337,205813,480,166125
2021-05-15,wielkopolskie,WP,296,191968,33,5710,4274,802635,324,206137,838,166963
2021-05-16,wielkopolskie,WP,254,192222,8,5718,3650,806285,283,206420,644,167607
2021-05-17,wielkopolskie,WP,102,192324,1,5719,2194,808479,106,206526,498,168105
2021-05-18,wielkopolskie,WP,116,192440,10,5729,4261,812740,147,206673,488,168593
2021-05-19,wielkopolskie,WP,281,192721,16,5745,5045,817785,298,206971,230,168823
2021-05-20,wielkopolskie,WP,274,192995,22,5767,4604,822389,300,207271,332,169155
2021-05-21,wielkopolskie,WP,190,193185,13,5780,4303,826692,213,207484,514,169669
2021-05-22,wielkopolskie,WP,198,193383,25,5805,4450,831142,217,207701,409,170078
2021-05-23,wielkopolskie,WP,116,193499,10,5815,3189,834331,131,207832,291,170369
2021-05-24,wielkopolskie,WP,57,193556,7,5822,2186,836517,64,207896,331,170700
2021-05-25,wielkopolskie,WP,114,193670,11,5833,4632,841149,134,208030,234,170934
2021-05-26,wielkopolskie,WP,148,193818,12,5845,4509,845658,167,208197,128,171062
2021-05-27,wielkopolskie,WP,130,193948,16,5861,4952,850610,165,208362,184,171246
2021-05-28,wielkopolskie,WP,110,194058,13,5874,4169,854779,137,208499,270,171516
2021-05-29,wielkopolskie,WP,105,194163,10,5884,4451,859230,125,208624,252,171768
2021-05-30,wielkopolskie,WP,68,194231,7,5891,3328,862558,81,208705,187,171955
2021-05-31,wielkopolskie,WP,32,194263,3,5894,2232,864790,41,208746,198,172153
2021-06-01,wielkopolskie,WP,63,194326,5,5899,4202,868992,88,208834,127,172280
2021-06-02,wielkopolskie,WP,75,194401,12,5911,4380,873372,87,208921,63,172343
2021-06-03,wielkopolskie,WP,62,194463,3,5914,3928,877300,79,209000,122,172465
2021-06-04,wielkopolskie,WP,38,194501,5,5919,2569,879869,47,209047,159,172624
2021-06-05,wielkopolskie,WP,54,194555,1,5920,3755,883624,67,209114,108,172732
2021-06-06,wielkopolskie,WP,42,194597,6,5926,3195,886819,49,209163,104,172836
2021-06-07,wielkopolskie,WP,23,194620,0,5926,2129,888948,27,209190,107,172943
2021-06-08,wielkopolskie,WP,33,194653,2,5928,4843,893791,68,209258,72,173015
2021-06-09,wielkopolskie,WP,56,194709,14,5942,4535,898326,66,209324,37,173052
2021-06-10,wielkopolskie,WP,43,194752,14,5956,4128,902454,59,209383,64,173116
2021-06-11,wielkopolskie,WP,33,194785,10,5966,4050,906504,42,209425,81,173197
2021-06-12,wielkopolskie,WP,24,194809,3,5969,4045,910549,31,209456,54,173251
2021-06-13,wielkopolskie,WP,26,194835,3,5972,3143,913692,33,209489,48,173299
2021-06-14,wielkopolskie,WP,14,194849,1,5973,2160,915852,16,209505,53,173352
2021-06-15,wielkopolskie,WP,21,194870,7,5980,4008,919860,22,209527,59,173411
2021-06-16,wielkopolskie,WP,28,194898,8,5988,4186,924046,35,209562,23,173434
2021-06-17,wielkopolskie,WP,19,194917,6,5994,3851,927897,26,209588,37,173471
2021-06-18,wielkopolskie,WP,15,194932,7,6001,3382,931279,21,209609,54,173525
2021-06-19,wielkopolskie,WP,18,194950,6,6007,3613,934892,21,209630,46,173571
2021-06-20,wielkopolskie,WP,13,194963,1,6008,2795,937687,15,209645,27,173598
2021-06-21,wielkopolskie,WP,6,194969,0,6008,1775,939462,6,209651,24,173622
2021-06-22,wielkopolskie,WP,17,194986,0,6008,4541,944003,24,209675,33,173655
2021-06-23,wielkopolskie,WP,14,195000,4,6012,4291,948294,18,209693,13,173668
2021-06-24,wielkopolskie,WP,19,195019,3,6015,3438,951732,29,209722,26,173694
2021-06-25,wielkopolskie,WP,29,195048,1,6016,3531,955263,36,209758,23,173717
2021-06-26,wielkopolskie,WP,9,195057,0,6016,3124,958387,12,209770,19,173736
2021-06-27,wielkopolskie,WP,11,195068,0,6016,2067,960454,12,209782,15,173751
2021-06-28,wielkopolskie,WP,8,195076,0,6016,1420,961874,13,209795,20,173771
2021-06-29,wielkopolskie,WP,12,195088,0,6016,3576,965450,28,209823,17,173788
2021-06-30,wielkopolskie,WP,14,195102,0,6016,3516,968966,17,209840,4,173792
2021-07-01,wielkopolskie,WP,10,195112,2,6018,2679,971645,16,209856,13,173805
2021-07-02,wielkopolskie,WP,16,195128,1,6019,2763,974408,28,209884,17,173822
2021-07-03,wielkopolskie,WP,12,195140,4,6023,3184,977592,14,209898,23,173845
2021-07-04,wielkopolskie,WP,3,195143,1,6024,2396,979988,8,209906,11,173856
2021-07-05,wielkopolskie,WP,1,195144,0,6024,1490,981478,3,209909,8,173864
2021-07-06,wielkopolskie,WP,10,195154,1,6025,3345,984823,14,209923,11,173875
2021-07-07,wielkopolskie,WP,14,195168,1,6026,2941,987764,28,209951,14,173889
2021-07-08,wielkopolskie,WP,7,195175,1,6027,2705,990469,15,209966,13,173902
2021-07-09,wielkopolskie,WP,8,195183,1,6028,2776,993245,11,209977,13,173915
2021-07-10,wielkopolskie,WP,13,195196,0,6028,3092,996337,24,210001,12,173927
2021-07-11,wielkopolskie,WP,7,195203,0,6028,2352,998689,12,210013,8,173935
2021-07-12,wielkopolskie,WP,7,195210,0,6028,1682,1000371,14,210027,15,173950
2021-07-13,wielkopolskie,WP,10,195220,1,6029,3255,1003626,20,210047,7,173957
2021-07-14,wielkopolskie,WP,15,195235,1,6030,2825,1006451,20,210067,8,173965
2021-07-15,wielkopolskie,WP,13,195248,0,6030,2575,1009026,22,210089,11,173976
2021-07-16,wielkopolskie,WP,13,195261,2,6032,2466,1011492,19,210108,13,173989
2021-07-17,wielkopolskie,WP,8,195269,2,6034,3151,1014643,14,210122,10,173999
2021-07-18,wielkopolskie,WP,5,195274,0,6034,2011,1016654,9,210131,5,174004
2021-07-19,wielkopolskie,WP,11,195285,0,6034,1409,1018063,11,210142,7,174011
2021-07-20,wielkopolskie,WP,9,195294,1,6035,3037,1021100,11,210153,9,174020
2021-07-21,wielkopolskie,WP,6,195300,0,6035,2732,1023832,10,210163,12,174032
2021-07-22,wielkopolskie,WP,16,195316,0,6035,2409,1026241,19,210182,8,174040
2021-07-23,wielkopolskie,WP,13,195329,0,6035,2378,1028619,13,210195,14,174054
2021-07-24,wielkopolskie,WP,8,195337,2,6037,2683,1031302,15,210210,20,174074
2021-07-25,wielkopolskie,WP,3,195340,0,6037,2196,1033498,3,210213,6,174080
2021-07-26,wielkopolskie,WP,7,195347,0,6037,1362,1034860,7,210220,7,174087
2021-07-27,wielkopolskie,WP,3,195350,2,6039,2727,1037587,7,210227,7,174094
2021-07-28,wielkopolskie,WP,9,195359,0,6039,2501,1040088,12,210239,12,174106
2021-07-29,wielkopolskie,WP,9,195368,0,6039,2323,1042411,12,210251,7,174113
2021-07-30,wielkopolskie,WP,6,195374,1,6040,2251,1044662,6,210257,8,174121
2021-07-31,wielkopolskie,WP,4,195378,1,6041,2544,1047206,8,210265,12,174133
2021-08-01,wielkopolskie,WP,5,195383,0,6041,2076,1049282,5,210270,14,174147
2021-08-02,wielkopolskie,WP,4,195387,0,6041,1554,1050836,5,210275,14,174161
2021-08-03,wielkopolskie,WP,10,195397,0,6041,2932,1053768,15,210290,2,174163
2021-08-04,wielkopolskie,WP,7,195404,0,6041,2554,1056322,10,210300,8,174171
2021-08-05,wielkopolskie,WP,7,195411,1,6042,2438,1058760,10,210310,5,174176
2021-08-06,wielkopolskie,WP,4,195415,1,6043,2455,1061215,6,210316,7,174183
2021-08-07,wielkopolskie,WP,20,195435,1,6044,2776,1063991,25,210341,16,174199
2021-08-08,wielkopolskie,WP,5,195440,0,6044,2206,1066197,5,210346,7,174206
2021-08-09,wielkopolskie,WP,4,195444,0,6044,1403,1067600,5,210351,6,174212
2021-08-10,wielkopolskie,WP,6,195450,0,6044,2954,1070554,8,210359,7,174219
2021-08-11,wielkopolskie,WP,14,195464,2,6046,2658,1073212,15,210374,5,174224
2021-08-12,wielkopolskie,WP,12,195476,0,6046,2435,1075647,13,210387,13,174237
2021-08-13,wielkopolskie,WP,7,195483,0,6046,2385,1078032,8,210395,7,174244
2021-08-14,wielkopolskie,WP,18,195501,0,6046,2790,1080822,20,210415,10,174254
2021-08-15,wielkopolskie,WP,9,195510,0,6046,2130,1082952,9,210424,3,174257
2021-08-16,wielkopolskie,WP,26,195536,0,6046,1531,1084483,28,210452,21,174278
2021-08-17,wielkopolskie,WP,16,195552,0,6046,3090,1087573,21,210473,6,174284
2021-08-18,wielkopolskie,WP,12,195564,0,6046,2581,1090154,13,210486,6,174290
2021-08-19,wielkopolskie,WP,9,195573,0,6046,2452,1092606,9,210495,9,174299
2021-08-20,wielkopolskie,WP,15,195588,0,6046,2463,1095069,19,210514,16,174315
2021-08-21,wielkopolskie,WP,15,195603,0,6046,3059,1098128,16,210530,11,174326
2021-08-22,wielkopolskie,WP,13,195616,0,6046,1994,1100122,17,210547,12,174338
2021-08-23,wielkopolskie,WP,4,195620,0,6046,1320,1101442,6,210553,16,174354
2021-08-24,wielkopolskie,WP,6,195626,0,6046,2731,1104173,8,210561,17,174371
2021-08-25,wielkopolskie,WP,12,195638,0,6046,2529,1106702,14,210575,20,174391
2021-08-26,wielkopolskie,WP,13,195651,0,6046,2192,1108894,13,210588,9,174400
2021-08-27,wielkopolskie,WP,18,195669,1,6047,2444,1111338,19,210607,13,174413
2021-08-28,wielkopolskie,WP,19,195688,1,6048,2544,1113882,22,210629,10,174423
2021-08-29,wielkopolskie,WP,11,195699,0,6048,1753,1115635,14,210643,13,174436
2021-08-30,wielkopolskie,WP,4,195703,0,6048,1255,1116890,4,210647,21,174457
2021-08-31,wielkopolskie,WP,18,195721,1,6049,2699,1119589,20,210667,11,174468
2021-09-01,wielkopolskie,WP,16,195737,0,6049,2705,1122294,20,210687,8,174476
2021-09-02,wielkopolskie,WP,40,195777,0,6049,2593,1124887,73,210760,12,174488
2021-09-03,wielkopolskie,WP,24,195801,0,6049,2622,1127509,27,210787,18,174506
2021-09-04,wielkopolskie,WP,26,195827,0,6049,2542,1130051,30,210817,13,174519
2021-09-05,wielkopolskie,WP,17,195844,0,6049,2048,1132099,19,210836,18,174537
2021-09-06,wielkopolskie,WP,13,195857,0,6049,1276,1133375,14,210850,13,174550
2021-09-07,wielkopolskie,WP,19,195876,0,6049,2818,1136193,26,210876,12,174562
2021-09-08,wielkopolskie,WP,26,195902,0,6049,2595,1138788,29,210905,8,174570
2021-09-09,wielkopolskie,WP,24,195926,0,6049,2284,1141072,29,210934,14,174584
2021-09-10,wielkopolskie,WP,23,195949,1,6050,2305,1143377,26,210960,20,174604
2021-09-11,wielkopolskie,WP,45,195994,0,6050,2832,1146209,48,211008,23,174627
2021-09-12,wielkopolskie,WP,39,196033,0,6050,2005,1148214,41,211049,19,174646
2021-09-13,wielkopolskie,WP,17,196050,0,6050,1346,1149560,19,211068,24,174670
2021-09-14,wielkopolskie,WP,26,196076,0,6050,2703,1152263,33,211101,19,174689
2021-09-15,wielkopolskie,WP,45,196121,0,6050,2811,1155074,51,211152,9,174698
2021-09-16,wielkopolskie,WP,36,196157,2,6052,2381,1157455,40,211192,23,174721
2021-09-17,wielkopolskie,WP,30,196187,0,6052,2361,1159816,34,211226,28,174749
2021-09-18,wielkopolskie,WP,43,196230,0,6052,2754,1162570,53,211279,23,174772
2021-09-19,wielkopolskie,WP,35,196265,0,6052,1861,1164431,36,211315,29,174801
2021-09-20,wielkopolskie,WP,29,196294,0,6052,1403,1165834,33,211348,47,174848
2021-09-21,wielkopolskie,WP,28,196322,1,6053,2754,1168588,50,211398,35,174883
2021-09-22,wielkopolskie,WP,51,196373,2,6055,2764,1171352,54,211452,18,174901
2021-09-23,wielkopolskie,WP,42,196415,4,6059,2748,1174100,50,211502,32,174933
2021-09-24,wielkopolskie,WP,43,196458,1,6060,2564,1176664,46,211548,48,174981
2021-09-25,wielkopolskie,WP,35,196493,2,6062,2542,1179206,39,211587,31,175012
2021-09-26,wielkopolskie,WP,31,196524,0,6062,1951,1181157,37,211624,29,175041
2021-09-27,wielkopolskie,WP,23,196547,0,6062,1235,1182392,27,211651,44,175085
2021-09-28,wielkopolskie,WP,47,196594,1,6063,2638,1185030,51,211702,32,175117
2021-09-29,wielkopolskie,WP,53,196647,0,6063,2702,1187732,56,211758,33,175150
2021-09-30,wielkopolskie,WP,50,196697,0,6063,2497,1190229,51,211809,36,175186
2021-10-01,wielkopolskie,WP,69,196766,0,6063,2712,1192941,73,211882,51,175237
2021-10-02,wielkopolskie,WP,65,196831,1,6064,2644,1195585,76,211958,49,175286
2021-10-03,wielkopolskie,WP,43,196874,1,6065,1738,1197323,46,212004,34,175320
2021-10-04,wielkopolskie,WP,30,196904,0,6065,1149,1198472,35,212039,36,175356
2021-10-05,wielkopolskie,WP,45,196949,0,6065,2595,1201067,53,212092,35,175391
2021-10-06,wielkopolskie,WP,74,197023,1,6066,2736,1203803,87,212179,28,175419
2021-10-07,wielkopolskie,WP,88,197111,2,6068,2750,1206553,110,212289,49,175468
2021-10-08,wielkopolskie,WP,67,197178,3,6071,2274,1208827,74,212363,54,175522
2021-10-09,wielkopolskie,WP,105,197283,2,6073,2427,1211254,107,212470,50,175572
2021-10-10,wielkopolskie,WP,68,197351,0,6073,1608,1212862,80,212550,61,175633
2021-10-11,wielkopolskie,WP,43,197394,0,6073,1459,1214321,54,212604,57,175690
2021-10-12,wielkopolskie,WP,65,197459,1,6074,2241,1216562,74,212678,48,175738
2021-10-13,wielkopolskie,WP,130,197589,0,6074,2941,1219503,142,212820,43,175781
2021-10-14,wielkopolskie,WP,140,197729,5,6079,2529,1222032,146,212966,52,175833
2021-10-15,wielkopolskie,WP,103,197832,4,6083,2399,1224431,108,213074,66,175899
2021-10-16,wielkopolskie,WP,152,197984,4,6087,2824,1227255,164,213238,76,175975
2021-10-17,wielkopolskie,WP,102,198086,0,6087,1546,1228801,117,213355,68,176043
2021-10-18,wielkopolskie,WP,68,198154,0,6087,1233,1230034,76,213431,101,176144
2021-10-19,wielkopolskie,WP,143,198297,3,6090,2886,1232920,168,213599,76,176220
2021-10-20,wielkopolskie,WP,267,198564,6,6096,3227,1236147,284,213883,56,176276
2021-10-21,wielkopolskie,WP,243,198807,2,6098,3002,1239149,261,214144,72,176348
2021-10-22,wielkopolskie,WP,228,199035,5,6103,2818,1241967,250,214394,125,176473
2021-10-23,wielkopolskie,WP,290,199325,6,6109,3210,1245177,317,214711,129,176602
2021-10-24,wielkopolskie,WP,196,199521,0,6109,1909,1247086,207,214918,114,176716
2021-10-25,wielkopolskie,WP,101,199622,0,6109,1484,1248570,111,215029,139,176855
2021-10-26,wielkopolskie,WP,223,199845,2,6111,3211,1251781,235,215264,117,176972
2021-10-27,wielkopolskie,WP,411,200256,2,6113,3478,1255259,449,215713,62,177034
2021-10-28,wielkopolskie,WP,356,200612,5,6118,3337,1258596,382,216095,141,177175
2021-10-29,wielkopolskie,WP,479,201091,11,6129,3573,1262169,504,216599,257,177432
2021-10-30,wielkopolskie,WP,469,201560,4,6133,3338,1265507,505,217104,251,177683
2021-10-31,wielkopolskie,WP,361,201921,0,6133,2389,1267896,379,217483,228,177911
2021-11-01,wielkopolskie,WP,223,202144,0,6133,1706,1269602,241,217724,297,178208
2021-11-02,wielkopolskie,WP,199,202343,0,6133,1557,1271159,218,217942,171,178379
2021-11-03,wielkopolskie,WP,465,202808,2,6135,3864,1275023,502,218444,132,178511
2021-11-04,wielkopolskie,WP,674,203482,6,6141,4378,1279401,709,219153,228,178739
2021-11-05,wielkopolskie,WP,1032,204514,11,6152,5220,1284621,1078,220231,410,179149
2021-11-06,wielkopolskie,WP,856,205370,6,6158,4864,1289485,899,221130,418,179567
2021-11-07,wielkopolskie,WP,941,206311,0,6158,4111,1293596,990,222120,401,179968
2021-11-08,wielkopolskie,WP,380,206691,1,6159,2221,1295817,395,222515,479,180447
2021-11-09,wielkopolskie,WP,783,207474,9,6168,4745,1300562,815,223330,394,180841
2021-11-10,wielkopolskie,WP,1152,208626,16,6184,5601,1306163,1197,224527,261,181102
2021-11-11,wielkopolskie,WP,1300,209926,12,6196,5998,1312161,1357,225884,211,181313
2021-11-12,wielkopolskie,WP,923,210849,0,6196,3699,1315860,966,226850,465,181778
2021-11-13,wielkopolskie,WP,880,211729,13,6209,4606,1320466,940,227790,678,182456
2021-11-14,wielkopolskie,WP,1033,212762,0,6209,4071,1324537,1073,228863,1004,183460
2021-11-15,wielkopolskie,WP,518,213280,0,6209,2373,1326910,553,229416,915,184375
2021-11-16,wielkopolskie,WP,1012,214292,8,6217,5493,1332403,1070,230486,958,185333
2021-11-17,wielkopolskie,WP,2134,216426,30,6247,7461,1339864,2218,232704,428,185761
2021-11-18,wielkopolskie,WP,1918,218344,7,6254,7417,1347281,2001,234705,784,186545
2021-11-19,wielkopolskie,WP,1940,220284,11,6265,7406,1354687,2032,236737,1124,187669
2021-11-20,wielkopolskie,WP,1797,222081,12,6277,7000,1361687,1884,238621,1424,189093
2021-11-21,wielkopolskie,WP,1662,223743,0,6277,5592,1367279,1714,240335,858,189951
2021-11-22,wielkopolskie,WP,839,224582,0,6277,3346,1370625,891,241226,903,190854
2021-11-23,wielkopolskie,WP,1693,226275,19,6296,6868,1377493,1790,243016,1114,191968
2021-11-24,wielkopolskie,WP,2605,228880,29,6325,8962,1386455,2706,245722,617,192585
2021-11-25,wielkopolskie,WP,2308,231188,27,6352,8563,1395018,2425,248147,1006,193591
2021-11-26,wielkopolskie,WP,2470,233658,35,6387,8728,1403746,2555,250702,2173,195764
2021-11-27,wielkopolskie,WP,2301,235959,14,6401,8473,1412219,2397,253099,1936,197700
2021-11-28,wielkopolskie,WP,1907,237866,1,6402,6179,1418398,1994,255093,2002,199702
2021-11-29,wielkopolskie,WP,970,238836,0,6402,3699,1422097,1037,256130,1780,201482
2021-11-30,wielkopolskie,WP,1706,240542,32,6434,7107,1429204,1812,257942,1717,203199
2021-12-01,wielkopolskie,WP,2879,243421,38,6472,9409,1438613,2993,260935,1026,204225
2021-12-02,wielkopolskie,WP,2536,245957,33,6505,8936,1447549,2671,263606,1787,206012
2021-12-03,wielkopolskie,WP,2780,248737,35,6540,9544,1457093,2893,266499,2584,208596
2021-12-04,wielkopolskie,WP,2306,251043,28,6568,8847,1465940,2419,268918,2455,211051
2021-12-05,wielkopolskie,WP,2280,253323,0,6568,7404,1473344,2376,271294,2445,213496
2021-12-06,wielkopolskie,WP,1028,254351,0,6568,3748,1477092,1096,272390,2290,215786
2021-12-07,wielkopolskie,WP,1916,256267,32,6600,7528,1484620,2047,274437,2033,217819
2021-12-08,wielkopolskie,WP,3164,259431,46,6646,10266,1494886,3328,277765,1030,218849
2021-12-09,wielkopolskie,WP,2540,261971,49,6695,9124,1504010,2671,280436,1974,220823
2021-12-10,wielkopolskie,WP,2466,264437,53,6748,9223,1513233,2589,283025,2768,223591
2021-12-11,wielkopolskie,WP,2618,267055,36,6784,9507,1522740,2730,285755,2878,226469
2021-12-12,wielkopolskie,WP,1895,268950,0,6784,6656,1529396,2005,287760,2681,229150
2021-12-13,wielkopolskie,WP,1081,270031,0,6784,4051,1533447,1156,288916,2399,231549
2021-12-14,wielkopolskie,WP,1660,271691,33,6817,7539,1540986,1766,290682,2133,233682
2021-12-15,wielkopolskie,WP,2619,274310,70,6887,9715,1550701,2752,293434,1174,234856
2021-12-16,wielkopolskie,WP,1994,276304,44,6931,8213,1558914,2109,295543,1988,236844
2021-12-17,wielkopolskie,WP,1934,278238,35,6966,8653,1567567,2067,297610,3189,240033
2021-12-18,wielkopolskie,WP,2006,280244,54,7020,8719,1576286,2106,299716,2792,242825
2021-12-19,wielkopolskie,WP,1890,282134,0,7020,6737,1583023,2003,301719,2472,245297
2021-12-20,wielkopolskie,WP,832,282966,0,7020,4040,1587063,897,302616,2650,247947
2021-12-21,wielkopolskie,WP,1562,284528,34,7054,8032,1595095,1683,304299,1921,249868
2021-12-22,wielkopolskie,WP,2026,286554,81,7135,8521,1603616,2126,306425,1237,251105
2021-12-23,wielkopolskie,WP,1902,288456,62,7197,8948,1612564,2007,308432,1857,252962
2021-12-24,wielkopolskie,WP,1522,289978,53,7250,7615,1620179,1628,310060,2654,255616
2021-12-25,wielkopolskie,WP,1214,291192,36,7286,4996,1625175,1287,311347,2095,257711
2021-12-26,wielkopolskie,WP,582,291774,0,7286,3234,1628409,636,311983,2066,259777
2021-12-27,wielkopolskie,WP,491,292265,0,7286,3319,1631728,543,312526,2063,261840
2021-12-28,wielkopolskie,WP,890,293155,33,7319,6550,1638278,1028,313554,1769,263609
2021-12-29,wielkopolskie,WP,1896,295051,81,7400,9364,1647642,2019,315573,971,264580
2021-12-30,wielkopolskie,WP,1275,296326,81,7481,7517,1655159,1388,316961,1631,266211
2021-12-31,wielkopolskie,WP,1433,297759,77,7558,7785,1662944,1569,318530,2200,268411
2022-01-01,wielkopolskie,WP,1118,298877,46,7604,6311,1669255,1203,319733,1822,270233
2022-01-02,wielkopolskie,WP,765,299642,0,7604,4413,1673668,838,320571,1620,271853
2022-01-03,wielkopolskie,WP,563,300205,0,7604,4260,1677928,622,321193,1117,272970
2022-01-04,wielkopolskie,WP,1033,301238,49,7653,7463,1685391,1152,322345,738,273708
2022-01-05,wielkopolskie,WP,1713,302951,45,7698,9091,1694482,1896,324241,491,274199
2022-01-06,wielkopolskie,WP,1520,304471,74,7772,8546,1703028,1660,325901,1288,275487
2022-01-07,wielkopolskie,WP,957,305428,0,7772,4824,1707852,1069,326970,1617,277104
2022-01-08,wielkopolskie,WP,967,306395,38,7810,6182,1714034,1073,328043,1401,278505
2022-01-09,wielkopolskie,WP,911,307306,0,7810,5302,1719336,992,329035,1418,279923
2022-01-10,wielkopolskie,WP,545,307851,0,7810,3841,1723177,608,329643,1227,281150
2022-01-11,wielkopolskie,WP,938,308789,26,7836,6892,1730069,1083,330726,716,281866
2022-01-12,wielkopolskie,WP,1269,310058,63,7899,7342,1737411,1421,332147,614,282480
2022-01-13,wielkopolskie,WP,1245,311303,37,7936,6812,1744223,1385,333532,1333,283813
2022-01-14,wielkopolskie,WP,1216,312519,35,7971,7599,1751822,1374,334906,1575,285388
2022-01-15,wielkopolskie,WP,1412,313931,34,8005,10241,1762063,1618,336524,1630,287018
2022-01-16,wielkopolskie,WP,1007,314938,1,8006,6289,1768352,1155,337679,997,288015
2022-01-17,wielkopolskie,WP,699,315637,0,8006,4340,1772692,787,338466,1059,289074
2022-01-18,wielkopolskie,WP,1391,317028,40,8046,7041,1779733,1599,340065,992,290066
2022-01-19,wielkopolskie,WP,2194,319222,48,8094,8796,1788529,2572,342637,620,290686
2022-01-20,wielkopolskie,WP,2394,321616,28,8122,8999,1797528,2781,345418,1060,291746
2022-01-21,wielkopolskie,WP,2587,324203,23,8145,9371,1806899,2964,348382,1417,293163
2022-01-22,wielkopolskie,WP,3152,327355,15,8160,12989,1819888,3651,352033,1394,294557
2022-01-23,wielkopolskie,WP,2444,329799,0,8160,8497,1828385,2784,354817,1321,295878
2022-01-24,wielkopolskie,WP,1694,331493,0,8160,6470,1834855,1923,356740,1531,297409
2022-01-25,wielkopolskie,WP,2533,334026,21,8181,9755,1844610,2904,359644,1179,298588
2022-01-26,wielkopolskie,WP,4583,338609,25,8206,14258,1858868,5352,364996,774,299362
2022-01-27,wielkopolskie,WP,4643,343252,23,8229,13858,1872726,5396,370392,1664,301026
2022-01-28,wielkopolskie,WP,4934,348186,28,8257,14343,1887069,5725,376117,2447,303473
2022-01-29,wielkopolskie,WP,3958,352144,21,8278,12236,1899305,4593,380710,2813,306286
2022-01-30,wielkopolskie,WP,4460,356604,0,8278,12775,1912080,5078,385788,3191,309477
2022-01-31,wielkopolskie,WP,2419,359023,1,8279,7443,1919523,2783,388571,3164,312641
2022-02-01,wielkopolskie,WP,3096,362119,23,8302,10908,1930431,3665,392236,2959,315600
2022-02-02,wielkopolskie,WP,5629,367748,22,8324,15875,1946306,6563,398799,1805,317405
2022-02-03,wielkopolskie,WP,5152,372900,73,8397,14049,1960355,5927,404726,2963,320368
2022-02-04,wielkopolskie,WP,4806,377706,39,8436,14548,1974903,5606,410332,5021,325389
2022-02-05,wielkopolskie,WP,5458,383164,14,8450,16054,1990957,6293,416625,5640,331029
2022-02-06,wielkopolskie,WP,3934,387098,0,8450,11098,2002055,4511,421136,5583,336612
2022-02-07,wielkopolskie,WP,2349,389447,0,8450,7732,2009787,2736,423872,5440,342052
2022-02-08,wielkopolskie,WP,3985,393432,15,8465,12893,2022680,4167,428039,4058,346110
2022-02-09,wielkopolskie,WP,5221,398653,26,8491,14202,2036882,5390,433429,3052,349162
2022-02-10,wielkopolskie,WP,5435,404088,15,8506,15253,2052135,5629,439058,4307,353469
2022-02-11,wielkopolskie,WP,4937,409025,5,8511,14269,2066404,5162,444220,6264,359733
2022-02-12,wielkopolskie,WP,4265,413290,17,8528,12592,2078996,4444,448664,6230,365963
2022-02-13,wielkopolskie,WP,3296,416586,0,8528,9149,2088145,3427,452091,5384,371347
2022-02-14,wielkopolskie,WP,1703,418289,0,8528,5848,2093993,1789,453880,5998,377345
2022-02-15,wielkopolskie,WP,2588,420877,27,8555,9779,2103772,2732,456612,4344,381689
2022-02-16,wielkopolskie,WP,4349,425226,29,8584,12966,2116738,4601,461213,3126,384815
2022-02-17,wielkopolskie,WP,4069,429295,24,8608,12799,2129537,4390,465603,4172,388987
2022-02-18,wielkopolskie,WP,3101,432396,28,8636,10540,2140077,3344,468947,5639,394626
2022-02-19,wielkopolskie,WP,2817,435213,20,8656,9942,2150019,3054,472001,5353,399979
2022-02-20,wielkopolskie,WP,2044,437257,0,8656,7226,2157245,2221,474222,4642,404621
2022-02-21,wielkopolskie,WP,1113,438370,0,8656,4779,2162024,1194,475416,5241,409862
2022-02-22,wielkopolskie,WP,2648,441018,29,8685,10212,2172236,2847,478263,7168,417030
2022-02-23,wielkopolskie,WP,2938,443956,17,8702,10438,2182674,3104,481367,5497,422527
2022-02-24,wielkopolskie,WP,2775,446731,23,8725,10307,2192981,2930,484297,5090,427617
2022-02-25,wielkopolskie,WP,2219,448950,15,8740,8642,2201623,2371,486668,3035,430652
2022-02-26,wielkopolskie,WP,1961,450911,26,8766,7873,2209496,2090,488758,1907,432559
2022-02-27,wielkopolskie,WP,1102,452013,0,8766,4310,2213806,1169,489927,1299,433858
2022-02-28,wielkopolskie,WP,801,452814,0,8766,3709,2217515,870,490797,2980,436838
2022-03-01,wielkopolskie,WP,1720,454534,16,8782,7938,2225453,1852,492649,3064,439902
2022-03-02,wielkopolskie,WP,1906,456440,17,8799,7784,2233237,2003,494652,2504,442406
2022-03-03,wielkopolskie,WP,1912,458352,18,8817,8126,2241363,2042,496694,2205,444611
2022-03-04,wielkopolskie,WP,1583,459935,14,8831,6857,2248220,1667,498361,2022,446633
2022-03-05,wielkopolskie,WP,1760,461695,19,8850,7167,2255387,1842,500203,1227,447860
2022-03-06,wielkopolskie,WP,1117,462812,0,8850,4423,2259810,1166,501369,833,448693
2022-03-07,wielkopolskie,WP,654,463466,0,8850,3642,2263452,688,502057,1954,450647
2022-03-08,wielkopolskie,WP,1809,465275,12,8862,8121,2271573,1917,503974,1997,452644
2022-03-09,wielkopolskie,WP,1891,467166,14,8876,7620,2279193,1977,505951,1874,454518
2022-03-10,wielkopolskie,WP,1755,468921,17,8893,7578,2286771,1887,507838,1737,456255
2022-03-11,wielkopolskie,WP,1607,470528,7,8900,6836,2293607,1680,509518,1668,457923
2022-03-12,wielkopolskie,WP,1503,472031,10,8910,6168,2299775,1567,511085,1170,459093
2022-03-13,wielkopolskie,WP,902,472933,0,8910,4140,2303915,949,512034,705,459798
2022-03-14,wielkopolskie,WP,626,473559,0,8910,3413,2307328,663,512697,1835,461633
2022-03-15,wielkopolskie,WP,1557,475116,8,8918,7876,2315204,1698,514395,1918,463551
2022-03-16,wielkopolskie,WP,1741,476857,12,8930,7748,2322952,1816,516211,1746,465297
2022-03-17,wielkopolskie,WP,1475,478332,15,8945,7249,2330201,1550,517761,1687,466984
2022-03-18,wielkopolskie,WP,1435,479767,17,8962,6688,2336889,1506,519267,1523,468507
2022-03-19,wielkopolskie,WP,1107,480874,15,8977,5751,2342640,1187,520454,1024,469531
2022-03-20,wielkopolskie,WP,695,481569,0,8977,3623,2346263,733,521187,655,470186
2022-03-21,wielkopolskie,WP,409,481978,0,8977,2906,2349169,449,521636,1612,471798
2022-03-22,wielkopolskie,WP,1154,483132,8,8985,6734,2355903,1265,522901,1841,473639
2022-03-23,wielkopolskie,WP,1300,484432,9,8994,6693,2362596,1378,524279,1487,475126
2022-03-24,wielkopolskie,WP,935,485367,9,9003,6007,2368603,984,525263,1438,476564
2022-03-25,wielkopolskie,WP,1014,486381,6,9009,5898,2374501,1071,526334,1231,477795
2022-03-26,wielkopolskie,WP,696,487077,3,9012,4900,2379401,735,527069,753,478548
2022-03-27,wielkopolskie,WP,310,487387,0,9012,2557,2381958,337,527406,441,478989
2022-03-28,wielkopolskie,WP,244,487631,0,9012,2775,2384733,268,527674,1168,480157
2022-03-29,wielkopolskie,WP,556,488187,11,9023,4652,2389385,619,528293,1349,481506
2022-03-30,wielkopolskie,WP,543,488730,13,9036,4296,2393681,585,528878,1296,482802
2022-03-31,wielkopolskie,WP,482,489212,5,9041,4099,2397780,532,529410,889,483691
2022-04-01,wielkopolskie,WP,370,489582,6,9047,3533,2401313,416,529826,646,484337
2022-04-02,wielkopolskie,WP,143,489725,18,9065,1429,2402742,171,529997,318,484655
2022-04-03,wielkopolskie,WP,42,489767,0,9065,654,2403396,51,530048,104,484759
2022-04-04,wielkopolskie,WP,30,489797,0,9065,536,2403932,41,530089,6,484765
2022-04-05,wielkopolskie,WP,123,489920,10,9075,1423,2405355,143,530232,19,484784
2022-04-06,wielkopolskie,WP,124,490044,6,9081,1250,2406605,151,530383,2,484786
2022-04-07,wielkopolskie,WP,98,490142,5,9086,1197,2407802,129,530512,9,484795
2022-04-08,wielkopolskie,WP,70,490212,4,9090,982,2408784,80,530592,6,484801
2022-04-09,wielkopolskie,WP,90,490302,4,9094,985,2409769,106,530698,20,484821
2022-04-10,wielkopolskie,WP,23,490325,0,9094,408,2410177,27,530725,10,484831
2022-04-11,wielkopolskie,WP,21,490346,0,9094,374,2410551,26,530751,1,484832
2022-04-12,wielkopolskie,WP,89,490435,2,9096,1003,2411554,107,530858,5,484837
2022-04-13,wielkopolskie,WP,43,490478,5,9101,795,2412349,53,530911,10,484847
2022-04-14,wielkopolskie,WP,60,490538,3,9104,834,2413183,77,530988,4,484851
2022-04-15,wielkopolskie,WP,54,490592,1,9105,880,2414063,70,531058,5,484856
2022-04-16,wielkopolskie,WP,61,490653,0,9105,654,2414717,69,531127,3,484859
2022-04-17,wielkopolskie,WP,22,490675,0,9105,300,2415017,27,531154,7,484866
2022-04-18,wielkopolskie,WP,16,490691,0,9105,239,2415256,18,531172,2,484868
2022-04-19,wielkopolskie,WP,16,490707,0,9105,341,2415597,19,531191,0,484868
2022-04-20,wielkopolskie,WP,61,490768,0,9105,1135,2416732,70,531261,3,484871
2022-04-21,wielkopolskie,WP,56,490824,0,9105,899,2417631,62,531323,2,484873
2022-04-22,wielkopolskie,WP,65,490889,2,9107,726,2418357,74,531397,3,484876
2022-04-23,wielkopolskie,WP,70,490959,1,9108,853,2419210,81,531478,2,484878
2022-04-24,wielkopolskie,WP,11,490970,0,9108,361,2419571,12,531490,0,484878
2022-04-25,wielkopolskie,WP,12,490982,0,9108,355,2419926,16,531506,1,484879
2022-04-26,wielkopolskie,WP,61,491043,1,9109,902,2420828,69,531575,4,484883
2022-04-27,wielkopolskie,WP,45,491088,2,9111,758,2421586,50,531625,4,484887
2022-04-28,wielkopolskie,WP,46,491134,0,9111,839,2422425,54,531679,5,484892
2022-04-29,wielkopolskie,WP,47,491181,6,9117,842,2423267,49,531728,5,484897
2022-04-30,wielkopolskie,WP,37,491218,8,9125,978,2424245,42,531770,3,484900
2022-05-01,wielkopolskie,WP,14,491232,0,9125,436,2424681,15,531785,2,484902
2022-05-02,wielkopolskie,WP,16,491248,0,9125,356,2425037,22,531807,1,484903
2022-05-03,wielkopolskie,WP,39,491287,1,9126,670,2425707,54,531861,4,484907
2022-05-04,wielkopolskie,WP,9,491296,0,9126,237,2425944,12,531873,5,484912
2022-05-05,wielkopolskie,WP,47,491343,2,9128,651,2426595,56,531929,3,484915
2022-05-06,wielkopolskie,WP,27,491370,5,9133,528,2427123,33,531962,0,484915
2022-05-07,wielkopolskie,WP,40,491410,1,9134,607,2427730,45,532007,3,484918
2022-05-08,wielkopolskie,WP,4,491414,0,9134,347,2428077,6,532013,0,484918
2022-05-09,wielkopolskie,WP,7,491421,0,9134,225,2428302,7,532020,0,484918
2022-05-10,wielkopolskie,WP,18,491439,1,9135,548,2428850,23,532043,2,484920
2022-05-11,wielkopolskie,WP,17,491456,1,9136,455,2429305,18,532061,2,484922
2022-05-12,wielkopolskie,WP,17,491473,0,9136,512,2429817,21,532082,4,484926
2022-05-13,wielkopolskie,WP,17,491490,0,9136,472,2430289,19,532101,6,484932
2022-05-14,wielkopolskie,WP,16,491506,2,9138,536,2430825,17,532118,0,484932
2022-05-15,wielkopolskie,WP,2,491508,0,9138,362,2431187,5,532123,3,484935
2022-05-16,wielkopolskie,WP,3,491511,0,9138,238,2431425,3,532126,4,484939
2022-05-17,wielkopolskie,WP,12,491523,0,9138,454,2431879,15,532141,0,484939
2022-05-18,wielkopolskie,WP,15,491538,0,9138,454,2432333,17,532158,1,484940
2022-05-19,wielkopolskie,WP,19,491557,1,9139,490,2432823,22,532180,0,484940
2022-05-20,wielkopolskie,WP,16,491573,0,9139,420,2433243,17,532197,2,484942
2022-05-21,wielkopolskie,WP,13,491586,0,9139,526,2433769,15,532212,7,484949
2022-05-22,wielkopolskie,WP,2,491588,0,9139,265,2434034,2,532214,1,484950
2022-05-23,wielkopolskie,WP,1,491589,0,9139,196,2434230,1,532215,0,484950
2022-05-24,wielkopolskie,WP,17,491606,1,9140,419,2434649,20,532235,1,484951
2022-05-25,wielkopolskie,WP,14,491620,0,9140,416,2435065,15,532250,2,484953
2022-05-26,wielkopolskie,WP,14,491634,2,9142,419,2435484,18,532268,6,484959
2022-05-27,wielkopolskie,WP,10,491644,0,9142,367,2435851,12,532280,2,484961
2022-05-28,wielkopolskie,WP,11,491655,0,9142,479,2436330,15,532295,5,484966
2022-05-29,wielkopolskie,WP,3,491658,0,9142,315,2436645,4,532299,0,484966
2022-05-30,wielkopolskie,WP,5,491663,0,9142,240,2436885,7,532306,1,484967
2022-05-31,wielkopolskie,WP,19,491682,1,9143,466,2437351,19,532325,0,484967
2022-06-01,wielkopolskie,WP,7,491689,0,9143,389,2437740,10,532335,0,484967
2022-06-02,wielkopolskie,WP,9,491698,0,9143,356,2438096,9,532344,0,484967
2022-06-03,wielkopolskie,WP,18,491716,0,9143,270,2438366,18,532362,2,484969
2022-06-04,wielkopolskie,WP,15,491731,1,9144,237,2438603,17,532379,3,484972
2022-06-05,wielkopolskie,WP,3,491734,0,9144,152,2438755,4,532383,1,484973
2022-06-06,wielkopolskie,WP,3,491737,0,9144,135,2438890,3,532386,0,484973
2022-06-07,wielkopolskie,WP,18,491755,0,9144,286,2439176,19,532405,1,484974
2022-06-08,wielkopolskie,WP,10,491765,0,9144,262,2439438,11,532416,1,484975
2022-06-09,wielkopolskie,WP,6,491771,0,9144,246,2439684,6,532422,0,484975
2022-06-10,wielkopolskie,WP,14,491785,0,9144,205,2439889,14,532436,1,484976
2022-06-11,wielkopolskie,WP,16,491801,0,9144,285,2440174,17,532453,0,484976
2022-06-12,wielkopolskie,WP,1,491802,0,9144,150,2440324,3,532456,0,484976
2022-06-13,wielkopolskie,WP,1,491803,0,9144,98,2440422,1,532457,0,484976
2022-06-14,wielkopolskie,WP,14,491817,0,9144,236,2440658,14,532471,0,484976
2022-06-15,wielkopolskie,WP,15,491832,0,9144,254,2440912,17,532488,0,484976
2022-06-16,wielkopolskie,WP,13,491845,0,9144,234,2441146,14,532502,2,484978
2022-06-17,wielkopolskie,WP,5,491850,0,9144,82,2441228,8,532510,0,484978
2022-06-18,wielkopolskie,WP,13,491863,0,9144,217,2441445,16,532526,1,484979
2022-06-19,wielkopolskie,WP,1,491864,0,9144,120,2441565,1,532527,0,484979
2022-06-20,wielkopolskie,WP,1,491865,0,9144,85,2441650,1,532528,0,484979
2022-06-21,wielkopolskie,WP,21,491886,0,9144,161,2441811,25,532553,0,484979
2022-06-22,wielkopolskie,WP,21,491907,0,9144,212,2442023,26,532579,1,484980
2022-06-23,wielkopolskie,WP,29,491936,0,9144,194,2442217,31,532610,0,484980
2022-06-24,wielkopolskie,WP,17,491953,0,9144,176,2442393,19,532629,0,484980
2022-06-25,wielkopolskie,WP,20,491973,0,9144,167,2442560,23,532652,0,484980
2022-06-26,wielkopolskie,WP,4,491977,0,9144,151,2442711,5,532657,0,484980
2022-06-27,wielkopolskie,WP,9,491986,0,9144,85,2442796,10,532667,0,484980
2022-06-28,wielkopolskie,WP,40,492026,0,9144,269,2443065,40,532707,0,484980
2022-06-29,wielkopolskie,WP,33,492059,0,9144,272,2443337,34,532741,0,484980
2022-06-30,wielkopolskie,WP,30,492089,0,9144,201,2443538,32,532773,0,484980
2022-07-01,wielkopolskie,WP,44,492133,0,9144,193,2443731,48,532821,0,484980
2022-07-02,wielkopolskie,WP,29,492162,3,9147,220,2443951,33,532854,0,484980
2022-07-03,wielkopolskie,WP,12,492174,0,9147,135,2444086,15,532869,0,484980
2022-07-04,wielkopolskie,WP,6,492180,0,9147,89,2444175,6,532875,0,484980
2022-07-05,wielkopolskie,WP,69,492249,0,9147,294,2444469,73,532948,0,484980
2022-07-06,wielkopolskie,WP,58,492307,0,9147,240,2444709,64,533012,0,484980
2022-07-07,wielkopolskie,WP,74,492381,1,9148,306,2445015,78,533090,0,484980
2022-07-08,wielkopolskie,WP,84,492465,0,9148,288,2445303,92,533182,2,484982
2022-07-09,wielkopolskie,WP,74,492539,0,9148,330,2445633,83,533265,0,484982
2022-07-10,wielkopolskie,WP,15,492554,0,9148,105,2445738,18,533283,0,484982
2022-07-11,wielkopolskie,WP,8,492562,0,9148,84,2445822,9,533292,1,484983
2022-07-12,wielkopolskie,WP,152,492714,1,9149,457,2446279,156,533448,0,484983
2022-07-13,wielkopolskie,WP,126,492840,1,9150,369,2446648,129,533577,0,484983
2022-07-14,wielkopolskie,WP,123,492963,0,9150,457,2447105,134,533711,0,484983
2022-07-15,wielkopolskie,WP,74,493037,0,9150,303,2447408,82,533793,2,484985
2022-07-16,wielkopolskie,WP,97,493134,0,9150,356,2447764,109,533902,0,484985
2022-07-17,wielkopolskie,WP,20,493154,0,9150,103,2447867,24,533926,1,484986
2022-07-18,wielkopolskie,WP,14,493168,0,9150,63,2447930,14,533940,0,484986
2022-07-19,wielkopolskie,WP,150,493318,0,9150,435,2448365,164,534104,0,484986
2022-07-20,wielkopolskie,WP,192,493510,1,9151,533,2448898,199,534303,0,484986
2022-07-21,wielkopolskie,WP,208,493718,1,9152,596,2449494,220,534523,0,484986
2022-07-22,wielkopolskie,WP,216,493934,2,9154,579,2450073,265,534788,1,484987
2022-07-23,wielkopolskie,WP,220,494154,0,9154,539,2450612,230,535018,0,484987
2022-07-24,wielkopolskie,WP,37,494191,0,9154,224,2450836,43,535061,0,484987
2022-07-25,wielkopolskie,WP,42,494233,0,9154,152,2450988,43,535104,0,484987
2022-07-26,wielkopolskie,WP,327,494560,0,9154,867,2451855,350,535454,0,484987
2022-07-27,wielkopolskie,WP,207,494767,0,9154,603,2452458,221,535675,0,484987
2022-07-28,wielkopolskie,WP,225,494992,3,9157,601,2453059,238,535913,0,484987
2022-07-29,wielkopolskie,WP,213,495205,0,9157,689,2453748,229,536142,0,484987
2022-07-30,wielkopolskie,WP,244,495449,0,9157,672,2454420,260,536402,1,484988
2022-07-31,wielkopolskie,WP,34,495483,0,9157,143,2454563,36,536438,1,484989
2022-08-01,wielkopolskie,WP,46,495529,0,9157,203,2454766,54,536492,0,484989
2022-08-02,wielkopolskie,WP,342,495871,3,9160,822,2455588,354,536846,0,484989
2022-08-03,wielkopolskie,WP,331,496202,0,9160,788,2456376,363,537209,0,484989
2022-08-04,wielkopolskie,WP,304,496506,1,9161,736,2457112,331,537540,1,484990
2022-08-05,wielkopolskie,WP,315,496821,3,9164,705,2457817,333,537873,0,484990
2022-08-06,wielkopolskie,WP,297,497118,3,9167,722,2458539,326,538199,0,484990
2022-08-07,wielkopolskie,WP,51,497169,0,9167,215,2458754,61,538260,0,484990
2022-08-08,wielkopolskie,WP,32,497201,0,9167,109,2458863,34,538294,0,484990
2022-08-09,wielkopolskie,WP,449,497650,0,9167,1024,2459887,470,538764,1,484991
2022-08-10,wielkopolskie,WP,341,497991,1,9168,806,2460693,354,539118,0,484991
2022-08-11,wielkopolskie,WP,296,498287,4,9172,745,2461438,318,539436,0,484991
2022-08-12,wielkopolskie,WP,299,498586,2,9174,745,2462183,322,539758,0,484991
2022-08-13,wielkopolskie,WP,330,498916,0,9174,762,2462945,349,540107,0,484991
2022-08-14,wielkopolskie,WP,54,498970,0,9174,225,2463170,59,540166,0,484991
2022-08-15,wielkopolskie,WP,51,499021,0,9174,176,2463346,58,540224,1,484992
2022-08-16,wielkopolskie,WP,51,499072,0,9174,145,2463491,51,540275,0,484992
2022-08-17,wielkopolskie,WP,511,499583,0,9174,1091,2464582,542,540817,2,484994
2022-08-18,wielkopolskie,WP,369,499952,3,9177,870,2465452,390,541207,0,484994
2022-08-19,wielkopolskie,WP,313,500265,1,9178,791,2466243,349,541556,0,484994
2022-08-20,wielkopolskie,WP,336,500601,6,9184,857,2467100,360,541916,2,484996
2022-08-21,wielkopolskie,WP,49,500650,0,9184,189,2467289,55,541971,0,484996
2022-08-22,wielkopolskie,WP,52,500702,0,9184,226,2467515,62,542033,0,484996
2022-08-23,wielkopolskie,WP,446,501148,0,9184,1100,2468615,471,542504,0,484996
2022-08-24,wielkopolskie,WP,310,501458,3,9187,878,2469493,326,542830,0,484996
2022-08-25,wielkopolskie,WP,294,501752,3,9190,859,2470352,310,543140,0,484996
2022-08-26,wielkopolskie,WP,291,502043,1,9191,842,2471194,305,543445,0,484996
2022-08-27,wielkopolskie,WP,301,502344,4,9195,726,2471920,314,543759,0,484996
2022-08-28,wielkopolskie,WP,41,502385,0,9195,142,2472062,42,543801,0,484996
2022-08-29,wielkopolskie,WP,49,502434,0,9195,215,2472277,54,543855,0,484996
2022-08-30,wielkopolskie,WP,428,502862,0,9195,1017,2473294,444,544299,0,484996
2022-08-31,wielkopolskie,WP,335,503197,4,9199,875,2474169,348,544647,0,484996
2022-09-01,wielkopolskie,WP,273,503470,0,9199,705,2474874,289,544936,0,484996
2022-09-02,wielkopolskie,WP,151,503621,1,9200,520,2475394,161,545097,0,484996
2022-09-03,wielkopolskie,WP,148,503769,2,9202,514,2475908,158,545255,0,484996
2022-09-04,wielkopolskie,WP,22,503791,0,9202,111,2476019,29,545284,0,484996
2022-09-05,wielkopolskie,WP,20,503811,0,9202,93,2476112,24,545308,0,484996
2022-09-06,wielkopolskie,WP,261,504072,1,9203,738,2476850,280,545588,0,484996
2022-09-07,wielkopolskie,WP,244,504316,0,9203,718,2477568,255,545843,0,484996
2022-09-08,wielkopolskie,WP,264,504580,3,9206,795,2478363,289,546132,0,484996
2022-09-09,wielkopolskie,WP,323,504903,0,9206,896,2479259,341,546473,0,484996
2022-09-10,wielkopolskie,WP,308,505211,1,9207,943,2480202,324,546797,0,484996
2022-09-11,wielkopolskie,WP,30,505241,0,9207,124,2480326,34,546831,0,484996
2022-09-12,wielkopolskie,WP,29,505270,0,9207,159,2480485,34,546865,0,484996
2022-09-13,wielkopolskie,WP,398,505668,1,9208,1081,2481566,417,547282,0,484996
2022-09-14,wielkopolskie,WP,490,506158,1,9209,1152,2482718,513,547795,0,484996
2022-09-15,wielkopolskie,WP,470,506628,4,9213,1238,2483956,490,548285,0,484996
2022-09-16,wielkopolskie,WP,236,506864,3,9216,712,2484668,258,548543,0,484996
2022-09-17,wielkopolskie,WP,241,507105,0,9216,674,2485342,257,548800,0,484996
2022-09-18,wielkopolskie,WP,46,507151,0,9216,163,2485505,46,548846,0,484996
2022-09-19,wielkopolskie,WP,47,507198,0,9216,174,2485679,52,548898,0,484996
2022-09-20,wielkopolskie,WP,347,507545,1,9217,1143,2486822,375,549273,0,484996
2022-09-21,wielkopolskie,WP,266,507811,0,9217,886,2487708,288,549561,0,484996
2022-09-22,wielkopolskie,WP,396,508207,6,9223,1236,2488944,417,549978,0,484996
2022-09-23,wielkopolskie,WP,357,508564,1,9224,1171,2490115,381,550359,0,484996
2022-09-24,wielkopolskie,WP,228,508792,0,9224,727,2490842,246,550605,0,484996
2022-09-25,wielkopolskie,WP,20,508812,0,9224,93,2490935,24,550629,0,484996
2022-09-26,wielkopolskie,WP,29,508841,0,9224,131,2491066,35,550664,0,484996
2022-09-27,wielkopolskie,WP,334,509175,7,9231,1100,2492166,362,551026,0,484996
2022-09-28,wielkopolskie,WP,250,509425,1,9232,943,2493109,275,551301,0,484996
2022-09-29,wielkopolskie,WP,361,509786,2,9234,1178,2494287,370,551671,0,484996
2022-09-30,wielkopolskie,WP,325,510111,1,9235,1106,2495393,350,552021,0,484996
2022-10-01,wielkopolskie,WP,298,510409,2,9237,978,2496371,319,552340,0,484996
2022-10-02,wielkopolskie,WP,24,510433,0,9237,107,2496478,26,552366,0,484996
2022-10-03,wielkopolskie,WP,14,510447,0,9237,55,2496533,14,552380,0,484996
2022-10-04,wielkopolskie,WP,400,510847,0,9237,1331,2497864,419,552799,0,484996
2022-10-05,wielkopolskie,WP,317,511164,5,9242,1053,2498917,336,553135,0,484996
2022-10-06,wielkopolskie,WP,203,511367,2,9244,904,2499821,215,553350,0,484996
2022-10-07,wielkopolskie,WP,229,511596,8,9252,809,2500630,241,553591,0,484996
2022-10-08,wielkopolskie,WP,283,511879,1,9253,1279,2501909,310,553901,0,484996
2022-10-09,wielkopolskie,WP,28,511907,0,9253,183,2502092,30,553931,0,484996
2022-10-10,wielkopolskie,WP,28,511935,0,9253,147,2502239,29,553960,0,484996
2022-10-11,wielkopolskie,WP,270,512205,2,9255,1131,2503370,305,554265,0,484996
2022-10-12,wielkopolskie,WP,200,512405,2,9257,974,2504344,217,554482,0,484996
2022-10-13,wielkopolskie,WP,168,512573,4,9261,811,2505155,183,554665,0,484996
2022-10-14,wielkopolskie,WP,120,512693,7,9268,732,2505887,137,554802,0,484996
2022-10-15,wielkopolskie,WP,119,512812,0,9268,642,2506529,136,554938,0,484996
2022-10-16,wielkopolskie,WP,20,512832,0,9268,178,2506707,22,554960,0,484996
2022-10-17,wielkopolskie,WP,23,512855,0,9268,138,2506845,27,554987,0,484996
2022-10-18,wielkopolskie,WP,193,513048,1,9269,998,2507843,203,555190,0,484996
2022-10-19,wielkopolskie,WP,143,513191,9,9278,868,2508711,152,555342,0,484996
2022-10-20,wielkopolskie,WP,166,513357,3,9281,749,2509460,179,555521,0,484996
2022-10-21,wielkopolskie,WP,86,513443,0,9281,591,2510051,99,555620,0,484996
2022-10-22,wielkopolskie,WP,99,513542,0,9281,627,2510678,111,555731,0,484996
2022-10-23,wielkopolskie,WP,17,513559,0,9281,167,2510845,20,555751,0,484996
2022-10-24,wielkopolskie,WP,7,513566,0,9281,131,2510976,9,555760,0,484996
2022-10-25,wielkopolskie,WP,121,513687,4,9285,838,2511814,135,555895,0,484996
2022-10-26,wielkopolskie,WP,72,513759,3,9288,635,2512449,78,555973,0,484996
2022-10-27,wielkopolskie,WP,71,513830,4,9292,488,2512937,78,556051,0,484996
2022-10-28,wielkopolskie,WP,62,513892,1,9293,490,2513427,70,556121,0,484996
2022-10-29,wielkopolskie,WP,66,513958,2,9295,461,2513888,75,556196,0,484996
2022-10-30,wielkopolskie,WP,7,513965,0,9295,134,2514022,7,556203,0,484996
2022-10-31,wielkopolskie,WP,16,513981,0,9295,183,2514205,20,556223,0,484996
2022-11-01,wielkopolskie,WP,66,514047,0,9295,425,2514630,71,556294,0,484996
2022-11-02,wielkopolskie,WP,6,514053,0,9295,104,2514734,7,556301,0,484996
2022-11-03,wielkopolskie,WP,76,514129,0,9295,666,2515400,80,556381,0,484996
2022-11-04,wielkopolskie,WP,53,514182,0,9295,583,2515983,56,556437,0,484996
2022-11-05,wielkopolskie,WP,39,514221,2,9297,442,2516425,42,556479,0,484996
2022-11-06,wielkopolskie,WP,6,514227,0,9297,102,2516527,8,556487,0,484996
2022-11-07,wielkopolskie,WP,6,514233,0,9297,80,2516607,7,556494,0,484996
2022-11-08,wielkopolskie,WP,57,514290,0,9297,548,2517155,64,556558,0,484996
2022-11-09,wielkopolskie,WP,35,514325,0,9297,475,2517630,36,556594,0,484996
2022-11-10,wielkopolskie,WP,41,514366,4,9301,447,2518077,44,556638,0,484996
2022-11-11,wielkopolskie,WP,29,514395,0,9301,375,2518452,32,556670,0,484996
2022-11-12,wielkopolskie,WP,7,514402,0,9301,96,2518548,7,556677,0,484996
2022-11-13,wielkopolskie,WP,5,514407,0,9301,98,2518646,5,556682,0,484996
2022-11-14,wielkopolskie,WP,11,514418,0,9301,119,2518765,15,556697,0,484996
2022-11-15,wielkopolskie,WP,52,514470,0,9301,550,2519315,54,556751,0,484996
2022-11-16,wielkopolskie,WP,45,514515,0,9301,474,2519789,49,556800,0,484996
2022-11-17,wielkopolskie,WP,32,514547,3,9304,417,2520206,33,556833,0,484996
2022-11-18,wielkopolskie,WP,24,514571,0,9304,411,2520617,25,556858,0,484996
2022-11-19,wielkopolskie,WP,32,514603,1,9305,405,2521022,39,556897,0,484996
2022-11-20,wielkopolskie,WP,9,514612,0,9305,106,2521128,9,556906,0,484996
2022-11-21,wielkopolskie,WP,2,514614,0,9305,80,2521208,5,556911,0,484996
2022-11-22,wielkopolskie,WP,53,514667,1,9306,547,2521755,57,556968,0,484996
2022-11-23,wielkopolskie,WP,36,514703,1,9307,368,2522123,36,557004,0,484996
2022-11-24,wielkopolskie,WP,42,514745,0,9307,472,2522595,45,557049,0,484996
2022-11-25,wielkopolskie,WP,30,514775,0,9307,353,2522948,31,557080,0,484996
2022-11-26,wielkopolskie,WP,37,514812,1,9308,331,2523279,41,557121,0,484996
2022-11-27,wielkopolskie,WP,3,514815,0,9308,97,2523376,3,557124,0,484996
2022-11-28,wielkopolskie,WP,12,514827,0,9308,95,2523471,13,557137,0,484996
2022-11-29,wielkopolskie,WP,70,514897,2,9310,570,2524041,76,557213,0,484996
2022-11-30,wielkopolskie,WP,54,514951,1,9311,436,2524477,58,557271,0,484996
2022-12-01,wielkopolskie,WP,34,514985,1,9312,421,2524898,42,557313,0,484996
2022-12-02,wielkopolskie,WP,52,515037,0,9312,387,2525285,57,557370,0,484996
2022-12-03,wielkopolskie,WP,39,515076,1,9313,336,2525621,46,557416,0,484996
2022-12-04,wielkopolskie,WP,7,515083,0,9313,84,2525705,7,557423,0,484996
2022-12-05,wielkopolskie,WP,4,515087,0,9313,79,2525784,4,557427,0,484996
2022-12-06,wielkopolskie,WP,94,515181,0,9313,533,2526317,102,557529,0,484996
2022-12-07,wielkopolskie,WP,80,515261,2,9315,656,2526973,86,557615,0,484996
2022-12-08,wielkopolskie,WP,65,515326,5,9320,550,2527523,68,557683,0,484996
2022-12-09,wielkopolskie,WP,13,515339,2,9322,213,2527736,17,557700,0,484996
2022-12-10,wielkopolskie,WP,43,515382,2,9324,390,2528126,46,557746,0,484996
2022-12-11,wielkopolskie,WP,7,515389,0,9324,141,2528267,7,557753,0,484996
2022-12-12,wielkopolskie,WP,9,515398,0,9324,157,2528424,9,557762,0,484996
2022-12-13,wielkopolskie,WP,69,515467,0,9324,731,2529155,75,557837,0,484996
2022-12-14,wielkopolskie,WP,60,515527,0,9324,560,2529715,75,557912,0,484996
2022-12-15,wielkopolskie,WP,67,515594,4,9328,517,2530232,72,557984,0,484996
2022-12-16,wielkopolskie,WP,50,515644,5,9333,488,2530720,57,558041,0,484996
2022-12-17,wielkopolskie,WP,51,515695,3,9336,470,2531190,57,558098,0,484996
2022-12-18,wielkopolskie,WP,14,515709,0,9336,155,2531345,14,558112,0,484996
2022-12-19,wielkopolskie,WP,12,515721,0,9336,145,2531490,13,558125,0,484996
2022-12-20,wielkopolskie,WP,70,515791,1,9337,659,2532149,82,558207,0,484996
2022-12-21,wielkopolskie,WP,55,515846,3,9340,448,2532597,59,558266,0,484996
2022-12-22,wielkopolskie,WP,51,515897,0,9340,523,2533120,59,558325,0,484996
2022-12-23,wielkopolskie,WP,67,515964,0,9340,525,2533645,75,558400,0,484996
2022-12-24,wielkopolskie,WP,62,516026,0,9340,487,2534132,71,558471,0,484996
2022-12-25,wielkopolskie,WP,11,516037,0,9340,119,2534251,11,558482,0,484996
2022-12-26,wielkopolskie,WP,9,516046,0,9340,131,2534382,10,558492,0,484996
2022-12-27,wielkopolskie,WP,10,516056,0,9340,133,2534515,10,558502,0,484996
2022-12-28,wielkopolskie,WP,65,516121,0,9340,739,2535254,79,558581,0,484996
2022-12-29,wielkopolskie,WP,51,516172,2,9342,604,2535858,59,558640,0,484996
2022-12-30,wielkopolskie,WP,51,516223,0,9342,586,2536444,55,558695,0,484996
2022-12-31,wielkopolskie,WP,48,516271,4,9346,511,2536955,57,558752,0,484996
2023-01-01,wielkopolskie,WP,14,516285,0,9346,179,2537134,15,558767,0,484996
2023-01-02,wielkopolskie,WP,13,516298,0,9346,151,2537285,14,558781,0,484996
2023-01-03,wielkopolskie,WP,53,516351,0,9346,632,2537917,62,558843,0,484996
2023-01-04,wielkopolskie,WP,42,516393,0,9346,452,2538369,47,558890,0,484996
2023-01-05,wielkopolskie,WP,58,516451,4,9350,510,2538879,73,558963,0,484996
2023-01-06,wielkopolskie,WP,26,516477,7,9357,303,2539182,32,558995,0,484996
2023-01-07,wielkopolskie,WP,7,516484,0,9357,111,2539293,8,559003,0,484996
2023-01-08,wielkopolskie,WP,5,516489,0,9357,98,2539391,5,559008,0,484996
2023-01-09,wielkopolskie,WP,5,516494,0,9357,96,2539487,6,559014,0,484996
2023-01-10,wielkopolskie,WP,38,516532,1,9358,415,2539902,47,559061,0,484996
2023-01-11,wielkopolskie,WP,31,516563,2,9360,366,2540268,45,559106,0,484996
2023-01-12,wielkopolskie,WP,25,516588,3,9363,288,2540556,28,559134,0,484996
2023-01-13,wielkopolskie,WP,16,516604,4,9367,250,2540806,21,559155,0,484996
2023-01-14,wielkopolskie,WP,19,516623,2,9369,205,2541011,25,559180,0,484996
2023-01-15,wielkopolskie,WP,2,516625,0,9369,79,2541090,2,559182,0,484996
2023-01-16,wielkopolskie,WP,2,516627,0,9369,66,2541156,2,559184,0,484996
2023-01-17,wielkopolskie,WP,35,516662,3,9372,280,2541436,38,559222,0,484996
2023-01-18,wielkopolskie,WP,31,516693,1,9373,234,2541670,40,559262,0,484996
2023-01-19,wielkopolskie,WP,27,516720,1,9374,242,2541912,31,559293,0,484996
2023-01-20,wielkopolskie,WP,18,516738,0,9374,210,2542122,18,559311,0,484996
2023-01-21,wielkopolskie,WP,33,516771,2,9376,227,2542349,40,559351,0,484996
2023-01-22,wielkopolskie,WP,4,516775,0,9376,72,2542421,5,559356,0,484996
2023-01-23,wielkopolskie,WP,1,516776,0,9376,84,2542505,1,559357,0,484996
2023-01-24,wielkopolskie,WP,40,516816,0,9376,230,2542735,42,559399,0,484996
2023-01-25,wielkopolskie,WP,42,516858,0,9376,248,2542983,45,559444,0,484996
2023-01-26,wielkopolskie,WP,28,516886,0,9376,196,2543179,37,559481,0,484996
2023-01-27,wielkopolskie,WP,27,516913,0,9376,198,2543377,29,559510,0,484996
2023-01-28,wielkopolskie,WP,34,516947,0,9376,239,2543616,39,559549,0,484996
2023-01-29,wielkopolskie,WP,6,516953,0,9376,52,2543668,6,559555,0,484996
2023-01-30,wielkopolskie,WP,5,516958,0,9376,55,2543723,6,559561,0,484996
2023-01-31,wielkopolskie,WP,60,517018,1,9377,263,2543986,74,559635,0,484996
2023-02-01,wielkopolskie,WP,52,517070,1,9378,271,2544257,53,559688,0,484996
2023-02-02,wielkopolskie,WP,58,517128,2,9380,207,2544464,66,559754,0,484996
2023-02-03,wielkopolskie,WP,70,517198,0,9380,412,2544876,75,559829,0,484996
2023-02-04,wielkopolskie,WP,36,517234,0,9380,171,2545047,41,559870,0,484996
2023-02-05,wielkopolskie,WP,4,517238,0,9380,43,2545090,6,559876,0,484996
2023-02-06,wielkopolskie,WP,9,517247,0,9380,64,2545154,9,559885,0,484996
2023-02-07,wielkopolskie,WP,87,517334,0,9380,340,2545494,98,559983,0,484996
2023-02-08,wielkopolskie,WP,77,517411,2,9382,312,2545806,83,560066,0,484996
2023-02-09,wielkopolskie,WP,72,517483,1,9383,335,2546141,79,560145,0,484996
2023-02-10,wielkopolskie,WP,80,517563,2,9385,271,2546412,85,560230,0,484996
2023-02-11,wielkopolskie,WP,68,517631,0,9385,285,2546697,73,560303,0,484996
2023-02-12,wielkopolskie,WP,17,517648,0,9385,69,2546766,17,560320,0,484996
2023-02-13,wielkopolskie,WP,17,517665,0,9385,105,2546871,21,560341,0,484996
2023-02-14,wielkopolskie,WP,179,517844,0,9385,465,2547336,187,560528,0,484996
2023-02-15,wielkopolskie,WP,119,517963,1,9386,354,2547690,121,560649,0,484996
2023-02-16,wielkopolskie,WP,115,518078,5,9391,339,2548029,135,560784,0,484996
2023-02-17,wielkopolskie,WP,114,518192,0,9391,298,2548327,120,560904,0,484996
2023-02-18,wielkopolskie,WP,126,518318,4,9395,436,2548763,133,561037,0,484996
2023-02-19,wielkopolskie,WP,23,518341,0,9395,200,2548963,24,561061,0,484996
2023-02-20,wielkopolskie,WP,17,518358,0,9395,97,2549060,18,561079,0,484996
2023-02-21,wielkopolskie,WP,221,518579,0,9395,505,2549565,233,561312,0,484996
2023-02-22,wielkopolskie,WP,178,518757,3,9398,409,2549974,189,561501,0,484996
2023-02-23,wielkopolskie,WP,177,518934,3,9401,395,2550369,185,561686,0,484996
2023-02-24,wielkopolskie,WP,186,519120,0,9401,496,2550865,218,561904,0,484996
2023-02-25,wielkopolskie,WP,188,519308,2,9403,481,2551346,210,562114,0,484996
2023-02-26,wielkopolskie,WP,20,519328,0,9403,99,2551445,23,562137,0,484996
2023-02-27,wielkopolskie,WP,34,519362,0,9403,143,2551588,36,562173,0,484996
2023-02-28,wielkopolskie,WP,248,519610,0,9403,487,2552075,268,562441,0,484996
2023-03-01,wielkopolskie,WP,218,519828,2,9405,494,2552569,230,562671,0,484996
2023-03-02,wielkopolskie,WP,250,520078,6,9411,505,2553074,271,562942,0,484996
2023-03-03,wielkopolskie,WP,262,520340,1,9412,525,2553599,270,563212,0,484996
2023-03-04,wielkopolskie,WP,238,520578,3,9415,682,2554281,267,563479,0,484996
2023-03-05,wielkopolskie,WP,31,520609,0,9415,194,2554475,36,563515,0,484996
2023-03-06,wielkopolskie,WP,39,520648,0,9415,131,2554606,41,563556,0,484996
2023-03-07,wielkopolskie,WP,292,520940,0,9415,768,2555374,326,563882,0,484996
2023-03-08,wielkopolskie,WP,331,521271,1,9416,690,2556064,350,564232,0,484996
2023-03-09,wielkopolskie,WP,303,521574,1,9417,645,2556709,329,564561,0,484996
2023-03-10,wielkopolskie,WP,273,521847,1,9418,652,2557361,305,564866,0,484996
2023-03-11,wielkopolskie,WP,311,522158,1,9419,711,2558072,343,565209,0,484996
2023-03-12,wielkopolskie,WP,37,522195,0,9419,248,2558320,42,565251,0,484996
2023-03-13,wielkopolskie,WP,31,522226,0,9419,196,2558516,35,565286,0,484996
2023-03-14,wielkopolskie,WP,398,522624,5,9424,976,2559492,413,565699,0,484996
2023-03-15,wielkopolskie,WP,309,522933,0,9424,776,2560268,332,566031,0,484996
2023-03-16,wielkopolskie,WP,318,523251,3,9427,692,2560960,332,566363,0,484996
2023-03-17,wielkopolskie,WP,270,523521,1,9428,607,2561567,301,566664,0,484996
2023-03-18,wielkopolskie,WP,260,523781,5,9433,575,2562142,279,566943,0,484996
2023-03-19,wielkopolskie,WP,30,523811,0,9433,156,2562298,32,566975,0,484996
2023-03-20,wielkopolskie,WP,24,523835,0,9433,100,2562398,26,567001,0,484996
2023-03-21,wielkopolskie,WP,327,524162,2,9435,883,2563281,352,567353,0,484996
2023-03-22,wielkopolskie,WP,267,524429,6,9441,657,2563938,291,567644,0,484996
2023-03-23,wielkopolskie,WP,205,524634,0,9441,543,2564481,222,567866,0,484996
2023-03-24,wielkopolskie,WP,186,524820,1,9442,487,2564968,206,568072,0,484996
2023-03-25,wielkopolskie,WP,173,524993,1,9443,515,2565483,187,568259,0,484996
2023-03-26,wielkopolskie,WP,27,525020,0,9443,134,2565617,27,568286,0,484996
2023-03-27,wielkopolskie,WP,24,525044,0,9443,163,2565780,27,568313,0,484996
2023-03-28,wielkopolskie,WP,183,525227,3,9446,526,2566306,197,568510,0,484996
2023-03-29,wielkopolskie,WP,104,525331,6,9452,334,2566640,107,568617,0,484996
2023-03-30,wielkopolskie,WP,110,525441,5,9457,376,2567016,115,568732,0,484996
2023-03-31,wielkopolskie,WP,90,525531,0,9457,355,2567371,107,568839,0,484996
2023-04-01,wielkopolskie,WP,74,525605,0,9457,328,2567699,80,568919,0,484996
2023-04-02,wielkopolskie,WP,13,525618,0,9457,101,2567800,14,568933,0,484996
2023-04-03,wielkopolskie,WP,9,525627,0,9457,88,2567888,10,568943,0,484996
2023-04-04,wielkopolskie,WP,113,525740,1,9458,393,2568281,119,569062,0,484996
2023-04-05,wielkopolskie,WP,93,525833,4,9462,337,2568618,97,569159,0,484996
2023-04-06,wielkopolskie,WP,98,525931,2,9464,391,2569009,113,569272,0,484996
2023-04-07,wielkopolskie,WP,59,525990,0,9464,344,2569353,67,569339,0,484996
2023-04-08,wielkopolskie,WP,48,526038,1,9465,200,2569553,52,569391,0,484996
2023-04-09,wielkopolskie,WP,10,526048,0,9465,80,2569633,10,569401,0,484996
2023-04-10,wielkopolskie,WP,6,526054,0,9465,73,2569706,7,569408,0,484996
2023-04-11,wielkopolskie,WP,7,526061,0,9465,98,2569804,10,569418,0,484996
2023-04-12,wielkopolskie,WP,100,526161,0,9465,383,2570187,107,569525,0,484996
2023-04-13,wielkopolskie,WP,86,526247,2,9467,349,2570536,92,569617,0,484996
2023-04-14,wielkopolskie,WP,44,526291,3,9470,225,2570761,46,569663,0,484996
2023-04-15,wielkopolskie,WP,51,526342,2,9472,259,2571020,53,569716,0,484996
2023-04-16,wielkopolskie,WP,10,526352,0,9472,101,2571121,11,569727,0,484996
2023-04-17,wielkopolskie,WP,6,526358,0,9472,55,2571176,7,569734,0,484996
2023-04-18,wielkopolskie,WP,70,526428,4,9476,284,2571460,73,569807,0,484996
2023-04-19,wielkopolskie,WP,43,526471,0,9476,276,2571736,48,569855,0,484996
2023-04-20,wielkopolskie,WP,37,526508,1,9477,220,2571956,38,569893,0,484996
2023-04-21,wielkopolskie,WP,22,526530,0,9477,222,2572178,27,569920,0,484996
2023-04-22,wielkopolskie,WP,22,526552,2,9479,164,2572342,23,569943,0,484996
2023-04-23,wielkopolskie,WP,8,526560,0,9479,75,2572417,8,569951,0,484996
2023-04-24,wielkopolskie,WP,6,526566,0,9479,72,2572489,6,569957,0,484996
2023-04-25,wielkopolskie,WP,37,526603,2,9481,266,2572755,40,569997,0,484996
2023-04-26,wielkopolskie,WP,14,526617,3,9484,169,2572924,20,570017,0,484996
2023-04-27,wielkopolskie,WP,18,526635,2,9486,187,2573111,18,570035,0,484996
2023-04-28,wielkopolskie,WP,19,526654,0,9486,136,2573247,22,570057,0,484996
2023-04-29,wielkopolskie,WP,13,526667,0,9486,141,2573388,14,570071,0,484996
2023-04-30,wielkopolskie,WP,4,526671,0,9486,47,2573435,5,570076,0,484996
2023-05-01,wielkopolskie,WP,2,526673,0,9486,54,2573489,3,570079,0,484996
2023-05-02,wielkopolskie,WP,1,526674,0,9486,40,2573529,1,570080,0,484996
2023-05-03,wielkopolskie,WP,17,526691,0,9486,141,2573670,18,570098,0,484996
2023-05-04,wielkopolskie,WP,4,526695,0,9486,49,2573719,5,570103,0,484996
2023-05-05,wielkopolskie,WP,13,526708,1,9487,186,2573905,18,570121,0,484996
2023-05-06,wielkopolskie,WP,14,526722,0,9487,136,2574041,15,570136,0,484996
2023-05-07,wielkopolskie,WP,1,526723,0,9487,31,2574072,2,570138,0,484996
2023-05-08,wielkopolskie,WP,4,526727,0,9487,45,2574117,4,570142,0,484996
2023-05-09,wielkopolskie,WP,13,526740,1,9488,136,2574253,16,570158,0,484996
2023-05-10,wielkopolskie,WP,13,526753,0,9488,119,2574372,14,570172,0,484996
2023-05-11,wielkopolskie,WP,9,526762,0,9488,134,2574506,11,570183,0,484996
2023-05-12,wielkopolskie,WP,9,526771,0,9488,129,2574635,9,570192,0,484996
2023-05-13,wielkopolskie,WP,11,526782,1,9489,99,2574734,12,570204,0,484996
2023-05-14,wielkopolskie,WP,0,526782,0,9489,30,2574764,1,570205,0,484996
2023-05-15,wielkopolskie,WP,0,526782,0,9489,26,2574790,0,570205,0,484996
2023-05-16,wielkopolskie,WP,10,526792,0,9489,135,2574925,12,570217,0,484996
2023-05-17,wielkopolskie,WP,6,526798,0,9489,151,2575076,6,570223,0,484996
2023-05-18,wielkopolskie,WP,7,526805,0,9489,123,2575199,9,570232,0,484996
2023-05-19,wielkopolskie,WP,8,526813,0,9489,85,2575284,8,570240,0,484996
2023-05-20,wielkopolskie,WP,5,526818,0,9489,99,2575383,5,570245,0,484996
2023-05-21,wielkopolskie,WP,1,526819,0,9489,34,2575417,1,570246,0,484996
2023-05-22,wielkopolskie,WP,2,526821,0,9489,32,2575449,2,570248,0,484996
2023-05-23,wielkopolskie,WP,7,526828,2,9491,160,2575609,10,570258,0,484996
2023-05-24,wielkopolskie,WP,5,526833,0,9491,91,2575700,6,570264,0,484996
2023-05-25,wielkopolskie,WP,3,526836,0,9491,83,2575783,3,570267,0,484996
2023-05-26,wielkopolskie,WP,9,526845,0,9491,126,2575909,11,570278,0,484996
2023-05-27,wielkopolskie,WP,0,526845,0,9491,89,2575998,0,570278,0,484996
2023-05-28,wielkopolskie,WP,0,526845,0,9491,19,2576017,0,570278,0,484996
2023-05-29,wielkopolskie,WP,3,526848,0,9491,38,2576055,3,570281,0,484996
2023-05-30,wielkopolskie,WP,7,526855,0,9491,134,2576189,15,570296,0,484996
2023-05-31,wielkopolskie,WP,6,526861,0,9491,76,2576265,6,570302,0,484996
2023-06-01,wielkopolskie,WP,4,526865,0,9491,85,2576350,6,570308,0,484996
2023-06-02,wielkopolskie,WP,4,526869,0,9491,104,2576454,5,570313,0,484996
2023-06-03,wielkopolskie,WP,4,526873,0,9491,83,2576537,5,570318,0,484996
2023-06-04,wielkopolskie,WP,0,526873,0,9491,33,2576570,0,570318,0,484996
2023-06-05,wielkopolskie,WP,0,526873,0,9491,22,2576592,0,570318,0,484996
2023-06-06,wielkopolskie,WP,5,526878,0,9491,110,2576702,5,570323,0,484996
2023-06-07,wielkopolskie,WP,2,526880,0,9491,105,2576807,2,570325,0,484996
2023-06-08,wielkopolskie,WP,4,526884,0,9491,70,2576877,5,570330,0,484996
2023-06-09,wielkopolskie,WP,2,526886,0,9491,23,2576900,2,570332,0,484996
2023-06-10,wielkopolskie,WP,0,526886,0,9491,77,2576977,1,570333,0,484996
2023-06-11,wielkopolskie,WP,1,526887,0,9491,31,2577008,1,570334,0,484996
2023-06-12,wielkopolskie,WP,0,526887,0,9491,27,2577035,0,570334,0,484996
2023-06-13,wielkopolskie,WP,2,526889,0,9491,80,2577115,2,570336,0,484996
2023-06-14,wielkopolskie,WP,2,526891,0,9491,106,2577221,3,570339,0,484996
2023-06-15,wielkopolskie,WP,2,526893,0,9491,85,2577306,2,570341,0,484996
2023-06-16,wielkopolskie,WP,2,526895,0,9491,67,2577373,2,570343,0,484996
2023-06-17,wielkopolskie,WP,1,526896,0,9491,65,2577438,1,570344,0,484996
2023-06-18,wielkopolskie,WP,0,526896,0,9491,39,2577477,0,570344,0,484996
2023-06-19,wielkopolskie,WP,0,526896,0,9491,18,2577495,0,570344,0,484996
2023-06-20,wielkopolskie,WP,2,526898,0,9491,54,2577549,2,570346,0,484996
2023-06-21,wielkopolskie,WP,1,526899,0,9491,59,2577608,2,570348,0,484996
2023-06-22,wielkopolskie,WP,1,526900,0,9491,57,2577665,1,570349,0,484996
2023-06-23,wielkopolskie,WP,3,526903,0,9491,54,2577719,3,570352,0,484996
2023-06-24,wielkopolskie,WP,2,526905,0,9491,76,2577795,3,570355,0,484996
2023-06-25,wielkopolskie,WP,0,526905,0,9491,16,2577811,0,570355,0,484996
2023-06-26,wielkopolskie,WP,0,526905,0,9491,12,2577823,0,570355,0,484996
2023-06-27,wielkopolskie,WP,0,526905,0,9491,78,2577901,0,570355,0,484996
2023-06-28,wielkopolskie,WP,1,526906,0,9491,70,2577971,1,570356,0,484996
2023-06-29,wielkopolskie,WP,1,526907,0,9491,31,2578002,1,570357,0,484996
2023-06-30,wielkopolskie,WP,1,526908,0,9491,41,2578043,1,570358,0,484996
2023-07-01,wielkopolskie,WP,1,526909,0,9491,35,2578078,1,570359,0,484996
2023-07-02,wielkopolskie,WP,0,526909,0,9491,10,2578088,0,570359,0,484996
2023-07-03,wielkopolskie,WP,0,526909,0,9491,11,2578099,0,570359,0,484996
2023-07-04,wielkopolskie,WP,1,526910,0,9491,19,2578118,1,570360,0,484996
2023-07-05,wielkopolskie,WP,0,526910,0,9491,20,2578138,0,570360,0,484996
2023-07-06,wielkopolskie,WP,1,526911,0,9491,15,2578153,1,570361,0,484996
2023-07-07,wielkopolskie,WP,0,526911,0,9491,15,2578168,0,570361,0,484996
2023-07-08,wielkopolskie,WP,5,526916,0,9491,35,2578203,7,570368,0,484996
2023-07-09,wielkopolskie,WP,0,526916,0,9491,21,2578224,0,570368,0,484996
2023-07-10,wielkopolskie,WP,0,526916,0,9491,10,2578234,0,570368,0,484996
2023-07-11,wielkopolskie,WP,2,526918,0,9491,17,2578251,2,570370,0,484996
2023-07-12,wielkopolskie,WP,0,526918,0,9491,28,2578279,0,570370,0,484996
2023-07-13,wielkopolskie,WP,1,526919,0,9491,17,2578296,1,570371,0,484996
2023-07-14,wielkopolskie,WP,0,526919,0,9491,17,2578313,0,570371,0,484996
2023-07-15,wielkopolskie,WP,1,526920,0,9491,20,2578333,1,570372,0,484996
2023-07-16,wielkopolskie,WP,0,526920,0,9491,5,2578338,0,570372,0,484996
2023-07-17,wielkopolskie,WP,0,526920,0,9491,2,2578340,0,570372,0,484996
2023-07-18,wielkopolskie,WP,0,526920,0,9491,10,2578350,0,570372,0,484996
2023-07-19,wielkopolskie,WP,1,526921,0,9491,18,2578368,1,570373,0,484996
2023-07-20,wielkopolskie,WP,1,526922,0,9491,17,2578385,1,570374,0,484996
2023-07-21,wielkopolskie,WP,1,526923,0,9491,20,2578405,1,570375,0,484996
2023-07-22,wielkopolskie,WP,0,526923,0,9491,6,2578411,0,570375,0,484996
2023-07-23,wielkopolskie,WP,1,526924,0,9491,5,2578416,1,570376,0,484996
2023-07-24,wielkopolskie,WP,0,526924,0,9491,6,2578422,0,570376,0,484996
2023-07-25,wielkopolskie,WP,0,526924,0,9491,15,2578437,0,570376,0,484996
2023-07-26,wielkopolskie,WP,2,526926,0,9491,8,2578445,2,570378,0,484996
2023-07-27,wielkopolskie,WP,0,526926,0,9491,14,2578459,0,570378,0,484996
2023-07-28,wielkopolskie,WP,0,526926,0,9491,18,2578477,0,570378,0,484996
2023-07-29,wielkopolskie,WP,0,526926,0,9491,8,2578485,0,570378,0,484996
2023-07-30,wielkopolskie,WP,0,526926,0,9491,2,2578487,0,570378,0,484996
2023-07-31,wielkopolskie,WP,0,526926,0,9491,0,2578487,0,570378,0,484996
2023-08-01,wielkopolskie,WP,1,526927,0,9491,16,2578503,1,570379,0,484996
2023-08-02,wielkopolskie,WP,1,526928,0,9491,7,2578510,1,570380,0,484996
2023-08-03,wielkopolskie,WP,0,526928,0,9491,9,2578519,0,570380,0,484996
2023-08-04,wielkopolskie,WP,2,526930,0,9491,9,2578528,2,570382,0,484996
2023-08-05,wielkopolskie,WP,1,526931,0,9491,13,2578541,2,570384,0,484996
2023-08-06,wielkopolskie,WP,0,526931,0,9491,3,2578544,0,570384,0,484996
2023-08-07,wielkopolskie,WP,0,526931,0,9491,5,2578549,0,570384,0,484996
2023-08-08,wielkopolskie,WP,2,526933,0,9491,15,2578564,2,570386,0,484996
2023-08-09,wielkopolskie,WP,0,526933,0,9491,12,2578576,0,570386,0,484996
2023-08-10,wielkopolskie,WP,2,526935,0,9491,9,2578585,2,570388,0,484996
2023-08-11,wielkopolskie,WP,2,526937,0,9491,8,2578593,2,570390,0,484996
2023-08-12,wielkopolskie,WP,2,526939,0,9491,11,2578604,2,570392,0,484996
2023-08-13,wielkopolskie,WP,0,526939,0,9491,1,2578605,0,570392,0,484996
2023-08-14,wielkopolskie,WP,1,526940,0,9491,10,2578615,1,570393,0,484996
2023-08-15,wielkopolskie,WP,0,526940,0,9491,15,2578630,0,570393,0,484996
2023-08-16,wielkopolskie,WP,0,526940,0,9491,7,2578637,0,570393,0,484996
2023-08-17,wielkopolskie,WP,2,526942,0,9491,12,2578649,2,570395,0,484996
2023-08-18,wielkopolskie,WP,3,526945,0,9491,6,2578655,3,570398,0,484996
2023-08-19,wielkopolskie,WP,2,526947,0,9491,9,2578664,2,570400,0,484996
2023-08-20,wielkopolskie,WP,0,526947,0,9491,4,2578668,0,570400,0,484996
2023-08-21,wielkopolskie,WP,0,526947,0,9491,5,2578673,0,570400,0,484996
2023-08-22,wielkopolskie,WP,6,526953,0,9491,17,2578690,6,570406,0,484996
2023-08-23,wielkopolskie,WP,7,526960,0,9491,13,2578703,7,570413,0,484996
2023-08-24,wielkopolskie,WP,3,526963,0,9491,12,2578715,3,570416,0,484996
2023-08-25,wielkopolskie,WP,3,526966,0,9491,21,2578736,3,570419,0,484996
2023-08-26,wielkopolskie,WP,2,526968,0,9491,8,2578744,2,570421,0,484996
2023-08-27,wielkopolskie,WP,0,526968,0,9491,4,2578748,0,570421,0,484996
2023-08-28,wielkopolskie,WP,0,526968,0,9491,3,2578751,0,570421,0,484996
2023-08-29,wielkopolskie,WP,4,526972,0,9491,21,2578772,7,570428,0,484996
2023-08-30,wielkopolskie,WP,4,526976,1,9492,17,2578789,4,570432,0,484996
2023-08-31,wielkopolskie,WP,7,526983,0,9492,29,2578818,7,570439,0,484996
2023-09-01,wielkopolskie,WP,4,526987,0,9492,8,2578826,4,570443,0,484996
2023-09-02,wielkopolskie,WP,7,526994,0,9492,16,2578842,7,570450,0,484996
2023-09-03,wielkopolskie,WP,0,526994,0,9492,3,2578845,0,570450,0,484996
2023-09-04,wielkopolskie,WP,0,526994,0,9492,4,2578849,0,570450,0,484996
2023-09-05,wielkopolskie,WP,7,527001,0,9492,27,2578876,7,570457,0,484996
2023-09-06,wielkopolskie,WP,4,527005,0,9492,19,2578895,4,570461,0,484996
2023-09-07,wielkopolskie,WP,8,527013,0,9492,21,2578916,8,570469,0,484996
2023-09-08,wielkopolskie,WP,10,527023,0,9492,29,2578945,10,570479,0,484996
2023-09-09,wielkopolskie,WP,12,527035,0,9492,38,2578983,12,570491,0,484996
2023-09-10,wielkopolskie,WP,0,527035,0,9492,2,2578985,0,570491,0,484996
2023-09-11,wielkopolskie,WP,2,527037,0,9492,11,2578996,2,570493,0,484996
2023-09-12,wielkopolskie,WP,13,527050,0,9492,55,2579051,13,570506,0,484996
2023-09-13,wielkopolskie,WP,10,527060,0,9492,28,2579079,10,570516,0,484996
2023-09-14,wielkopolskie,WP,9,527069,0,9492,26,2579105,9,570525,0,484996
2023-09-15,wielkopolskie,WP,10,527079,0,9492,37,2579142,11,570536,0,484996
2023-09-16,wielkopolskie,WP,13,527092,0,9492,31,2579173,14,570550,0,484996
2023-09-17,wielkopolskie,WP,0,527092,0,9492,3,2579176,0,570550,0,484996
2023-09-18,wielkopolskie,WP,0,527092,0,9492,7,2579183,0,570550,0,484996
2023-09-19,wielkopolskie,WP,18,527110,0,9492,57,2579240,18,570568,0,484996
2023-09-20,wielkopolskie,WP,15,527125,0,9492,50,2579290,15,570583,0,484996
2023-09-21,wielkopolskie,WP,12,527137,0,9492,28,2579318,12,570595,0,484996
2023-09-22,wielkopolskie,WP,17,527154,0,9492,52,2579370,17,570612,0,484996
2023-09-23,wielkopolskie,WP,13,527167,0,9492,35,2579405,13,570625,0,484996
2023-09-24,wielkopolskie,WP,1,527168,0,9492,10,2579415,1,570626,0,484996
2023-09-25,wielkopolskie,WP,1,527169,0,9492,6,2579421,1,570627,0,484996
2023-09-26,wielkopolskie,WP,22,527191,0,9492,57,2579478,22,570649,0,484996
2023-09-27,wielkopolskie,WP,13,527204,0,9492,39,2579517,13,570662,0,484996
2023-09-28,wielkopolskie,WP,10,527214,0,9492,30,2579547,10,570672,0,484996
2023-09-29,wielkopolskie,WP,16,527230,0,9492,35,2579582,17,570689,0,484996
2023-09-30,wielkopolskie,WP,16,527246,1,9493,40,2579622,23,570712,0,484996
2023-10-01,wielkopolskie,WP,2,527248,0,9493,7,2579629,2,570714,0,484996
2023-10-02,wielkopolskie,WP,0,527248,0,9493,3,2579632,0,570714,0,484996
2023-10-03,wielkopolskie,WP,21,527269,0,9493,97,2579729,22,570736,0,484996
2023-10-04,wielkopolskie,WP,14,527283,0,9493,44,2579773,14,570750,0,484996
2023-10-05,wielkopolskie,WP,24,527307,0,9493,56,2579829,24,570774,0,484996
2023-10-06,wielkopolskie,WP,9,527316,0,9493,38,2579867,11,570785,0,484996
2023-10-07,wielkopolskie,WP,19,527335,0,9493,46,2579913,21,570806,0,484996
2023-10-08,wielkopolskie,WP,0,527335,0,9493,2,2579915,0,570806,0,484996
2023-10-09,wielkopolskie,WP,1,527336,0,9493,3,2579918,1,570807,0,484996
2023-10-10,wielkopolskie,WP,21,527357,0,9493,100,2580018,26,570833,0,484996
2023-10-11,wielkopolskie,WP,20,527377,0,9493,51,2580069,21,570854,0,484996
2023-10-12,wielkopolskie,WP,14,527391,0,9493,66,2580135,14,570868,0,484996
2023-10-13,wielkopolskie,WP,13,527404,0,9493,33,2580168,13,570881,0,484996
2023-10-14,wielkopolskie,WP,14,527418,1,9494,49,2580217,16,570897,0,484996
2023-10-15,wielkopolskie,WP,0,527418,0,9494,3,2580220,0,570897,0,484996
2023-10-16,wielkopolskie,WP,0,527418,0,9494,3,2580223,0,570897,0,484996
2023-10-17,wielkopolskie,WP,45,527463,0,9494,90,2580313,45,570942,0,484996
2023-10-18,wielkopolskie,WP,28,527491,0,9494,76,2580389,29,570971,0,484996
2023-10-19,wielkopolskie,WP,33,527524,0,9494,66,2580455,33,571004,0,484996
2023-10-20,wielkopolskie,WP,19,527543,0,9494,72,2580527,19,571023,0,484996
2023-10-21,wielkopolskie,WP,25,527568,1,9495,84,2580611,26,571049,0,484996
2023-10-22,wielkopolskie,WP,1,527569,0,9495,8,2580619,1,571050,0,484996
2023-10-23,wielkopolskie,WP,2,527571,0,9495,11,2580630,2,571052,0,484996
2023-10-24,wielkopolskie,WP,57,527628,0,9495,122,2580752,57,571109,0,484996
2023-10-25,wielkopolskie,WP,28,527656,0,9495,79,2580831,37,571146,0,484996
2023-10-26,wielkopolskie,WP,46,527702,0,9495,123,2580954,47,571193,0,484996
2023-10-27,wielkopolskie,WP,45,527747,0,9495,81,2581035,47,571240,0,484996
2023-10-28,wielkopolskie,WP,45,527792,0,9495,84,2581119,47,571287,0,484996
2023-10-29,wielkopolskie,WP,2,527794,0,9495,11,2581130,2,571289,0,484996
2023-10-30,wielkopolskie,WP,1,527795,0,9495,10,2581140,1,571290,0,484996
2023-10-31,wielkopolskie,WP,59,527854,0,9495,114,2581254,61,571351,0,484996
2023-11-01,wielkopolskie,WP,67,527921,0,9495,98,2581352,67,571418,0,484996
2023-11-02,wielkopolskie,WP,4,527925,0,9495,23,2581375,4,571422,0,484996
2023-11-03,wielkopolskie,WP,89,528014,0,9495,149,2581524,89,571511,0,484996
2023-11-04,wielkopolskie,WP,78,528092,0,9495,132,2581656,80,571591,0,484996
2023-11-05,wielkopolskie,WP,6,528098,0,9495,15,2581671,6,571597,0,484996
2023-11-06,wielkopolskie,WP,0,528098,0,9495,6,2581677,0,571597,0,484996
2023-11-07,wielkopolskie,WP,136,528234,0,9495,218,2581895,139,571736,0,484996
2023-11-08,wielkopolskie,WP,81,528315,1,9496,170,2582065,105,571841,0,484996
2023-11-09,wielkopolskie,WP,85,528400,2,9498,154,2582219,88,571929,0,484996
2023-11-10,wielkopolskie,WP,81,528481,0,9498,147,2582366,82,572011,0,484996
2023-11-11,wielkopolskie,WP,64,528545,0,9498,105,2582471,66,572077,0,484996
2023-11-12,wielkopolskie,WP,2,528547,0,9498,10,2582481,2,572079,0,484996
2023-11-13,wielkopolskie,WP,4,528551,0,9498,13,2582494,4,572083,0,484996
2023-11-14,wielkopolskie,WP,162,528713,0,9498,233,2582727,169,572252,0,484996
2023-11-15,wielkopolskie,WP,111,528824,1,9499,197,2582924,119,572371,0,484996
2023-11-16,wielkopolskie,WP,78,528902,0,9499,172,2583096,80,572451,0,484996
2023-11-17,wielkopolskie,WP,91,528993,0,9499,150,2583246,92,572543,0,484996
2023-11-18,wielkopolskie,WP,112,529105,2,9501,226,2583472,117,572660,0,484996
2023-11-19,wielkopolskie,WP,2,529107,0,9501,26,2583498,2,572662,0,484996
2023-11-20,wielkopolskie,WP,6,529113,0,9501,18,2583516,6,572668,0,484996
2023-11-21,wielkopolskie,WP,179,529292,0,9501,293,2583809,181,572849,0,484996
2023-11-22,wielkopolskie,WP,135,529427,0,9501,257,2584066,137,572986,0,484996
2023-11-23,wielkopolskie,WP,122,529549,3,9504,209,2584275,142,573128,0,484996
2023-11-24,wielkopolskie,WP,177,529726,1,9505,269,2584544,181,573309,0,484996
2023-11-25,wielkopolskie,WP,188,529914,2,9507,271,2584815,191,573500,0,484996
2023-11-26,wielkopolskie,WP,14,529928,0,9507,53,2584868,14,573514,0,484996
2023-11-27,wielkopolskie,WP,3,529931,0,9507,8,2584876,3,573517,0,484996
2023-11-28,wielkopolskie,WP,274,530205,0,9507,422,2585298,280,573797,0,484996
2023-11-29,wielkopolskie,WP,244,530449,1,9508,382,2585680,260,574057,0,484996
2023-11-30,wielkopolskie,WP,227,530676,2,9510,350,2586030,233,574290,0,484996
2023-12-01,wielkopolskie,WP,192,530868,1,9511,266,2586296,192,574482,0,484996
2023-12-02,wielkopolskie,WP,236,531104,1,9512,323,2586619,242,574724,0,484996
2023-12-03,wielkopolskie,WP,8,531112,0,9512,18,2586637,8,574732,0,484996
2023-12-04,wielkopolskie,WP,3,531115,0,9512,11,2586648,4,574736,0,484996
2023-12-05,wielkopolskie,WP,386,531501,1,9513,549,2587197,392,575128,0,484996
2023-12-06,wielkopolskie,WP,289,531790,1,9514,431,2587628,321,575449,0,484996
2023-12-07,wielkopolskie,WP,316,532106,2,9516,436,2588064,324,575773,0,484996
2023-12-08,wielkopolskie,WP,267,532373,0,9516,417,2588481,272,576045,0,484996
2023-12-09,wielkopolskie,WP,249,532622,0,9516,344,2588825,251,576296,0,484996
2023-12-10,wielkopolskie,WP,8,532630,0,9516,33,2588858,8,576304,0,484996
2023-12-11,wielkopolskie,WP,15,532645,0,9516,23,2588881,15,576319,0,484996
2023-12-12,wielkopolskie,WP,433,533078,0,9516,624,2589505,440,576759,0,484996
2023-12-13,wielkopolskie,WP,394,533472,2,9518,578,2590083,424,577183,0,484996
2023-12-14,wielkopolskie,WP,332,533804,2,9520,495,2590578,340,577523,0,484996
2023-12-15,wielkopolskie,WP,239,534043,0,9520,365,2590943,244,577767,0,484996
2023-12-16,wielkopolskie,WP,234,534277,1,9521,350,2591293,238,578005,0,484996
2023-12-17,wielkopolskie,WP,12,534289,0,9521,31,2591324,12,578017,0,484996
2023-12-18,wielkopolskie,WP,9,534298,0,9521,13,2591337,9,578026,0,484996
2023-12-19,wielkopolskie,WP,322,534620,5,9526,504,2591841,326,578352,0,484996
2023-12-20,wielkopolskie,WP,294,534914,1,9527,450,2592291,315,578667,0,484996
2023-12-21,wielkopolskie,WP,248,535162,6,9533,411,2592702,253,578920,0,484996
2023-12-22,wielkopolskie,WP,227,535389,1,9534,399,2593101,230,579150,0,484996
2023-12-23,wielkopolskie,WP,145,535534,1,9535,271,2593372,146,579296,0,484996
2023-12-24,wielkopolskie,WP,12,535546,0,9535,18,2593390,12,579308,0,484996
2023-12-25,wielkopolskie,WP,4,535550,0,9535,8,2593398,4,579312,0,484996
2023-12-26,wielkopolskie,WP,6,535556,0,9535,13,2593411,6,579318,0,484996
2023-12-27,wielkopolskie,WP,5,535561,0,9535,19,2593430,5,579323,0,484996
2023-12-28,wielkopolskie,WP,244,535805,4,9539,374,2593804,247,579570,0,484996
2023-12-29,wielkopolskie,WP,149,535954,6,9545,273,2594077,150,579720,0,484996
2023-12-30,wielkopolskie,WP,159,536113,2,9547,311,2594388,161,579881,0,484996
2023-12-31,wielkopolskie,WP,18,536131,0,9547,30,2594418,18,579899,0,484996
2024-01-01,wielkopolskie,WP,2,536133,0,9547,11,2594429,2,579901,0,484996
2024-01-02,wielkopolskie,WP,7,536140,0,9547,14,2594443,7,579908,0,484996
2024-01-03,wielkopolskie,WP,135,536275,2,9549,306,2594749,137,580045,0,484996
2024-01-04,wielkopolskie,WP,248,536523,6,9555,780,2595529,283,580328,0,484996
2024-01-05,wielkopolskie,WP,156,536679,2,9557,461,2595990,165,580493,0,484996
2024-01-06,wielkopolskie,WP,77,536756,9,9566,191,2596181,80,580573,0,484996
2024-01-07,wielkopolskie,WP,8,536764,0,9566,73,2596254,8,580581,0,484996
2024-01-08,wielkopolskie,WP,3,536767,0,9566,28,2596282,4,580585,0,484996
2024-01-09,wielkopolskie,WP,87,536854,0,9566,216,2596498,87,580672,0,484996
2024-01-10,wielkopolskie,WP,49,536903,3,9569,155,2596653,58,580730,0,484996
2024-01-11,wielkopolskie,WP,60,536963,0,9569,169,2596822,62,580792,0,484996
2024-01-12,wielkopolskie,WP,48,537011,1,9570,145,2596967,50,580842,0,484996
2024-01-13,wielkopolskie,WP,49,537060,1,9571,179,2597146,51,580893,0,484996
2024-01-14,wielkopolskie,WP,5,537065,0,9571,18,2597164,5,580898,0,484996
2024-01-15,wielkopolskie,WP,4,537069,0,9571,24,2597188,4,580902,0,484996
2024-01-16,wielkopolskie,WP,69,537138,1,9572,219,2597407,69,580971,0,484996
2024-01-17,wielkopolskie,WP,56,537194,0,9572,207,2597614,59,581030,0,484996
2024-01-18,wielkopolskie,WP,45,537239,1,9573,163,2597777,46,581076,0,484996
2024-01-19,wielkopolskie,WP,45,537284,2,9575,182,2597959,45,581121,0,484996
2024-01-20,wielkopolskie,WP,33,537317,1,9576,136,2598095,35,581156,0,484996
2024-01-21,wielkopolskie,WP,1,537318,0,9576,28,2598123,1,581157,0,484996
2024-01-22,wielkopolskie,WP,2,537320,0,9576,33,2598156,2,581159,0,484996
2024-01-23,wielkopolskie,WP,76,537396,2,9578,257,2598413,78,581237,0,484996
2024-01-24,wielkopolskie,WP,48,537444,0,9578,236,2598649,48,581285,0,484996
2024-01-25,wielkopolskie,WP,31,537475,0,9578,152,2598801,32,581317,0,484996
2024-01-26,wielkopolskie,WP,39,537514,0,9578,207,2599008,39,581356,0,484996
2024-01-27,wielkopolskie,WP,40,537554,0,9578,194,2599202,42,581398,0,484996
2024-01-28,wielkopolskie,WP,3,537557,0,9578,30,2599232,3,581401,0,484996
2024-01-29,wielkopolskie,WP,2,537559,0,9578,20,2599252,2,581403,0,484996
2024-01-30,wielkopolskie,WP,41,537600,1,9579,254,2599506,41,581444,0,484996
2024-01-31,wielkopolskie,WP,37,537637,0,9579,230,2599736,41,581485,0,484996
2024-02-01,wielkopolskie,WP,24,537661,0,9579,215,2599951,25,581510,0,484996
2024-02-02,wielkopolskie,WP,28,537689,2,9581,157,2600108,29,581539,0,484996
2024-02-03,wielkopolskie,WP,22,537711,0,9581,213,2600321,22,581561,0,484996
2024-02-04,wielkopolskie,WP,2,537713,0,9581,33,2600354,2,581563,0,484996
2024-02-05,wielkopolskie,WP,1,537714,0,9581,14,2600368,1,581564,0,484996
2024-02-06,wielkopolskie,WP,37,537751,1,9582,316,2600684,38,581602,0,484996
2024-02-07,wielkopolskie,WP,25,537776,0,9582,187,2600871,28,581630,0,484996
2024-02-08,wielkopolskie,WP,27,537803,2,9584,162,2601033,27,581657,0,484996
2024-02-09,wielkopolskie,WP,10,537813,0,9584,117,2601150,10,581667,0,484996
2024-02-10,wielkopolskie,WP,21,537834,0,9584,165,2601315,22,581689,0,484996
2024-02-11,wielkopolskie,WP,0,537834,0,9584,18,2601333,0,581689,0,484996
2024-02-12,wielkopolskie,WP,1,537835,0,9584,61,2601394,1,581690,0,484996
2024-02-13,wielkopolskie,WP,25,537860,1,9585,223,2601617,27,581717,0,484996
2024-02-14,wielkopolskie,WP,12,537872,1,9586,142,2601759,12,581729,0,484996
2024-02-15,wielkopolskie,WP,14,537886,0,9586,165,2601924,15,581744,0,484996
2024-02-16,wielkopolskie,WP,10,537896,0,9586,114,2602038,11,581755,0,484996
2024-02-17,wielkopolskie,WP,9,537905,0,9586,132,2602170,9,581764,0,484996
2024-02-18,wielkopolskie,WP,0,537905,0,9586,13,2602183,0,581764,0,484996
2024-02-19,wielkopolskie,WP,0,537905,0,9586,14,2602197,0,581764,0,484996
2024-02-20,wielkopolskie,WP,24,537929,0,9586,181,2602378,25,581789,0,484996
2024-02-21,wielkopolskie,WP,8,537937,0,9586,136,2602514,8,581797,0,484996
2024-02-22,wielkopolskie,WP,6,537943,0,9586,74,2602588,6,581803,0,484996
2024-02-23,wielkopolskie,WP,10,537953,0,9586,83,2602671,11,581814,0,484996
2024-02-24,wielkopolskie,WP,10,537963,0,9586,89,2602760,10,581824,0,484996
2024-02-25,wielkopolskie,WP,0,537963,0,9586,14,2602774,0,581824,0,484996
2024-02-26,wielkopolskie,WP,0,537963,0,9586,39,2602813,0,581824,0,484996
2024-02-27,wielkopolskie,WP,4,537967,0,9586,128,2602941,5,581829,0,484996
2024-02-28,wielkopolskie,WP,0,537967,0,9586,68,2603009,1,581830,0,484996
2024-02-29,wielkopolskie,WP,4,537971,0,9586,75,2603084,4,581834,0,484996
2024-03-01,wielkopolskie,WP,3,537974,0,9586,37,2603121,3,581837,0,484996
2024-03-02,wielkopolskie,WP,2,537976,2,9588,56,2603177,2,581839,0,484996
2024-03-03,wielkopolskie,WP,0,537976,0,9588,4,2603181,0,581839,0,484996
2024-03-04,wielkopolskie,WP,0,537976,0,9588,23,2603204,0,581839,0,484996
2024-03-05,wielkopolskie,WP,7,537983,0,9588,111,2603315,7,581846,0,484996
2024-03-06,wielkopolskie,WP,2,537985,0,9588,60,2603375,2,581848,0,484996
2024-03-07,wielkopolskie,WP,5,537990,0,9588,41,2603416,5,581853,0,484996
2024-03-08,wielkopolskie,WP,5,537995,0,9588,74,2603490,5,581858,0,484996
2024-03-09,wielkopolskie,WP,1,537996,0,9588,50,2603540,1,581859,0,484996
2024-03-10,wielkopolskie,WP,0,537996,0,9588,13,2603553,0,581859,0,484996
2024-03-11,wielkopolskie,WP,1,537997,0,9588,11,2603564,1,581860,0,484996
2024-03-12,wielkopolskie,WP,6,538003,0,9588,98,2603662,6,581866,0,484996
2024-03-13,wielkopolskie,WP,7,538010,0,9588,78,2603740,7,581873,0,484996
2024-03-14,wielkopolskie,WP,3,538013,0,9588,67,2603807,4,581877,0,484996
2024-03-15,wielkopolskie,WP,5,538018,0,9588,55,2603862,6,581883,0,484996
2024-03-16,wielkopolskie,WP,2,538020,0,9588,56,2603918,3,581886,0,484996
2024-03-17,wielkopolskie,WP,2,538022,0,9588,9,2603927,2,581888,0,484996
2024-03-18,wielkopolskie,WP,0,538022,0,9588,8,2603935,0,581888,0,484996
2024-03-19,wielkopolskie,WP,3,538025,0,9588,102,2604037,3,581891,0,484996
2024-03-20,wielkopolskie,WP,3,538028,1,9589,70,2604107,3,581894,0,484996
2024-03-21,wielkopolskie,WP,2,538030,0,9589,55,2604162,2,581896,0,484996
2024-03-22,wielkopolskie,WP,1,538031,0,9589,75,2604237,1,581897,0,484996
2024-03-23,wielkopolskie,WP,4,538035,0,9589,54,2604291,4,581901,0,484996
2024-03-24,wielkopolskie,WP,0,538035,0,9589,11,2604302,0,581901,0,484996
2024-03-25,wielkopolskie,WP,0,538035,0,9589,9,2604311,0,581901,0,484996
2024-03-26,wielkopolskie,WP,6,538041,0,9589,65,2604376,6,581907,0,484996
2024-03-27,wielkopolskie,WP,0,538041,0,9589,54,2604430,0,581907,0,484996
2024-03-28,wielkopolskie,WP,5,538046,0,9589,50,2604480,5,581912,0,484996
2024-03-29,wielkopolskie,WP,2,538048,0,9589,29,2604509,2,581914,0,484996
2024-03-30,wielkopolskie,WP,4,538052,0,9589,51,2604560,4,581918,0,484996
2024-03-31,wielkopolskie,WP,0,538052,0,9589,14,2604574,0,581918,0,484996
2024-04-01,wielkopolskie,WP,1,538053,0,9589,6,2604580,1,581919,0,484996
2024-04-02,wielkopolskie,WP,0,538053,0,9589,10,2604590,0,581919,0,484996
2024-04-03,wielkopolskie,WP,4,538057,1,9590,50,2604640,5,581924,0,484996
2024-04-19,wielkopolskie,WP,0,538057,0,9590,20,2604660,0,581924,0,484996
2024-04-20,wielkopolskie,WP,0,538057,0,9590,28,2604688,0,581924,0,484996
2024-04-21,wielkopolskie,WP,0,538057,0,9590,14,2604702,0,581924,0,484996
2024-04-22,wielkopolskie,WP,0,538057,0,9590,9,2604711,0,581924,0,484996
2024-04-23,wielkopolskie,WP,0,538057,0,9590,33,2604744,0,581924,0,484996
2024-04-24,wielkopolskie,WP,4,538061,0,9590,33,2604777,4,581928,0,484996
2024-04-25,wielkopolskie,WP,0,538061,0,9590,19,2604796,0,581928,0,484996
2024-04-26,wielkopolskie,WP,1,538062,0,9590,24,2604820,1,581929,0,484996
2024-04-27,wielkopolskie,WP,1,538063,0,9590,30,2604850,1,581930,0,484996
2024-04-28,wielkopolskie,WP,0,538063,0,9590,6,2604856,0,581930,0,484996
2024-04-29,wielkopolskie,WP,0,538063,0,9590,9,2604865,0,581930,0,484996
2024-04-30,wielkopolskie,WP,3,538066,0,9590,16,2604881,3,581933,0,484996
2024-05-01,wielkopolskie,WP,2,538068,0,9590,20,2604901,2,581935,0,484996
2024-05-02,wielkopolskie,WP,0,538068,0,9590,7,2604908,0,581935,0,484996
2024-05-03,wielkopolskie,WP,2,538070,0,9590,20,2604928,2,581937,0,484996
2024-05-04,wielkopolskie,WP,0,538070,0,9590,9,2604937,0,581937,0,484996
2024-05-05,wielkopolskie,WP,0,538070,0,9590,2,2604939,0,581937,0,484996
2024-05-06,wielkopolskie,WP,0,538070,0,9590,3,2604942,0,581937,0,484996
2024-05-07,wielkopolskie,WP,3,538073,0,9590,25,2604967,3,581940,0,484996
2024-05-08,wielkopolskie,WP,1,538074,0,9590,19,2604986,1,581941,0,484996
2024-05-09,wielkopolskie,WP,1,538075,0,9590,15,2605001,1,581942,0,484996
2024-05-10,wielkopolskie,WP,0,538075,0,9590,9,2605010,0,581942,0,484996
2024-05-11,wielkopolskie,WP,4,538079,0,9590,18,2605028,4,581946,0,484996
2024-05-12,wielkopolskie,WP,0,538079,0,9590,4,2605032,0,581946,0,484996
2024-05-13,wielkopolskie,WP,0,538079,0,9590,7,2605039,0,581946,0,484996
2024-05-14,wielkopolskie,WP,6,538085,0,9590,20,2605059,6,581952,0,484996
2024-05-15,wielkopolskie,WP,3,538088,0,9590,29,2605088,3,581955,0,484996
2024-05-16,wielkopolskie,WP,2,538090,0,9590,21,2605109,2,581957,0,484996
2024-05-17,wielkopolskie,WP,3,538093,0,9590,19,2605128,3,581960,0,484996
2024-05-18,wielkopolskie,WP,1,538094,0,9590,9,2605137,1,581961,0,484996
2024-05-19,wielkopolskie,WP,1,538095,0,9590,6,2605143,1,581962,0,484996
2024-05-20,wielkopolskie,WP,1,538096,0,9590,8,2605151,1,581963,0,484996
2024-05-21,wielkopolskie,WP,1,538097,0,9590,29,2605180,1,581964,0,484996
2024-05-22,wielkopolskie,WP,4,538101,0,9590,29,2605209,4,581968,0,484996
2024-05-23,wielkopolskie,WP,2,538103,0,9590,16,2605225,2,581970,0,484996
2024-05-24,wielkopolskie,WP,2,538105,0,9590,37,2605262,2,581972,0,484996
2024-05-25,wielkopolskie,WP,2,538107,0,9590,14,2605276,2,581974,0,484996
2024-05-26,wielkopolskie,WP,0,538107,0,9590,1,2605277,0,581974,0,484996
2024-05-27,wielkopolskie,WP,0,538107,0,9590,3,2605280,0,581974,0,484996
2024-05-28,wielkopolskie,WP,3,538110,0,9590,19,2605299,3,581977,0,484996
2024-05-29,wielkopolskie,WP,2,538112,0,9590,9,2605308,2,581979,0,484996
2024-05-30,wielkopolskie,WP,1,538113,0,9590,12,2605320,1,581980,0,484996
2024-05-31,wielkopolskie,WP,0,538113,0,9590,11,2605331,0,581980,0,484996
2024-06-01,wielkopolskie,WP,2,538115,0,9590,8,2605339,2,581982,0,484996
2024-06-02,wielkopolskie,WP,0,538115,0,9590,2,2605341,0,581982,0,484996
2024-06-03,wielkopolskie,WP,0,538115,0,9590,5,2605346,0,581982,0,484996
2024-06-04,wielkopolskie,WP,3,538118,0,9590,22,2605368,3,581985,0,484996
2024-06-05,wielkopolskie,WP,2,538120,0,9590,14,2605382,2,581987,0,484996
2024-06-06,wielkopolskie,WP,3,538123,0,9590,15,2605397,3,581990,0,484996
2024-06-07,wielkopolskie,WP,1,538124,0,9590,22,2605419,1,581991,0,484996
2024-06-08,wielkopolskie,WP,1,538125,0,9590,18,2605437,1,581992,0,484996
2024-06-09,wielkopolskie,WP,0,538125,0,9590,4,2605441,0,581992,0,484996
2024-06-10,wielkopolskie,WP,0,538125,0,9590,1,2605442,0,581992,0,484996
2024-06-11,wielkopolskie,WP,4,538129,0,9590,15,2605457,4,581996,0,484996
2024-06-12,wielkopolskie,WP,7,538136,0,9590,32,2605489,7,582003,0,484996
2024-06-13,wielkopolskie,WP,1,538137,0,9590,8,2605497,1,582004,0,484996
2024-06-14,wielkopolskie,WP,4,538141,0,9590,26,2605523,4,582008,0,484996
2024-06-15,wielkopolskie,WP,4,538145,0,9590,13,2605536,4,582012,0,484996
2024-06-16,wielkopolskie,WP,0,538145,0,9590,2,2605538,0,582012,0,484996
2024-06-17,wielkopolskie,WP,0,538145,0,9590,2,2605540,0,582012,0,484996
2024-06-18,wielkopolskie,WP,7,538152,0,9590,26,2605566,7,582019,0,484996
2024-06-19,wielkopolskie,WP,7,538159,0,9590,20,2605586,7,582026,0,484996
2024-06-20,wielkopolskie,WP,6,538165,0,9590,18,2605604,6,582032,0,484996
2024-06-21,wielkopolskie,WP,4,538169,0,9590,19,2605623,4,582036,0,484996
2024-06-22,wielkopolskie,WP,3,538172,0,9590,27,2605650,3,582039,0,484996
2024-06-23,wielkopolskie,WP,0,538172,0,9590,4,2605654,0,582039,0,484996
2024-06-24,wielkopolskie,WP,0,538172,0,9590,10,2605664,0,582039,0,484996
2024-06-25,wielkopolskie,WP,9,538181,0,9590,35,2605699,9,582048,0,484996
2024-06-26,wielkopolskie,WP,4,538185,0,9590,21,2605720,4,582052,0,484996
2024-06-27,wielkopolskie,WP,5,538190,1,9591,22,2605742,5,582057,0,484996
2024-06-28,wielkopolskie,WP,10,538200,0,9591,17,2605759,10,582067,0,484996
2024-06-29,wielkopolskie,WP,4,538204,0,9591,19,2605778,5,582072,0,484996
2024-06-30,wielkopolskie,WP,0,538204,0,9591,7,2605785,0,582072,0,484996
2024-07-01,wielkopolskie,WP,0,538204,0,9591,6,2605791,0,582072,0,484996
2020-11-24,zachodniopomorskie,ZP,460,460,39,39,1841,1841,522,522,0,0
2020-11-25,zachodniopomorskie,ZP,1014,1474,17,56,3048,4889,1121,1643,0,0
2020-11-26,zachodniopomorskie,ZP,994,2468,23,79,2966,7855,1051,2694,0,0
2020-11-27,zachodniopomorskie,ZP,916,3384,22,101,2751,10606,960,3654,0,0
2020-11-28,zachodniopomorskie,ZP,907,4291,16,117,2621,13227,958,4612,0,0
2020-11-29,zachodniopomorskie,ZP,784,5075,6,123,2483,15710,853,5465,0,0
2020-11-30,zachodniopomorskie,ZP,603,5678,1,124,1594,17304,633,6098,0,0
2020-12-01,zachodniopomorskie,ZP,463,6141,8,132,1607,18911,520,6618,0,0
2020-12-02,zachodniopomorskie,ZP,754,6895,24,156,2622,21533,818,7436,0,0
2020-12-03,zachodniopomorskie,ZP,945,7840,26,182,3194,24727,988,8424,0,0
2020-12-04,zachodniopomorskie,ZP,998,8838,28,210,2936,27663,1071,9495,0,0
2020-12-05,zachodniopomorskie,ZP,978,9816,20,230,3114,30777,1089,10584,0,0
2020-12-06,zachodniopomorskie,ZP,678,10494,16,246,2528,33305,736,11320,0,0
2020-12-07,zachodniopomorskie,ZP,529,11023,1,247,1738,35043,609,11929,0,0
2020-12-08,zachodniopomorskie,ZP,489,11512,16,263,1940,36983,597,12526,0,0
2020-12-09,zachodniopomorskie,ZP,934,12446,35,298,3032,40015,1036,13562,0,0
2020-12-10,zachodniopomorskie,ZP,961,13407,8,306,2957,42972,1025,14587,0,0
2020-12-11,zachodniopomorskie,ZP,1120,14527,30,336,3269,46241,1225,15812,0,0
2020-12-12,zachodniopomorskie,ZP,976,15503,17,353,3334,49575,1155,16967,0,0
2020-12-13,zachodniopomorskie,ZP,600,16103,16,369,2066,51641,706,17673,0,0
2020-12-14,zachodniopomorskie,ZP,569,16672,2,371,1976,53617,657,18330,0,0
2020-12-15,zachodniopomorskie,ZP,336,17008,4,375,2181,55798,491,18821,0,0
2020-12-16,zachodniopomorskie,ZP,1071,18079,24,399,3056,58854,1158,19979,0,0
2020-12-17,zachodniopomorskie,ZP,1132,19211,17,416,3165,62019,1222,21201,0,0
2020-12-18,zachodniopomorskie,ZP,965,20176,29,445,3030,65049,1026,22227,0,0
2020-12-19,zachodniopomorskie,ZP,970,21146,26,471,2916,67965,1033,23260,0,0
2020-12-20,zachodniopomorskie,ZP,782,21928,8,479,2342,70307,851,24111,0,0
2020-12-21,zachodniopomorskie,ZP,566,22494,2,481,2561,72868,956,25067,0,0
2020-12-22,zachodniopomorskie,ZP,396,22890,24,505,1638,74506,489,25556,0,0
2020-12-23,zachodniopomorskie,ZP,993,23883,19,524,3159,77665,1119,26675,0,0
2020-12-24,zachodniopomorskie,ZP,1006,24889,27,551,2861,80526,1090,27765,533,533
2020-12-25,zachodniopomorskie,ZP,990,25879,27,578,2568,83094,1044,28809,1182,1715
2020-12-26,zachodniopomorskie,ZP,557,26436,4,582,1375,84469,612,29421,877,2592
2020-12-27,zachodniopomorskie,ZP,270,26706,3,585,916,85385,317,29738,997,3589
2020-12-28,zachodniopomorskie,ZP,282,26988,0,585,1138,86523,333,30071,1059,4648
2020-12-29,zachodniopomorskie,ZP,713,27701,9,594,2692,89215,815,30886,655,5303
2020-12-30,zachodniopomorskie,ZP,996,28697,30,624,2867,92082,1073,31959,680,5983
2020-12-31,zachodniopomorskie,ZP,900,29597,33,657,2594,94676,964,32923,502,6485
2021-01-01,zachodniopomorskie,ZP,951,30548,18,675,2543,97219,1014,33937,1126,7611
2021-01-02,zachodniopomorskie,ZP,538,31086,3,678,1529,98748,629,34566,891,8502
2021-01-03,zachodniopomorskie,ZP,518,31604,4,682,1730,100478,603,35169,801,9303
2021-01-04,zachodniopomorskie,ZP,436,32040,3,685,1794,102272,548,35717,537,9840
2021-01-05,zachodniopomorskie,ZP,569,32609,8,693,2251,104523,686,36403,410,10250
2021-01-06,zachodniopomorskie,ZP,921,33530,30,723,3125,107648,986,37389,321,10571
2021-01-08,zachodniopomorskie,ZP,554,34084,15,738,2138,109786,710,38099,949,11520
2021-01-09,zachodniopomorskie,ZP,843,34927,37,775,3304,113090,1098,39197,1005,12525
2021-01-10,zachodniopomorskie,ZP,936,35863,13,788,2649,115739,989,40186,819,13344
2021-01-11,zachodniopomorskie,ZP,570,36433,5,793,1954,117693,660,40846,530,13874
2021-01-12,zachodniopomorskie,ZP,400,36833,9,802,2601,120294,578,41424,672,14546
2021-01-13,zachodniopomorskie,ZP,700,37533,42,844,4066,124360,795,42219,500,15046
2021-01-14,zachodniopomorskie,ZP,788,38321,28,872,4354,128714,849,43068,604,15650
2021-01-15,zachodniopomorskie,ZP,748,39069,26,898,4151,132865,892,43960,1011,16661
2021-01-16,zachodniopomorskie,ZP,629,39698,31,929,3184,136049,818,44778,1221,17882
2021-01-17,zachodniopomorskie,ZP,324,40022,20,949,2990,139039,477,45255,623,18505
2021-01-18,zachodniopomorskie,ZP,292,40314,1,950,1449,140488,318,45573,919,19424
2021-01-19,zachodniopomorskie,ZP,392,40706,14,964,2498,142986,483,46056,853,20277
2021-01-20,zachodniopomorskie,ZP,550,41256,21,985,2648,145634,589,46645,547,20824
2021-01-21,zachodniopomorskie,ZP,469,41725,26,1011,2546,148180,522,47167,464,21288
2021-01-22,zachodniopomorskie,ZP,504,42229,19,1030,2436,150616,555,47722,746,22034
2021-01-23,zachodniopomorskie,ZP,477,42706,14,1044,2321,152937,510,48232,878,22912
2021-01-24,zachodniopomorskie,ZP,259,42965,6,1050,1512,154449,285,48517,654,23566
2021-01-25,zachodniopomorskie,ZP,130,43095,0,1050,925,155374,149,48666,641,24207
2021-01-26,zachodniopomorskie,ZP,298,43393,12,1062,2109,157483,338,49004,372,24579
2021-01-27,zachodniopomorskie,ZP,401,43794,14,1076,2257,159740,477,49481,317,24896
2021-01-28,zachodniopomorskie,ZP,420,44214,17,1093,2278,162018,473,49954,389,25285
2021-01-29,zachodniopomorskie,ZP,411,44625,25,1118,2125,164143,432,50386,537,25822
2021-01-30,zachodniopomorskie,ZP,396,45021,22,1140,2116,166259,431,50817,545,26367
2021-01-31,zachodniopomorskie,ZP,293,45314,9,1149,1544,167803,317,51134,455,26822
2021-02-01,zachodniopomorskie,ZP,182,45496,3,1152,1133,168936,200,51334,503,27325
2021-02-02,zachodniopomorskie,ZP,272,45768,14,1166,2132,171068,302,51636,328,27653
2021-02-03,zachodniopomorskie,ZP,378,46146,28,1194,2161,173229,402,52038,160,27813
2021-02-04,zachodniopomorskie,ZP,341,46487,21,1215,2255,175484,374,52412,308,28121
2021-02-05,zachodniopomorskie,ZP,328,46815,14,1229,1887,177371,358,52770,437,28558
2021-02-06,zachodniopomorskie,ZP,278,47093,19,1248,1833,179204,310,53080,454,29012
2021-02-07,zachodniopomorskie,ZP,228,47321,6,1254,1440,180644,253,53333,395,29407
2021-02-08,zachodniopomorskie,ZP,122,47443,5,1259,1034,181678,138,53471,400,29807
2021-02-09,zachodniopomorskie,ZP,192,47635,9,1268,2315,183993,233,53704,300,30107
2021-02-10,zachodniopomorskie,ZP,353,47988,18,1286,2277,186270,370,54074,173,30280
2021-02-11,zachodniopomorskie,ZP,272,48260,14,1300,2135,188405,321,54395,283,30563
2021-02-12,zachodniopomorskie,ZP,316,48576,19,1319,2191,190596,358,54753,372,30935
2021-02-13,zachodniopomorskie,ZP,333,48909,17,1336,2191,192787,362,55115,371,31306
2021-02-14,zachodniopomorskie,ZP,214,49123,5,1341,1469,194256,235,55350,320,31626
2021-02-15,zachodniopomorskie,ZP,111,49234,2,1343,1035,195291,136,55486,316,31942
2021-02-16,zachodniopomorskie,ZP,245,49479,6,1349,2195,197486,279,55765,232,32174
2021-02-17,zachodniopomorskie,ZP,430,49909,9,1358,2429,199915,450,56215,126,32300
2021-02-18,zachodniopomorskie,ZP,428,50337,6,1364,2440,202355,464,56679,240,32540
2021-02-19,zachodniopomorskie,ZP,346,50683,9,1373,1857,204212,367,57046,346,32886
2021-02-20,zachodniopomorskie,ZP,373,51056,17,1390,2274,206486,411,57457,362,33248
2021-02-21,zachodniopomorskie,ZP,230,51286,8,1398,1542,208028,249,57706,243,33491
2021-02-22,zachodniopomorskie,ZP,111,51397,1,1399,995,209023,132,57838,336,33827
2021-02-23,zachodniopomorskie,ZP,330,51727,8,1407,2022,211045,381,58219,211,34038
2021-02-24,zachodniopomorskie,ZP,412,52139,15,1422,2615,213660,456,58675,119,34157
2021-02-25,zachodniopomorskie,ZP,461,52600,22,1444,2384,216044,509,59184,278,34435
2021-02-26,zachodniopomorskie,ZP,395,52995,21,1465,2064,218108,425,59609,438,34873
2021-02-27,zachodniopomorskie,ZP,455,53450,11,1476,2332,220440,508,60117,413,35286
2021-02-28,zachodniopomorskie,ZP,288,53738,11,1487,1863,222303,333,60450,347,35633
2021-03-01,zachodniopomorskie,ZP,139,53877,1,1488,1086,223389,164,60614,333,35966
2021-03-02,zachodniopomorskie,ZP,247,54124,1,1489,1846,225235,255,60869,275,36241
2021-03-03,zachodniopomorskie,ZP,605,54729,12,1501,2968,228203,663,61532,137,36378
2021-03-04,zachodniopomorskie,ZP,476,55205,16,1517,2577,230780,508,62040,358,36736
2021-03-05,zachodniopomorskie,ZP,467,55672,9,1526,2067,232847,491,62531,374,37110
2021-03-06,zachodniopomorskie,ZP,486,56158,10,1536,2452,235299,531,63062,529,37639
2021-03-07,zachodniopomorskie,ZP,372,56530,5,1541,1802,237101,408,63470,382,38021
2021-03-08,zachodniopomorskie,ZP,188,56718,0,1541,1139,238240,211,63681,407,38428
2021-03-09,zachodniopomorskie,ZP,289,57007,2,1543,2111,240351,324,64005,303,38731
2021-03-10,zachodniopomorskie,ZP,478,57485,10,1553,2650,243001,523,64528,159,38890
2021-03-11,zachodniopomorskie,ZP,698,58183,11,1564,3301,246302,756,65284,355,39245
2021-03-12,zachodniopomorskie,ZP,702,58885,18,1582,2858,249160,743,66027,476,39721
2021-03-13,zachodniopomorskie,ZP,527,59412,11,1593,2497,251657,561,66588,571,40292
2021-03-14,zachodniopomorskie,ZP,447,59859,6,1599,1907,253564,482,67070,439,40731
2021-03-15,zachodniopomorskie,ZP,344,60203,0,1599,1534,255098,367,67437,467,41198
2021-03-16,zachodniopomorskie,ZP,458,60661,7,1606,2491,257589,527,67964,376,41574
2021-03-17,zachodniopomorskie,ZP,795,61456,12,1618,3311,260900,869,68833,175,41749
2021-03-18,zachodniopomorskie,ZP,820,62276,19,1637,2917,263817,859,69692,402,42151
2021-03-19,zachodniopomorskie,ZP,899,63175,12,1649,3320,267137,1009,70701,519,42670
2021-03-20,zachodniopomorskie,ZP,864,64039,9,1658,3014,270151,917,71618,658,43328
2021-03-21,zachodniopomorskie,ZP,662,64701,7,1665,2210,272361,727,72345,617,43945
2021-03-22,zachodniopomorskie,ZP,517,65218,1,1666,2178,274539,559,72904,533,44478
2021-03-23,zachodniopomorskie,ZP,402,65620,4,1670,2273,276812,473,73377,506,44984
2021-03-24,zachodniopomorskie,ZP,1096,66716,19,1689,3828,280640,1166,74543,317,45301
2021-03-25,zachodniopomorskie,ZP,1163,67879,23,1712,3734,284374,1241,75784,433,45734
2021-03-26,zachodniopomorskie,ZP,1113,68992,8,1720,3973,288347,1213,76997,832,46566
2021-03-27,zachodniopomorskie,ZP,1038,70030,12,1732,3827,292174,1134,78131,895,47461
2021-03-28,zachodniopomorskie,ZP,872,70902,9,1741,3044,295218,944,79075,845,48306
2021-03-29,zachodniopomorskie,ZP,643,71545,1,1742,2256,297474,686,79761,854,49160
2021-03-30,zachodniopomorskie,ZP,728,72273,9,1751,3376,300850,798,80559,715,49875
2021-03-31,zachodniopomorskie,ZP,1330,73603,15,1766,4449,305299,1450,82009,547,50422
2021-04-01,zachodniopomorskie,ZP,1074,74677,22,1788,4107,309406,1150,83159,715,51137
2021-04-02,zachodniopomorskie,ZP,1184,75861,13,1801,3813,313219,1276,84435,928,52065
2021-04-03,zachodniopomorskie,ZP,922,76783,13,1814,3283,316502,1001,85436,1287,53352
2021-04-04,zachodniopomorskie,ZP,700,77483,14,1828,2608,319110,766,86202,1053,54405
2021-04-05,zachodniopomorskie,ZP,307,77790,1,1829,1371,320481,343,86545,925,55330
2021-04-06,zachodniopomorskie,ZP,274,78064,1,1830,1810,322291,340,86885,887,56217
2021-04-07,zachodniopomorskie,ZP,704,78768,7,1837,3888,326179,788,87673,783,57000
2021-04-08,zachodniopomorskie,ZP,786,79554,18,1855,3608,329787,862,88535,813,57813
2021-04-09,zachodniopomorskie,ZP,999,80553,25,1880,4432,334219,1066,89601,1083,58896
2021-04-10,zachodniopomorskie,ZP,1008,81561,19,1899,4329,338548,1105,90706,1231,60127
2021-04-11,zachodniopomorskie,ZP,701,82262,6,1905,3490,342038,760,91466,1050,61177
2021-04-12,zachodniopomorskie,ZP,484,82746,2,1907,2593,344631,542,92008,875,62052
2021-04-13,zachodniopomorskie,ZP,543,83289,4,1911,3343,347974,594,92602,779,62831
2021-04-14,zachodniopomorskie,ZP,839,84128,31,1942,4274,352248,920,93522,362,63193
2021-04-15,zachodniopomorskie,ZP,824,84952,24,1966,3767,356015,901,94423,351,63544
2021-04-16,zachodniopomorskie,ZP,738,85690,27,1993,3605,359620,821,95244,725,64269
2021-04-17,zachodniopomorskie,ZP,641,86331,13,2006,3568,363188,692,95936,1014,65283
2021-04-18,zachodniopomorskie,ZP,345,86676,10,2016,2303,365491,388,96324,994,66277
2021-04-19,zachodniopomorskie,ZP,356,87032,4,2020,2010,367501,387,96711,880,67157
2021-04-20,zachodniopomorskie,ZP,490,87522,7,2027,3203,370704,579,97290,710,67867
2021-04-21,zachodniopomorskie,ZP,667,88189,23,2050,3668,374372,754,98044,524,68391
2021-04-22,zachodniopomorskie,ZP,601,88790,27,2077,3510,377882,669,98713,683,69074
2021-04-23,zachodniopomorskie,ZP,521,89311,26,2103,2603,380485,561,99274,777,69851
2021-04-24,zachodniopomorskie,ZP,404,89715,26,2129,2885,383370,463,99737,885,70736
2021-04-25,zachodniopomorskie,ZP,318,90033,19,2148,2190,385560,391,100128,743,71479
2021-04-26,zachodniopomorskie,ZP,175,90208,0,2148,1875,387435,216,100344,646,72125
2021-04-27,zachodniopomorskie,ZP,315,90523,15,2163,2806,390241,351,100695,475,72600
2021-04-28,zachodniopomorskie,ZP,447,90970,26,2189,3278,393519,512,101207,322,72922
2021-04-29,zachodniopomorskie,ZP,405,91375,17,2206,3158,396677,463,101670,497,73419
2021-04-30,zachodniopomorskie,ZP,367,91742,9,2215,2663,399340,422,102092,641,74060
2021-05-01,zachodniopomorskie,ZP,355,92097,16,2231,2873,402213,390,102482,675,74735
2021-05-02,zachodniopomorskie,ZP,199,92296,14,2245,1857,404070,232,102714,478,75213
2021-05-03,zachodniopomorskie,ZP,130,92426,3,2248,1310,405380,150,102864,412,75625
2021-05-04,zachodniopomorskie,ZP,123,92549,0,2248,1378,406758,144,103008,318,75943
2021-05-05,zachodniopomorskie,ZP,248,92797,5,2253,2755,409513,276,103284,205,76148
2021-05-06,zachodniopomorskie,ZP,280,93077,18,2271,2751,412264,312,103596,340,76488
2021-05-07,zachodniopomorskie,ZP,317,93394,18,2289,2900,415164,348,103944,472,76960
2021-05-08,zachodniopomorskie,ZP,224,93618,17,2306,2513,417677,260,104204,432,77392
2021-05-09,zachodniopomorskie,ZP,192,93810,13,2319,2112,419789,206,104410,359,77751
2021-05-10,zachodniopomorskie,ZP,140,93950,0,2319,1700,421489,150,104560,388,78139
2021-05-11,zachodniopomorskie,ZP,174,94124,8,2327,2737,424226,197,104757,221,78360
2021-05-12,zachodniopomorskie,ZP,204,94328,16,2343,2923,427149,248,105005,135,78495
2021-05-13,zachodniopomorskie,ZP,160,94488,17,2360,2393,429542,176,105181,157,78652
2021-05-14,zachodniopomorskie,ZP,215,94703,11,2371,2721,432263,239,105420,225,78877
2021-05-15,zachodniopomorskie,ZP,127,94830,20,2391,2616,434879,162,105582,324,79201
2021-05-16,zachodniopomorskie,ZP,73,94903,6,2397,1890,436769,84,105666,277,79478
2021-05-17,zachodniopomorskie,ZP,66,94969,0,2397,1430,438199,77,105743,222,79700
2021-05-18,zachodniopomorskie,ZP,125,95094,9,2406,2977,441176,141,105884,219,79919
2021-05-19,zachodniopomorskie,ZP,137,95231,12,2418,2787,443963,153,106037,137,80056
2021-05-20,zachodniopomorskie,ZP,124,95355,10,2428,2593,446556,143,106180,192,80248
2021-05-21,zachodniopomorskie,ZP,92,95447,9,2437,2483,449039,106,106286,214,80462
2021-05-22,zachodniopomorskie,ZP,72,95519,10,2447,2578,451617,86,106372,208,80670
2021-05-23,zachodniopomorskie,ZP,48,95567,0,2447,1665,453282,56,106428,197,80867
2021-05-24,zachodniopomorskie,ZP,34,95601,1,2448,1390,454672,39,106467,153,81020
2021-05-25,zachodniopomorskie,ZP,73,95674,2,2450,3136,457808,90,106557,96,81116
2021-05-26,zachodniopomorskie,ZP,74,95748,7,2457,2962,460770,96,106653,78,81194
2021-05-27,zachodniopomorskie,ZP,74,95822,6,2463,2795,463565,94,106747,123,81317
2021-05-28,zachodniopomorskie,ZP,56,95878,6,2469,2342,465907,64,106811,134,81451
2021-05-29,zachodniopomorskie,ZP,39,95917,9,2478,2557,468464,47,106858,136,81587
2021-05-30,zachodniopomorskie,ZP,20,95937,2,2480,1810,470274,22,106880,97,81684
2021-05-31,zachodniopomorskie,ZP,20,95957,0,2480,1324,471598,25,106905,71,81755
2021-06-01,zachodniopomorskie,ZP,32,95989,1,2481,2842,474440,43,106948,69,81824
2021-06-02,zachodniopomorskie,ZP,38,96027,11,2492,2392,476832,43,106991,45,81869
2021-06-03,zachodniopomorskie,ZP,32,96059,7,2499,2407,479239,44,107035,62,81931
2021-06-04,zachodniopomorskie,ZP,19,96078,3,2502,1347,480586,21,107056,78,82009
2021-06-05,zachodniopomorskie,ZP,18,96096,1,2503,2146,482732,25,107081,70,82079
2021-06-06,zachodniopomorskie,ZP,14,96110,1,2504,1834,484566,18,107099,63,82142
2021-06-07,zachodniopomorskie,ZP,9,96119,1,2505,1344,485910,12,107111,36,82178
2021-06-08,zachodniopomorskie,ZP,20,96139,3,2508,2824,488734,26,107137,23,82201
2021-06-09,zachodniopomorskie,ZP,28,96167,4,2512,2619,491353,39,107176,30,82231
2021-06-10,zachodniopomorskie,ZP,9,96176,1,2513,2121,493474,15,107191,38,82269
2021-06-11,zachodniopomorskie,ZP,15,96191,5,2518,2093,495567,18,107209,36,82305
2021-06-12,zachodniopomorskie,ZP,13,96204,4,2522,2038,497605,20,107229,45,82350
2021-06-13,zachodniopomorskie,ZP,4,96208,2,2524,1647,499252,5,107234,17,82367
2021-06-14,zachodniopomorskie,ZP,6,96214,0,2524,1363,500615,9,107243,18,82385
2021-06-15,zachodniopomorskie,ZP,13,96227,1,2525,2594,503209,19,107262,15,82400
2021-06-16,zachodniopomorskie,ZP,20,96247,1,2526,2313,505522,26,107288,13,82413
2021-06-17,zachodniopomorskie,ZP,16,96263,0,2526,2325,507847,19,107307,19,82432
2021-06-18,zachodniopomorskie,ZP,6,96269,1,2527,1889,509736,6,107313,32,82464
2021-06-19,zachodniopomorskie,ZP,11,96280,3,2530,1862,511598,15,107328,13,82477
2021-06-20,zachodniopomorskie,ZP,4,96284,2,2532,1268,512866,7,107335,14,82491
2021-06-21,zachodniopomorskie,ZP,1,96285,1,2533,992,513858,2,107337,15,82506
2021-06-22,zachodniopomorskie,ZP,10,96295,1,2534,2880,516738,16,107353,8,82514
2021-06-23,zachodniopomorskie,ZP,13,96308,2,2536,2613,519351,16,107369,10,82524
2021-06-24,zachodniopomorskie,ZP,5,96313,2,2538,1999,521350,7,107376,15,82539
2021-06-25,zachodniopomorskie,ZP,7,96320,0,2538,1653,523003,8,107384,18,82557
2021-06-26,zachodniopomorskie,ZP,4,96324,2,2540,1444,524447,4,107388,9,82566
2021-06-27,zachodniopomorskie,ZP,3,96327,1,2541,1149,525596,3,107391,8,82574
2021-06-28,zachodniopomorskie,ZP,1,96328,0,2541,811,526407,1,107392,12,82586
2021-06-29,zachodniopomorskie,ZP,7,96335,0,2541,2172,528579,9,107401,10,82596
2021-06-30,zachodniopomorskie,ZP,2,96337,1,2542,2031,530610,2,107403,7,82603
2021-07-01,zachodniopomorskie,ZP,6,96343,1,2543,1550,532160,7,107410,6,82609
2021-07-02,zachodniopomorskie,ZP,7,96350,0,2543,1752,533912,15,107425,9,82618
2021-07-03,zachodniopomorskie,ZP,8,96358,0,2543,1764,535676,11,107436,5,82623
2021-07-04,zachodniopomorskie,ZP,0,96358,0,2543,1168,536844,0,107436,6,82629
2021-07-05,zachodniopomorskie,ZP,1,96359,1,2544,1003,537847,1,107437,5,82634
2021-07-06,zachodniopomorskie,ZP,4,96363,0,2544,2217,540064,5,107442,3,82637
2021-07-07,zachodniopomorskie,ZP,8,96371,1,2545,1858,541922,8,107450,1,82638
2021-07-08,zachodniopomorskie,ZP,6,96377,0,2545,1686,543608,10,107460,6,82644
2021-07-09,zachodniopomorskie,ZP,4,96381,0,2545,1797,545405,9,107469,2,82646
2021-07-10,zachodniopomorskie,ZP,3,96384,0,2545,1771,547176,4,107473,5,82651
2021-07-11,zachodniopomorskie,ZP,2,96386,0,2545,1234,548410,2,107475,9,82660
2021-07-12,zachodniopomorskie,ZP,1,96387,0,2545,1001,549411,1,107476,5,82665
2021-07-13,zachodniopomorskie,ZP,8,96395,1,2546,2075,551486,8,107484,2,82667
2021-07-14,zachodniopomorskie,ZP,4,96399,1,2547,1825,553311,6,107490,12,82679
2021-07-15,zachodniopomorskie,ZP,2,96401,0,2547,1847,555158,2,107492,3,82682
2021-07-16,zachodniopomorskie,ZP,7,96408,0,2547,1477,556635,8,107500,7,82689
2021-07-17,zachodniopomorskie,ZP,3,96411,0,2547,1642,558277,3,107503,9,82698
2021-07-18,zachodniopomorskie,ZP,0,96411,1,2548,1051,559328,2,107505,2,82700
2021-07-19,zachodniopomorskie,ZP,0,96411,0,2548,769,560097,2,107507,3,82703
2021-07-20,zachodniopomorskie,ZP,4,96415,0,2548,1943,562040,7,107514,3,82706
2021-07-21,zachodniopomorskie,ZP,10,96425,1,2549,2017,564057,11,107525,2,82708
2021-07-22,zachodniopomorskie,ZP,3,96428,1,2550,1552,565609,3,107528,8,82716
2021-07-23,zachodniopomorskie,ZP,3,96431,0,2550,1600,567209,5,107533,9,82725
2021-07-24,zachodniopomorskie,ZP,5,96436,0,2550,1734,568943,10,107543,4,82729
2021-07-25,zachodniopomorskie,ZP,4,96440,0,2550,1232,570175,5,107548,4,82733
2021-07-26,zachodniopomorskie,ZP,3,96443,0,2550,953,571128,6,107554,1,82734
2021-07-27,zachodniopomorskie,ZP,4,96447,0,2550,1818,572946,4,107558,2,82736
2021-07-28,zachodniopomorskie,ZP,6,96453,0,2550,1703,574649,7,107565,2,82738
2021-07-29,zachodniopomorskie,ZP,4,96457,0,2550,1580,576229,4,107569,9,82747
2021-07-30,zachodniopomorskie,ZP,5,96462,0,2550,1561,577790,5,107574,6,82753
2021-07-31,zachodniopomorskie,ZP,8,96470,0,2550,1718,579508,10,107584,8,82761
2021-08-01,zachodniopomorskie,ZP,3,96473,0,2550,1192,580700,4,107588,0,82761
2021-08-02,zachodniopomorskie,ZP,2,96475,0,2550,1052,581752,5,107593,10,82771
2021-08-03,zachodniopomorskie,ZP,2,96477,0,2550,2068,583820,3,107596,4,82775
2021-08-04,zachodniopomorskie,ZP,7,96484,0,2550,1856,585676,8,107604,7,82782
2021-08-05,zachodniopomorskie,ZP,8,96492,0,2550,1869,587545,11,107615,5,82787
2021-08-06,zachodniopomorskie,ZP,11,96503,0,2550,1940,589485,13,107628,9,82796
2021-08-07,zachodniopomorskie,ZP,3,96506,0,2550,1944,591429,4,107632,5,82801
2021-08-08,zachodniopomorskie,ZP,7,96513,0,2550,1547,592976,7,107639,6,82807
2021-08-09,zachodniopomorskie,ZP,2,96515,0,2550,1073,594049,2,107641,7,82814
2021-08-10,zachodniopomorskie,ZP,12,96527,0,2550,2023,596072,15,107656,4,82818
2021-08-11,zachodniopomorskie,ZP,8,96535,0,2550,1730,597802,9,107665,5,82823
2021-08-12,zachodniopomorskie,ZP,14,96549,0,2550,1630,599432,17,107682,3,82826
2021-08-13,zachodniopomorskie,ZP,7,96556,2,2552,1717,601149,9,107691,6,82832
2021-08-14,zachodniopomorskie,ZP,7,96563,0,2552,1873,603022,12,107703,7,82839
2021-08-15,zachodniopomorskie,ZP,4,96567,0,2552,1435,604457,4,107707,11,82850
2021-08-16,zachodniopomorskie,ZP,3,96570,0,2552,994,605451,3,107710,2,82852
2021-08-17,zachodniopomorskie,ZP,11,96581,0,2552,2074,607525,12,107722,11,82863
2021-08-18,zachodniopomorskie,ZP,6,96587,0,2552,1789,609314,10,107732,2,82865
2021-08-19,zachodniopomorskie,ZP,11,96598,0,2552,1630,610944,12,107744,12,82877
2021-08-20,zachodniopomorskie,ZP,17,96615,0,2552,1594,612538,20,107764,10,82887
2021-08-21,zachodniopomorskie,ZP,7,96622,0,2552,1822,614360,8,107772,15,82902
2021-08-22,zachodniopomorskie,ZP,4,96626,0,2552,1363,615723,7,107779,8,82910
2021-08-23,zachodniopomorskie,ZP,7,96633,0,2552,936,616659,8,107787,10,82920
2021-08-24,zachodniopomorskie,ZP,11,96644,0,2552,1827,618486,14,107801,6,82926
2021-08-25,zachodniopomorskie,ZP,13,96657,1,2553,1734,620220,20,107821,4,82930
2021-08-26,zachodniopomorskie,ZP,11,96668,0,2553,1608,621828,13,107834,11,82941
2021-08-27,zachodniopomorskie,ZP,9,96677,1,2554,1518,623346,14,107848,7,82948
2021-08-28,zachodniopomorskie,ZP,20,96697,1,2555,1587,624933,21,107869,11,82959
2021-08-29,zachodniopomorskie,ZP,7,96704,0,2555,1298,626231,8,107877,14,82973
2021-08-30,zachodniopomorskie,ZP,19,96723,0,2555,900,627131,25,107902,6,82979
2021-08-31,zachodniopomorskie,ZP,20,96743,0,2555,2005,629136,26,107928,7,82986
2021-09-01,zachodniopomorskie,ZP,32,96775,1,2556,1702,630838,44,107972,5,82991
2021-09-02,zachodniopomorskie,ZP,22,96797,0,2556,1653,632491,30,108002,11,83002
2021-09-03,zachodniopomorskie,ZP,23,96820,2,2558,1505,633996,27,108029,14,83016
2021-09-04,zachodniopomorskie,ZP,31,96851,0,2558,1707,635703,40,108069,10,83026
2021-09-05,zachodniopomorskie,ZP,19,96870,0,2558,1160,636863,21,108090,20,83046
2021-09-06,zachodniopomorskie,ZP,27,96897,0,2558,979,637842,30,108120,20,83066
2021-09-07,zachodniopomorskie,ZP,22,96919,0,2558,1996,639838,28,108148,12,83078
2021-09-08,zachodniopomorskie,ZP,39,96958,1,2559,1628,641466,42,108190,22,83100
2021-09-09,zachodniopomorskie,ZP,28,96986,0,2559,1801,643267,36,108226,15,83115
2021-09-10,zachodniopomorskie,ZP,34,97020,0,2559,1550,644817,44,108270,36,83151
2021-09-11,zachodniopomorskie,ZP,36,97056,0,2559,1746,646563,41,108311,23,83174
2021-09-12,zachodniopomorskie,ZP,28,97084,0,2559,1285,647848,31,108342,16,83190
2021-09-13,zachodniopomorskie,ZP,21,97105,0,2559,959,648807,27,108369,35,83225
2021-09-14,zachodniopomorskie,ZP,31,97136,0,2559,2174,650981,38,108407,26,83251
2021-09-15,zachodniopomorskie,ZP,36,97172,0,2559,2147,653128,48,108455,25,83276
2021-09-16,zachodniopomorskie,ZP,50,97222,0,2559,2081,655209,57,108512,19,83295
2021-09-17,zachodniopomorskie,ZP,54,97276,1,2560,1834,657043,62,108574,41,83336
2021-09-18,zachodniopomorskie,ZP,61,97337,1,2561,1913,658956,69,108643,29,83365
2021-09-19,zachodniopomorskie,ZP,24,97361,0,2561,1288,660244,27,108670,36,83401
2021-09-20,zachodniopomorskie,ZP,24,97385,0,2561,1020,661264,31,108701,43,83444
2021-09-21,zachodniopomorskie,ZP,37,97422,0,2561,2196,663460,53,108754,20,83464
2021-09-22,zachodniopomorskie,ZP,61,97483,3,2564,2066,665526,71,108825,26,83490
2021-09-23,zachodniopomorskie,ZP,69,97552,3,2567,1923,667449,75,108900,35,83525
2021-09-24,zachodniopomorskie,ZP,66,97618,0,2567,1792,669241,81,108981,44,83569
2021-09-25,zachodniopomorskie,ZP,60,97678,3,2570,1979,671220,71,109052,53,83622
2021-09-26,zachodniopomorskie,ZP,43,97721,0,2570,1189,672409,49,109101,58,83680
2021-09-27,zachodniopomorskie,ZP,42,97763,0,2570,913,673322,50,109151,61,83741
2021-09-28,zachodniopomorskie,ZP,69,97832,0,2570,2257,675579,86,109237,29,83770
2021-09-29,zachodniopomorskie,ZP,79,97911,1,2571,2260,677839,99,109336,30,83800
2021-09-30,zachodniopomorskie,ZP,74,97985,2,2573,1727,679566,94,109430,35,83835
2021-10-01,zachodniopomorskie,ZP,105,98090,0,2573,2056,681622,121,109551,51,83886
2021-10-02,zachodniopomorskie,ZP,82,98172,0,2573,1893,683515,94,109645,66,83952
2021-10-03,zachodniopomorskie,ZP,73,98245,0,2573,1490,685005,85,109730,59,84011
2021-10-04,zachodniopomorskie,ZP,46,98291,0,2573,924,685929,58,109788,54,84065
2021-10-05,zachodniopomorskie,ZP,97,98388,0,2573,2251,688180,117,109905,42,84107
2021-10-06,zachodniopomorskie,ZP,125,98513,0,2573,2196,690376,136,110041,46,84153
2021-10-07,zachodniopomorskie,ZP,103,98616,1,2574,2020,692396,119,110160,69,84222
2021-10-08,zachodniopomorskie,ZP,115,98731,0,2574,1995,694391,127,110287,80,84302
2021-10-09,zachodniopomorskie,ZP,102,98833,1,2575,2060,696451,113,110400,101,84403
2021-10-10,zachodniopomorskie,ZP,75,98908,1,2576,1087,697538,83,110483,99,84502
2021-10-11,zachodniopomorskie,ZP,65,98973,0,2576,1112,698650,81,110564,73,84575
2021-10-12,zachodniopomorskie,ZP,132,99105,2,2578,2106,700756,156,110720,70,84645
2021-10-13,zachodniopomorskie,ZP,136,99241,1,2579,2171,702927,153,110873,51,84696
2021-10-14,zachodniopomorskie,ZP,155,99396,3,2582,2087,705014,185,111058,95,84791
2021-10-15,zachodniopomorskie,ZP,139,99535,2,2584,2106,707120,162,111220,129,84920
2021-10-16,zachodniopomorskie,ZP,155,99690,2,2586,1988,709108,182,111402,104,85024
2021-10-17,zachodniopomorskie,ZP,127,99817,0,2586,1372,710480,132,111534,137,85161
2021-10-18,zachodniopomorskie,ZP,117,99934,0,2586,1142,711622,134,111668,85,85246
2021-10-19,zachodniopomorskie,ZP,154,100088,0,2586,2290,713912,178,111846,77,85323
2021-10-20,zachodniopomorskie,ZP,329,100417,4,2590,2721,716633,362,112208,75,85398
2021-10-21,zachodniopomorskie,ZP,287,100704,3,2593,2312,718945,323,112531,158,85556
2021-10-22,zachodniopomorskie,ZP,317,101021,2,2595,2554,721499,349,112880,143,85699
2021-10-23,zachodniopomorskie,ZP,295,101316,3,2598,2445,723944,339,113219,152,85851
2021-10-24,zachodniopomorskie,ZP,214,101530,2,2600,1479,725423,234,113453,139,85990
2021-10-25,zachodniopomorskie,ZP,177,101707,0,2600,1346,726769,210,113663,145,86135
2021-10-26,zachodniopomorskie,ZP,351,102058,1,2601,2848,729617,400,114063,119,86254
2021-10-27,zachodniopomorskie,ZP,348,102406,4,2605,2829,732446,382,114445,108,86362
2021-10-28,zachodniopomorskie,ZP,432,102838,2,2607,2819,735265,462,114907,205,86567
2021-10-29,zachodniopomorskie,ZP,464,103302,4,2611,2815,738080,508,115415,300,86867
2021-10-30,zachodniopomorskie,ZP,480,103782,2,2613,2628,740708,528,115943,331,87198
2021-10-31,zachodniopomorskie,ZP,394,104176,0,2613,1864,742572,426,116369,274,87472
2021-11-01,zachodniopomorskie,ZP,344,104520,0,2613,1627,744199,393,116762,302,87774
2021-11-02,zachodniopomorskie,ZP,232,104752,0,2613,1259,745458,266,117028,220,87994
2021-11-03,zachodniopomorskie,ZP,415,105167,0,2613,3045,748503,482,117510,170,88164
2021-11-04,zachodniopomorskie,ZP,730,105897,7,2620,3766,752269,807,118317,356,88520
2021-11-05,zachodniopomorskie,ZP,783,106680,8,2628,3767,756036,846,119163,381,88901
2021-11-06,zachodniopomorskie,ZP,854,107534,3,2631,3819,759855,923,120086,500,89401
2021-11-07,zachodniopomorskie,ZP,539,108073,0,2631,2596,762451,601,120687,438,89839
2021-11-08,zachodniopomorskie,ZP,447,108520,0,2631,1785,764236,481,121168,457,90296
2021-11-09,zachodniopomorskie,ZP,699,109219,5,2636,3778,768014,779,121947,455,90751
2021-11-10,zachodniopomorskie,ZP,931,110150,14,2650,3889,771903,1004,122951,242,90993
2021-11-11,zachodniopomorskie,ZP,980,111130,10,2660,4142,776045,1068,124019,273,91266
2021-11-12,zachodniopomorskie,ZP,777,111907,5,2665,2722,778767,822,124841,428,91694
2021-11-13,zachodniopomorskie,ZP,816,112723,1,2666,3510,782277,895,125736,793,92487
2021-11-14,zachodniopomorskie,ZP,694,113417,2,2668,2346,784623,751,126487,754,93241
2021-11-15,zachodniopomorskie,ZP,702,114119,1,2669,2253,786876,760,127247,840,94081
2021-11-16,zachodniopomorskie,ZP,672,114791,4,2673,3669,790545,767,128014,656,94737
2021-11-17,zachodniopomorskie,ZP,1238,116029,13,2686,4793,795338,1340,129354,412,95149
2021-11-18,zachodniopomorskie,ZP,1299,117328,19,2705,4727,800065,1397,130751,666,95815
2021-11-19,zachodniopomorskie,ZP,1152,118480,15,2720,4596,804661,1244,131995,971,96786
2021-11-20,zachodniopomorskie,ZP,1332,119812,14,2734,4815,809476,1467,133462,1078,97864
2021-11-21,zachodniopomorskie,ZP,829,120641,3,2737,3230,812706,912,134374,749,98613
2021-11-22,zachodniopomorskie,ZP,912,121553,1,2738,2685,815391,970,135344,888,99501
2021-11-23,zachodniopomorskie,ZP,1007,122560,19,2757,4281,819672,1130,136474,634,100135
2021-11-24,zachodniopomorskie,ZP,1355,123915,10,2767,4931,824603,1458,137932,667,100802
2021-11-25,zachodniopomorskie,ZP,1333,125248,22,2789,5181,829784,1461,139393,725,101527
2021-11-26,zachodniopomorskie,ZP,1504,126752,17,2806,5496,835280,1605,140998,1145,102672
2021-11-27,zachodniopomorskie,ZP,1416,128168,15,2821,5366,840646,1546,142544,1453,104125
2021-11-28,zachodniopomorskie,ZP,905,129073,12,2833,3133,843779,964,143508,1172,105297
2021-11-29,zachodniopomorskie,ZP,851,129924,1,2834,3085,846864,921,144429,1326,106623
2021-11-30,zachodniopomorskie,ZP,1077,131001,11,2845,4851,851715,1200,145629,913,107536
2021-12-01,zachodniopomorskie,ZP,1491,132492,22,2867,5764,857479,1653,147282,847,108383
2021-12-02,zachodniopomorskie,ZP,1403,133895,14,2881,5472,862951,1548,148830,1021,109404
2021-12-03,zachodniopomorskie,ZP,1386,135281,26,2907,5261,868212,1521,150351,1448,110852
2021-12-04,zachodniopomorskie,ZP,1393,136674,25,2932,5361,873573,1555,151906,1371,112223
2021-12-05,zachodniopomorskie,ZP,838,137512,2,2934,3270,876843,909,152815,1553,113776
2021-12-06,zachodniopomorskie,ZP,962,138474,2,2936,3251,880094,1024,153839,1459,115235
2021-12-07,zachodniopomorskie,ZP,1036,139510,11,2947,4832,884926,1210,155049,1027,116262
2021-12-08,zachodniopomorskie,ZP,1275,140785,25,2972,5321,890247,1405,156454,824,117086
2021-12-09,zachodniopomorskie,ZP,1549,142334,25,2997,5705,895952,1668,158122,1009,118095
2021-12-10,zachodniopomorskie,ZP,1128,143462,31,3028,5116,901068,1251,159373,1502,119597
2021-12-11,zachodniopomorskie,ZP,1257,144719,21,3049,5362,906430,1371,160744,1622,121219
2021-12-12,zachodniopomorskie,ZP,895,145614,5,3054,3419,909849,980,161724,1288,122507
2021-12-13,zachodniopomorskie,ZP,636,146250,0,3054,2556,912405,697,162421,1341,123848
2021-12-14,zachodniopomorskie,ZP,1009,147259,12,3066,4736,917141,1128,163549,1132,124980
2021-12-15,zachodniopomorskie,ZP,1265,148524,35,3101,5537,922678,1397,164946,865,125845
2021-12-16,zachodniopomorskie,ZP,1295,149819,19,3120,5399,928077,1408,166354,1096,126941
2021-12-17,zachodniopomorskie,ZP,1164,150983,20,3140,5171,933248,1257,167611,1220,128161
2021-12-18,zachodniopomorskie,ZP,1077,152060,21,3161,4867,938115,1218,168829,1680,129841
2021-12-19,zachodniopomorskie,ZP,745,152805,8,3169,3342,941457,829,169658,1212,131053
2021-12-20,zachodniopomorskie,ZP,616,153421,2,3171,2754,944211,671,170329,1200,132253
2021-12-21,zachodniopomorskie,ZP,768,154189,11,3182,4569,948780,888,171217,1067,133320
2021-12-22,zachodniopomorskie,ZP,929,155118,28,3210,4738,953518,1014,172231,644,133964
2021-12-23,zachodniopomorskie,ZP,891,156009,16,3226,4583,958101,989,173220,1145,135109
2021-12-24,zachodniopomorskie,ZP,843,156852,32,3258,4184,962285,947,174167,1278,136387
2021-12-25,zachodniopomorskie,ZP,670,157522,20,3278,2698,964983,717,174884,1252,137639
2021-12-26,zachodniopomorskie,ZP,334,157856,2,3280,1860,966843,393,175277,1192,138831
2021-12-27,zachodniopomorskie,ZP,215,158071,0,3280,1642,968485,242,175519,1075,139906
2021-12-28,zachodniopomorskie,ZP,592,158663,9,3289,4661,973146,694,176213,837,140743
2021-12-29,zachodniopomorskie,ZP,776,159439,29,3318,4663,977809,864,177077,516,141259
2021-12-30,zachodniopomorskie,ZP,693,160132,34,3352,4478,982287,805,177882,859,142118
2021-12-31,zachodniopomorskie,ZP,707,160839,30,3382,4615,986902,794,178676,883,143001
2022-01-01,zachodniopomorskie,ZP,720,161559,19,3401,3734,990636,845,179521,1007,144008
2022-01-02,zachodniopomorskie,ZP,288,161847,2,3403,2128,992764,333,179854,866,144874
2022-01-03,zachodniopomorskie,ZP,339,162186,0,3403,2704,995468,368,180222,659,145533
2022-01-04,zachodniopomorskie,ZP,552,162738,11,3414,5092,1000560,667,180889,363,145896
2022-01-05,zachodniopomorskie,ZP,912,163650,35,3449,5635,1006195,1050,181939,265,146161
2022-01-06,zachodniopomorskie,ZP,812,164462,40,3489,5342,1011537,927,182866,650,146811
2022-01-07,zachodniopomorskie,ZP,549,165011,7,3496,2713,1014250,604,183470,740,147551
2022-01-08,zachodniopomorskie,ZP,509,165520,10,3506,4065,1018315,626,184096,688,148239
2022-01-09,zachodniopomorskie,ZP,526,166046,5,3511,3570,1021885,591,184687,737,148976
2022-01-10,zachodniopomorskie,ZP,300,166346,1,3512,2358,1024243,348,185035,772,149748
2022-01-11,zachodniopomorskie,ZP,545,166891,9,3521,4577,1028820,658,185693,322,150070
2022-01-12,zachodniopomorskie,ZP,616,167507,30,3551,4715,1033535,730,186423,292,150362
2022-01-13,zachodniopomorskie,ZP,559,168066,26,3577,4427,1037962,650,187073,785,151147
2022-01-14,zachodniopomorskie,ZP,624,168690,16,3593,4215,1042177,741,187814,911,152058
2022-01-15,zachodniopomorskie,ZP,598,169288,19,3612,4163,1046340,700,188514,803,152861
2022-01-16,zachodniopomorskie,ZP,569,169857,3,3615,3339,1049679,657,189171,605,153466
2022-01-17,zachodniopomorskie,ZP,358,170215,0,3615,2161,1051840,405,189576,604,154070
2022-01-18,zachodniopomorskie,ZP,752,170967,12,3627,4797,1056637,912,190488,496,154566
2022-01-19,zachodniopomorskie,ZP,1091,172058,28,3655,5759,1062396,1299,191787,350,154916
2022-01-20,zachodniopomorskie,ZP,1050,173108,7,3662,5228,1067624,1236,193023,621,155537
2022-01-21,zachodniopomorskie,ZP,1410,174518,14,3676,6186,1073810,1665,194688,725,156262
2022-01-22,zachodniopomorskie,ZP,1367,175885,8,3684,6031,1079841,1585,196273,725,156987
2022-01-23,zachodniopomorskie,ZP,1208,177093,5,3689,4286,1084127,1376,197649,625,157612
2022-01-24,zachodniopomorskie,ZP,1268,178361,2,3691,4204,1088331,1467,199116,655,158267
2022-01-25,zachodniopomorskie,ZP,1168,179529,6,3697,6142,1094473,1468,200584,602,158869
2022-01-26,zachodniopomorskie,ZP,2120,181649,18,3715,8045,1102518,2473,203057,426,159295
2022-01-27,zachodniopomorskie,ZP,2575,184224,7,3722,8345,1110863,3039,206096,1059,160354
2022-01-28,zachodniopomorskie,ZP,2220,186444,3,3725,7881,1118744,2608,208704,1162,161516
2022-01-29,zachodniopomorskie,ZP,2304,188748,11,3736,8663,1127407,2715,211419,1410,162926
2022-01-30,zachodniopomorskie,ZP,1744,190492,5,3741,6085,1133492,2050,213469,1483,164409
2022-01-31,zachodniopomorskie,ZP,1725,192217,0,3741,5343,1138835,1956,215425,1619,166028
2022-02-01,zachodniopomorskie,ZP,1229,193446,8,3749,6068,1144903,1583,217008,1318,167346
2022-02-02,zachodniopomorskie,ZP,2573,196019,6,3755,8942,1153845,3067,220075,1277,168623
2022-02-03,zachodniopomorskie,ZP,2060,198079,13,3768,7062,1160907,2472,222547,1495,170118
2022-02-04,zachodniopomorskie,ZP,2132,200211,8,3776,7583,1168490,2530,225077,2742,172860
2022-02-05,zachodniopomorskie,ZP,2259,202470,16,3792,7759,1176249,2655,227732,2788,175648
2022-02-06,zachodniopomorskie,ZP,1509,203979,3,3795,5287,1181536,1749,229481,2711,178359
2022-02-07,zachodniopomorskie,ZP,1327,205306,0,3795,4558,1186094,1573,231054,2489,180848
2022-02-08,zachodniopomorskie,ZP,1850,207156,2,3797,6900,1192994,1997,233051,2209,183057
2022-02-09,zachodniopomorskie,ZP,2347,209503,16,3813,7208,1200202,2483,235534,1806,184863
2022-02-10,zachodniopomorskie,ZP,2175,211678,17,3830,7068,1207270,2309,237843,1984,186847
2022-02-11,zachodniopomorskie,ZP,1993,213671,23,3853,6851,1214121,2097,239940,2782,189629
2022-02-12,zachodniopomorskie,ZP,1591,215262,17,3870,5878,1219999,1710,241650,2476,192105
2022-02-13,zachodniopomorskie,ZP,1101,216363,6,3876,3936,1223935,1153,242803,2272,194377
2022-02-14,zachodniopomorskie,ZP,806,217169,0,3876,3379,1227314,909,243712,2440,196817
2022-02-15,zachodniopomorskie,ZP,1248,218417,5,3881,5516,1232830,1370,245082,1801,198618
2022-02-16,zachodniopomorskie,ZP,1805,220222,12,3893,6291,1239121,1962,247044,1619,200237
2022-02-17,zachodniopomorskie,ZP,1538,221760,6,3899,6058,1245179,1695,248739,1930,202167
2022-02-18,zachodniopomorskie,ZP,1562,223322,18,3917,5953,1251132,1706,250445,2169,204336
2022-02-19,zachodniopomorskie,ZP,1296,224618,15,3932,5483,1256615,1427,251872,2276,206612
2022-02-20,zachodniopomorskie,ZP,731,225349,3,3935,2897,1259512,819,252691,1868,208480
2022-02-21,zachodniopomorskie,ZP,688,226037,0,3935,2691,1262203,753,253444,1893,210373
2022-02-22,zachodniopomorskie,ZP,1120,227157,6,3941,5401,1267604,1272,254716,2890,213263
2022-02-23,zachodniopomorskie,ZP,1421,228578,25,3966,5740,1273344,1556,256272,2194,215457
2022-02-24,zachodniopomorskie,ZP,1148,229726,17,3983,4975,1278319,1242,257514,2354,217811
2022-02-25,zachodniopomorskie,ZP,1218,230944,9,3992,5051,1283370,1317,258831,1294,219105
2022-02-26,zachodniopomorskie,ZP,978,231922,5,3997,4435,1287805,1056,259887,854,219959
2022-02-27,zachodniopomorskie,ZP,584,232506,12,4009,2491,1290296,622,260509,675,220634
2022-02-28,zachodniopomorskie,ZP,461,232967,0,4009,1994,1292290,489,260998,1249,221883
2022-03-01,zachodniopomorskie,ZP,875,233842,14,4023,4651,1296941,975,261973,1420,223303
2022-03-02,zachodniopomorskie,ZP,1017,234859,9,4032,4813,1301754,1138,263111,1194,224497
2022-03-03,zachodniopomorskie,ZP,1082,235941,14,4046,4819,1306573,1158,264269,1250,225747
2022-03-04,zachodniopomorskie,ZP,935,236876,12,4058,4157,1310730,1006,265275,997,226744
2022-03-05,zachodniopomorskie,ZP,981,237857,9,4067,4364,1315094,1042,266317,651,227395
2022-03-06,zachodniopomorskie,ZP,601,238458,4,4071,2488,1317582,626,266943,446,227841
2022-03-07,zachodniopomorskie,ZP,427,238885,0,4071,2023,1319605,448,267391,1050,228891
2022-03-08,zachodniopomorskie,ZP,888,239773,4,4075,4470,1324075,986,268377,954,229845
2022-03-09,zachodniopomorskie,ZP,1009,240782,15,4090,4437,1328512,1082,269459,1144,230989
2022-03-10,zachodniopomorskie,ZP,1159,241941,5,4095,4906,1333418,1244,270703,884,231873
2022-03-11,zachodniopomorskie,ZP,827,242768,6,4101,4132,1337550,884,271587,988,232861
2022-03-12,zachodniopomorskie,ZP,845,243613,5,4106,3798,1341348,903,272490,684,233545
2022-03-13,zachodniopomorskie,ZP,525,244138,5,4111,2694,1344042,572,273062,414,233959
2022-03-14,zachodniopomorskie,ZP,388,244526,0,4111,1992,1346034,414,273476,987,234946
2022-03-15,zachodniopomorskie,ZP,1003,245529,9,4120,4929,1350963,1118,274594,1054,236000
2022-03-16,zachodniopomorskie,ZP,1142,246671,6,4126,5158,1356121,1242,275836,1046,237046
2022-03-17,zachodniopomorskie,ZP,892,247563,12,4138,4241,1360362,977,276813,913,237959
2022-03-18,zachodniopomorskie,ZP,928,248491,2,4140,4202,1364564,1005,277818,818,238777
2022-03-19,zachodniopomorskie,ZP,843,249334,9,4149,3712,1368276,907,278725,544,239321
2022-03-20,zachodniopomorskie,ZP,372,249706,4,4153,1788,1370064,392,279117,406,239727
2022-03-21,zachodniopomorskie,ZP,236,249942,0,4153,1656,1371720,257,279374,1122,240849
2022-03-22,zachodniopomorskie,ZP,728,250670,4,4157,4266,1375986,821,280195,1073,241922
2022-03-23,zachodniopomorskie,ZP,795,251465,7,4164,4323,1380309,932,281127,1004,242926
2022-03-24,zachodniopomorskie,ZP,556,252021,10,4174,3500,1383809,637,281764,941,243867
2022-03-25,zachodniopomorskie,ZP,527,252548,8,4182,3296,1387105,586,282350,785,244652
2022-03-26,zachodniopomorskie,ZP,392,252940,4,4186,2595,1389700,422,282772,442,245094
2022-03-27,zachodniopomorskie,ZP,245,253185,1,4187,1563,1391263,266,283038,277,245371
2022-03-28,zachodniopomorskie,ZP,146,253331,0,4187,1288,1392551,155,283193,821,246192
2022-03-29,zachodniopomorskie,ZP,457,253788,4,4191,3369,1395920,536,283729,730,246922
2022-03-30,zachodniopomorskie,ZP,380,254168,5,4196,2612,1398532,416,284145,719,247641
2022-03-31,zachodniopomorskie,ZP,282,254450,3,4199,2362,1400894,334,284479,457,248098
2022-04-01,zachodniopomorskie,ZP,256,254706,4,4203,2153,1403047,304,284783,363,248461
2022-04-02,zachodniopomorskie,ZP,115,254821,3,4206,1120,1404167,130,284913,206,248667
2022-04-03,zachodniopomorskie,ZP,24,254845,1,4207,473,1404640,34,284947,111,248778
2022-04-04,zachodniopomorskie,ZP,24,254869,0,4207,382,1405022,30,284977,2,248780
2022-04-05,zachodniopomorskie,ZP,103,254972,5,4212,1473,1406495,124,285101,5,248785
2022-04-06,zachodniopomorskie,ZP,87,255059,5,4217,1067,1407562,115,285216,2,248787
2022-04-07,zachodniopomorskie,ZP,58,255117,3,4220,1105,1408667,71,285287,4,248791
2022-04-08,zachodniopomorskie,ZP,70,255187,2,4222,950,1409617,77,285364,3,248794
2022-04-09,zachodniopomorskie,ZP,56,255243,15,4237,731,1410348,73,285437,6,248800
2022-04-10,zachodniopomorskie,ZP,21,255264,0,4237,407,1410755,39,285476,0,248800
2022-04-11,zachodniopomorskie,ZP,17,255281,0,4237,220,1410975,21,285497,0,248800
2022-04-12,zachodniopomorskie,ZP,84,255365,4,4241,1008,1411983,125,285622,6,248806
2022-04-13,zachodniopomorskie,ZP,61,255426,1,4242,825,1412808,76,285698,4,248810
2022-04-14,zachodniopomorskie,ZP,65,255491,5,4247,753,1413561,91,285789,4,248814
2022-04-15,zachodniopomorskie,ZP,59,255550,0,4247,657,1414218,71,285860,0,248814
2022-04-16,zachodniopomorskie,ZP,60,255610,3,4250,725,1414943,76,285936,4,248818
2022-04-17,zachodniopomorskie,ZP,10,255620,0,4250,233,1415176,14,285950,1,248819
2022-04-18,zachodniopomorskie,ZP,10,255630,0,4250,133,1415309,13,285963,1,248820
2022-04-19,zachodniopomorskie,ZP,7,255637,0,4250,225,1415534,12,285975,0,248820
2022-04-20,zachodniopomorskie,ZP,77,255714,1,4251,851,1416385,94,286069,5,248825
2022-04-21,zachodniopomorskie,ZP,52,255766,3,4254,988,1417373,63,286132,2,248827
2022-04-22,zachodniopomorskie,ZP,38,255804,4,4258,804,1418177,48,286180,3,248830
2022-04-23,zachodniopomorskie,ZP,45,255849,1,4259,678,1418855,53,286233,1,248831
2022-04-24,zachodniopomorskie,ZP,6,255855,0,4259,213,1419068,10,286243,0,248831
2022-04-25,zachodniopomorskie,ZP,6,255861,0,4259,147,1419215,9,286252,1,248832
2022-04-26,zachodniopomorskie,ZP,50,255911,1,4260,908,1420123,59,286311,3,248835
2022-04-27,zachodniopomorskie,ZP,39,255950,0,4260,983,1421106,50,286361,1,248836
2022-04-28,zachodniopomorskie,ZP,36,255986,1,4261,774,1421880,43,286404,2,248838
2022-04-29,zachodniopomorskie,ZP,40,256026,0,4261,768,1422648,48,286452,3,248841
2022-04-30,zachodniopomorskie,ZP,29,256055,2,4263,768,1423416,36,286488,2,248843
2022-05-01,zachodniopomorskie,ZP,10,256065,0,4263,258,1423674,14,286502,4,248847
2022-05-02,zachodniopomorskie,ZP,5,256070,0,4263,146,1423820,5,286507,0,248847
2022-05-03,zachodniopomorskie,ZP,33,256103,0,4263,400,1424220,42,286549,1,248848
2022-05-04,zachodniopomorskie,ZP,6,256109,0,4263,152,1424372,6,286555,0,248848
2022-05-05,zachodniopomorskie,ZP,29,256138,1,4264,463,1424835,41,286596,2,248850
2022-05-06,zachodniopomorskie,ZP,15,256153,0,4264,450,1425285,18,286614,7,248857
2022-05-07,zachodniopomorskie,ZP,23,256176,0,4264,388,1425673,29,286643,1,248858
2022-05-08,zachodniopomorskie,ZP,3,256179,0,4264,154,1425827,4,286647,0,248858
2022-05-09,zachodniopomorskie,ZP,7,256186,0,4264,142,1425969,7,286654,0,248858
2022-05-10,zachodniopomorskie,ZP,22,256208,0,4264,385,1426354,31,286685,2,248860
2022-05-11,zachodniopomorskie,ZP,11,256219,1,4265,340,1426694,17,286702,1,248861
2022-05-12,zachodniopomorskie,ZP,17,256236,1,4266,334,1427028,20,286722,1,248862
2022-05-13,zachodniopomorskie,ZP,16,256252,0,4266,292,1427320,17,286739,1,248863
2022-05-14,zachodniopomorskie,ZP,14,256266,0,4266,369,1427689,22,286761,2,248865
2022-05-15,zachodniopomorskie,ZP,4,256270,0,4266,200,1427889,4,286765,1,248866
2022-05-16,zachodniopomorskie,ZP,3,256273,0,4266,130,1428019,3,286768,0,248866
2022-05-17,zachodniopomorskie,ZP,11,256284,0,4266,360,1428379,17,286785,4,248870
2022-05-18,zachodniopomorskie,ZP,14,256298,0,4266,271,1428650,18,286803,0,248870
2022-05-19,zachodniopomorskie,ZP,13,256311,1,4267,253,1428903,15,286818,1,248871
2022-05-20,zachodniopomorskie,ZP,7,256318,0,4267,239,1429142,15,286833,0,248871
2022-05-21,zachodniopomorskie,ZP,4,256322,0,4267,232,1429374,6,286839,0,248871
2022-05-22,zachodniopomorskie,ZP,5,256327,0,4267,134,1429508,6,286845,0,248871
2022-05-23,zachodniopomorskie,ZP,3,256330,0,4267,109,1429617,5,286850,0,248871
2022-05-24,zachodniopomorskie,ZP,18,256348,1,4268,349,1429966,18,286868,1,248872
2022-05-25,zachodniopomorskie,ZP,7,256355,1,4269,226,1430192,8,286876,2,248874
2022-05-26,zachodniopomorskie,ZP,7,256362,0,4269,203,1430395,9,286885,0,248874
2022-05-27,zachodniopomorskie,ZP,7,256369,0,4269,174,1430569,10,286895,0,248874
2022-05-28,zachodniopomorskie,ZP,6,256375,0,4269,193,1430762,8,286903,0,248874
2022-05-29,zachodniopomorskie,ZP,0,256375,0,4269,144,1430906,0,286903,0,248874
2022-05-30,zachodniopomorskie,ZP,1,256376,0,4269,90,1430996,1,286904,0,248874
2022-05-31,zachodniopomorskie,ZP,12,256388,0,4269,267,1431263,15,286919,0,248874
2022-06-01,zachodniopomorskie,ZP,10,256398,1,4270,164,1431427,11,286930,0,248874
2022-06-02,zachodniopomorskie,ZP,7,256405,0,4270,132,1431559,10,286940,0,248874
2022-06-03,zachodniopomorskie,ZP,6,256411,0,4270,146,1431705,7,286947,0,248874
2022-06-04,zachodniopomorskie,ZP,11,256422,0,4270,132,1431837,11,286958,1,248875
2022-06-05,zachodniopomorskie,ZP,0,256422,0,4270,67,1431904,0,286958,0,248875
2022-06-06,zachodniopomorskie,ZP,2,256424,0,4270,49,1431953,4,286962,0,248875
2022-06-07,zachodniopomorskie,ZP,3,256427,0,4270,161,1432114,3,286965,0,248875
2022-06-08,zachodniopomorskie,ZP,4,256431,0,4270,123,1432237,4,286969,0,248875
2022-06-09,zachodniopomorskie,ZP,5,256436,0,4270,112,1432349,9,286978,0,248875
2022-06-10,zachodniopomorskie,ZP,5,256441,0,4270,108,1432457,6,286984,1,248876
2022-06-11,zachodniopomorskie,ZP,10,256451,0,4270,136,1432593,10,286994,0,248876
2022-06-12,zachodniopomorskie,ZP,1,256452,0,4270,70,1432663,1,286995,0,248876
2022-06-13,zachodniopomorskie,ZP,0,256452,0,4270,34,1432697,1,286996,0,248876
2022-06-14,zachodniopomorskie,ZP,12,256464,1,4271,154,1432851,13,287009,0,248876
2022-06-15,zachodniopomorskie,ZP,7,256471,0,4271,120,1432971,9,287018,0,248876
2022-06-16,zachodniopomorskie,ZP,8,256479,0,4271,301,1433272,27,287045,0,248876
2022-06-17,zachodniopomorskie,ZP,1,256480,0,4271,52,1433324,3,287048,0,248876
2022-06-18,zachodniopomorskie,ZP,9,256489,0,4271,106,1433430,9,287057,1,248877
2022-06-19,zachodniopomorskie,ZP,1,256490,0,4271,85,1433515,1,287058,0,248877
2022-06-20,zachodniopomorskie,ZP,1,256491,0,4271,35,1433550,1,287059,0,248877
2022-06-21,zachodniopomorskie,ZP,10,256501,0,4271,153,1433703,11,287070,0,248877
2022-06-22,zachodniopomorskie,ZP,9,256510,0,4271,119,1433822,11,287081,1,248878
2022-06-23,zachodniopomorskie,ZP,8,256518,0,4271,94,1433916,10,287091,0,248878
2022-06-24,zachodniopomorskie,ZP,3,256521,0,4271,102,1434018,3,287094,0,248878
2022-06-25,zachodniopomorskie,ZP,9,256530,0,4271,128,1434146,11,287105,0,248878
2022-06-26,zachodniopomorskie,ZP,1,256531,0,4271,55,1434201,1,287106,0,248878
2022-06-27,zachodniopomorskie,ZP,4,256535,0,4271,42,1434243,4,287110,0,248878
2022-06-28,zachodniopomorskie,ZP,38,256573,0,4271,176,1434419,45,287155,0,248878
2022-06-29,zachodniopomorskie,ZP,18,256591,0,4271,126,1434545,22,287177,0,248878
2022-06-30,zachodniopomorskie,ZP,19,256610,0,4271,138,1434683,24,287201,0,248878
2022-07-01,zachodniopomorskie,ZP,9,256619,1,4272,87,1434770,9,287210,1,248879
2022-07-02,zachodniopomorskie,ZP,11,256630,0,4272,117,1434887,11,287221,1,248880
2022-07-03,zachodniopomorskie,ZP,5,256635,0,4272,70,1434957,6,287227,0,248880
2022-07-04,zachodniopomorskie,ZP,1,256636,0,4272,31,1434988,1,287228,0,248880
2022-07-05,zachodniopomorskie,ZP,32,256668,0,4272,181,1435169,34,287262,0,248880
2022-07-06,zachodniopomorskie,ZP,35,256703,0,4272,177,1435346,39,287301,1,248881
2022-07-07,zachodniopomorskie,ZP,38,256741,0,4272,169,1435515,42,287343,1,248882
2022-07-08,zachodniopomorskie,ZP,32,256773,0,4272,156,1435671,35,287378,0,248882
2022-07-09,zachodniopomorskie,ZP,60,256833,0,4272,220,1435891,67,287445,0,248882
2022-07-10,zachodniopomorskie,ZP,18,256851,0,4272,112,1436003,23,287468,0,248882
2022-07-11,zachodniopomorskie,ZP,8,256859,0,4272,63,1436066,10,287478,0,248882
2022-07-12,zachodniopomorskie,ZP,94,256953,1,4273,276,1436342,101,287579,2,248884
2022-07-13,zachodniopomorskie,ZP,83,257036,0,4273,262,1436604,88,287667,0,248884
2022-07-14,zachodniopomorskie,ZP,71,257107,0,4273,260,1436864,79,287746,0,248884
2022-07-15,zachodniopomorskie,ZP,55,257162,0,4273,152,1437016,61,287807,3,248887
2022-07-16,zachodniopomorskie,ZP,61,257223,0,4273,188,1437204,68,287875,0,248887
2022-07-17,zachodniopomorskie,ZP,7,257230,0,4273,53,1437257,8,287883,0,248887
2022-07-18,zachodniopomorskie,ZP,9,257239,0,4273,35,1437292,9,287892,0,248887
2022-07-19,zachodniopomorskie,ZP,114,257353,0,4273,311,1437603,119,288011,2,248889
2022-07-20,zachodniopomorskie,ZP,118,257471,0,4273,310,1437913,128,288139,0,248889
2022-07-21,zachodniopomorskie,ZP,145,257616,0,4273,400,1438313,157,288296,0,248889
2022-07-22,zachodniopomorskie,ZP,136,257752,0,4273,433,1438746,142,288438,0,248889
2022-07-23,zachodniopomorskie,ZP,126,257878,0,4273,444,1439190,137,288575,1,248890
2022-07-24,zachodniopomorskie,ZP,21,257899,0,4273,132,1439322,24,288599,0,248890
2022-07-25,zachodniopomorskie,ZP,21,257920,0,4273,96,1439418,24,288623,0,248890
2022-07-26,zachodniopomorskie,ZP,185,258105,1,4274,483,1439901,192,288815,0,248890
2022-07-27,zachodniopomorskie,ZP,146,258251,0,4274,464,1440365,160,288975,0,248890
2022-07-28,zachodniopomorskie,ZP,147,258398,0,4274,464,1440829,155,289130,0,248890
2022-07-29,zachodniopomorskie,ZP,147,258545,1,4275,382,1441211,157,289287,0,248890
2022-07-30,zachodniopomorskie,ZP,177,258722,2,4277,484,1441695,216,289503,0,248890
2022-07-31,zachodniopomorskie,ZP,32,258754,0,4277,136,1441831,35,289538,1,248891
2022-08-01,zachodniopomorskie,ZP,30,258784,0,4277,95,1441926,34,289572,0,248891
2022-08-02,zachodniopomorskie,ZP,295,259079,1,4278,640,1442566,311,289883,0,248891
2022-08-03,zachodniopomorskie,ZP,198,259277,0,4278,441,1443007,208,290091,0,248891
2022-08-04,zachodniopomorskie,ZP,209,259486,1,4279,466,1443473,220,290311,0,248891
2022-08-05,zachodniopomorskie,ZP,217,259703,0,4279,463,1443936,233,290544,1,248892
2022-08-06,zachodniopomorskie,ZP,185,259888,0,4279,484,1444420,200,290744,0,248892
2022-08-07,zachodniopomorskie,ZP,31,259919,0,4279,134,1444554,34,290778,0,248892
2022-08-08,zachodniopomorskie,ZP,22,259941,0,4279,132,1444686,26,290804,0,248892
2022-08-09,zachodniopomorskie,ZP,302,260243,3,4282,590,1445276,318,291122,0,248892
2022-08-10,zachodniopomorskie,ZP,204,260447,5,4287,441,1445717,214,291336,0,248892
2022-08-11,zachodniopomorskie,ZP,168,260615,0,4287,417,1446134,182,291518,0,248892
2022-08-12,zachodniopomorskie,ZP,159,260774,3,4290,442,1446576,175,291693,0,248892
2022-08-13,zachodniopomorskie,ZP,254,261028,0,4290,520,1447096,275,291968,0,248892
2022-08-14,zachodniopomorskie,ZP,37,261065,0,4290,161,1447257,50,292018,0,248892
2022-08-15,zachodniopomorskie,ZP,19,261084,0,4290,118,1447375,23,292041,1,248893
2022-08-16,zachodniopomorskie,ZP,44,261128,0,4290,171,1447546,56,292097,0,248893
2022-08-17,zachodniopomorskie,ZP,290,261418,0,4290,622,1448168,309,292406,1,248894
2022-08-18,zachodniopomorskie,ZP,224,261642,1,4291,517,1448685,243,292649,0,248894
2022-08-19,zachodniopomorskie,ZP,202,261844,1,4292,476,1449161,209,292858,0,248894
2022-08-20,zachodniopomorskie,ZP,215,262059,0,4292,497,1449658,229,293087,1,248895
2022-08-21,zachodniopomorskie,ZP,20,262079,0,4292,164,1449822,24,293111,0,248895
2022-08-22,zachodniopomorskie,ZP,31,262110,0,4292,114,1449936,34,293145,0,248895
2022-08-23,zachodniopomorskie,ZP,267,262377,2,4294,631,1450567,288,293433,0,248895
2022-08-24,zachodniopomorskie,ZP,197,262574,1,4295,532,1451099,206,293639,0,248895
2022-08-25,zachodniopomorskie,ZP,154,262728,2,4297,418,1451517,166,293805,0,248895
2022-08-26,zachodniopomorskie,ZP,155,262883,0,4297,448,1451965,174,293979,0,248895
2022-08-27,zachodniopomorskie,ZP,164,263047,0,4297,411,1452376,173,294152,0,248895
2022-08-28,zachodniopomorskie,ZP,22,263069,0,4297,152,1452528,26,294178,0,248895
2022-08-29,zachodniopomorskie,ZP,9,263078,0,4297,98,1452626,11,294189,0,248895
2022-08-30,zachodniopomorskie,ZP,189,263267,0,4297,562,1453188,203,294392,0,248895
2022-08-31,zachodniopomorskie,ZP,146,263413,1,4298,400,1453588,156,294548,0,248895
2022-09-01,zachodniopomorskie,ZP,117,263530,3,4301,332,1453920,128,294676,0,248895
2022-09-02,zachodniopomorskie,ZP,64,263594,0,4301,278,1454198,72,294748,0,248895
2022-09-03,zachodniopomorskie,ZP,54,263648,1,4302,289,1454487,59,294807,0,248895
2022-09-04,zachodniopomorskie,ZP,16,263664,0,4302,91,1454578,19,294826,0,248895
2022-09-05,zachodniopomorskie,ZP,19,263683,0,4302,69,1454647,21,294847,0,248895
2022-09-06,zachodniopomorskie,ZP,118,263801,1,4303,375,1455022,128,294975,0,248895
2022-09-07,zachodniopomorskie,ZP,95,263896,0,4303,307,1455329,104,295079,0,248895
2022-09-08,zachodniopomorskie,ZP,100,263996,2,4305,345,1455674,109,295188,0,248895
2022-09-09,zachodniopomorskie,ZP,174,264170,1,4306,510,1456184,187,295375,0,248895
2022-09-10,zachodniopomorskie,ZP,113,264283,0,4306,365,1456549,118,295493,0,248895
2022-09-11,zachodniopomorskie,ZP,10,264293,0,4306,101,1456650,15,295508,0,248895
2022-09-12,zachodniopomorskie,ZP,13,264306,0,4306,74,1456724,17,295525,0,248895
2022-09-13,zachodniopomorskie,ZP,149,264455,1,4307,503,1457227,164,295689,0,248895
2022-09-14,zachodniopomorskie,ZP,204,264659,1,4308,593,1457820,217,295906,0,248895
2022-09-15,zachodniopomorskie,ZP,168,264827,1,4309,524,1458344,181,296087,0,248895
2022-09-16,zachodniopomorskie,ZP,104,264931,1,4310,383,1458727,113,296200,0,248895
2022-09-17,zachodniopomorskie,ZP,109,265040,2,4312,393,1459120,123,296323,0,248895
2022-09-18,zachodniopomorskie,ZP,18,265058,0,4312,107,1459227,25,296348,0,248895
2022-09-19,zachodniopomorskie,ZP,14,265072,0,4312,95,1459322,14,296362,0,248895
2022-09-20,zachodniopomorskie,ZP,165,265237,0,4312,573,1459895,177,296539,0,248895
2022-09-21,zachodniopomorskie,ZP,128,265365,1,4313,454,1460349,135,296674,0,248895
2022-09-22,zachodniopomorskie,ZP,176,265541,0,4313,569,1460918,189,296863,0,248895
2022-09-23,zachodniopomorskie,ZP,173,265714,0,4313,578,1461496,193,297056,0,248895
2022-09-24,zachodniopomorskie,ZP,120,265834,3,4316,419,1461915,129,297185,0,248895
2022-09-25,zachodniopomorskie,ZP,6,265840,0,4316,89,1462004,8,297193,0,248895
2022-09-26,zachodniopomorskie,ZP,6,265846,0,4316,74,1462078,9,297202,0,248895
2022-09-27,zachodniopomorskie,ZP,143,265989,0,4316,527,1462605,156,297358,0,248895
2022-09-28,zachodniopomorskie,ZP,94,266083,0,4316,439,1463044,104,297462,0,248895
2022-09-29,zachodniopomorskie,ZP,169,266252,2,4318,540,1463584,187,297649,0,248895
2022-09-30,zachodniopomorskie,ZP,158,266410,0,4318,499,1464083,175,297824,0,248895
2022-10-01,zachodniopomorskie,ZP,124,266534,0,4318,441,1464524,132,297956,0,248895
2022-10-02,zachodniopomorskie,ZP,12,266546,0,4318,67,1464591,14,297970,0,248895
2022-10-03,zachodniopomorskie,ZP,4,266550,0,4318,30,1464621,4,297974,0,248895
2022-10-04,zachodniopomorskie,ZP,202,266752,1,4319,542,1465163,210,298184,0,248895
2022-10-05,zachodniopomorskie,ZP,150,266902,3,4322,459,1465622,156,298340,0,248895
2022-10-06,zachodniopomorskie,ZP,125,267027,3,4325,411,1466033,131,298471,0,248895
2022-10-07,zachodniopomorskie,ZP,95,267122,7,4332,369,1466402,99,298570,0,248895
2022-10-08,zachodniopomorskie,ZP,141,267263,0,4332,574,1466976,157,298727,0,248895
2022-10-09,zachodniopomorskie,ZP,14,267277,0,4332,100,1467076,17,298744,0,248895
2022-10-10,zachodniopomorskie,ZP,14,267291,0,4332,86,1467162,15,298759,0,248895
2022-10-11,zachodniopomorskie,ZP,149,267440,1,4333,523,1467685,155,298914,0,248895
2022-10-12,zachodniopomorskie,ZP,93,267533,1,4334,440,1468125,108,299022,0,248895
2022-10-13,zachodniopomorskie,ZP,89,267622,0,4334,431,1468556,97,299119,0,248895
2022-10-14,zachodniopomorskie,ZP,70,267692,2,4336,300,1468856,74,299193,0,248895
2022-10-15,zachodniopomorskie,ZP,85,267777,0,4336,322,1469178,88,299281,0,248895
2022-10-16,zachodniopomorskie,ZP,8,267785,0,4336,89,1469267,9,299290,0,248895
2022-10-17,zachodniopomorskie,ZP,8,267793,0,4336,64,1469331,8,299298,0,248895
2022-10-18,zachodniopomorskie,ZP,73,267866,2,4338,470,1469801,82,299380,0,248895
2022-10-19,zachodniopomorskie,ZP,85,267951,0,4338,421,1470222,93,299473,0,248895
2022-10-20,zachodniopomorskie,ZP,77,268028,1,4339,311,1470533,83,299556,0,248895
2022-10-21,zachodniopomorskie,ZP,50,268078,4,4343,269,1470802,52,299608,0,248895
2022-10-22,zachodniopomorskie,ZP,58,268136,0,4343,306,1471108,60,299668,0,248895
2022-10-23,zachodniopomorskie,ZP,9,268145,0,4343,104,1471212,11,299679,0,248895
2022-10-24,zachodniopomorskie,ZP,5,268150,0,4343,73,1471285,6,299685,0,248895
2022-10-25,zachodniopomorskie,ZP,78,268228,1,4344,373,1471658,83,299768,0,248895
2022-10-26,zachodniopomorskie,ZP,45,268273,0,4344,292,1471950,48,299816,0,248895
2022-10-27,zachodniopomorskie,ZP,49,268322,1,4345,280,1472230,53,299869,0,248895
2022-10-28,zachodniopomorskie,ZP,30,268352,0,4345,237,1472467,35,299904,0,248895
2022-10-29,zachodniopomorskie,ZP,35,268387,0,4345,229,1472696,36,299940,0,248895
2022-10-30,zachodniopomorskie,ZP,4,268391,0,4345,57,1472753,5,299945,0,248895
2022-10-31,zachodniopomorskie,ZP,7,268398,0,4345,63,1472816,7,299952,0,248895
2022-11-01,zachodniopomorskie,ZP,38,268436,0,4345,285,1473101,40,299992,0,248895
2022-11-02,zachodniopomorskie,ZP,8,268444,0,4345,62,1473163,8,300000,0,248895
2022-11-03,zachodniopomorskie,ZP,50,268494,0,4345,382,1473545,53,300053,0,248895
2022-11-04,zachodniopomorskie,ZP,24,268518,1,4346,287,1473832,29,300082,0,248895
2022-11-05,zachodniopomorskie,ZP,30,268548,1,4347,220,1474052,35,300117,0,248895
2022-11-06,zachodniopomorskie,ZP,3,268551,0,4347,79,1474131,7,300124,0,248895
2022-11-07,zachodniopomorskie,ZP,4,268555,0,4347,72,1474203,5,300129,0,248895
2022-11-08,zachodniopomorskie,ZP,39,268594,0,4347,310,1474513,41,300170,0,248895
2022-11-09,zachodniopomorskie,ZP,19,268613,0,4347,267,1474780,20,300190,0,248895
2022-11-10,zachodniopomorskie,ZP,31,268644,0,4347,265,1475045,34,300224,0,248895
2022-11-11,zachodniopomorskie,ZP,25,268669,0,4347,185,1475230,27,300251,0,248895
2022-11-12,zachodniopomorskie,ZP,1,268670,0,4347,50,1475280,2,300253,0,248895
2022-11-13,zachodniopomorskie,ZP,0,268670,0,4347,53,1475333,1,300254,0,248895
2022-11-14,zachodniopomorskie,ZP,3,268673,0,4347,58,1475391,4,300258,0,248895
2022-11-15,zachodniopomorskie,ZP,44,268717,0,4347,323,1475714,45,300303,0,248895
2022-11-16,zachodniopomorskie,ZP,12,268729,0,4347,206,1475920,15,300318,0,248895
2022-11-17,zachodniopomorskie,ZP,31,268760,1,4348,229,1476149,34,300352,0,248895
2022-11-18,zachodniopomorskie,ZP,21,268781,0,4348,256,1476405,27,300379,0,248895
2022-11-19,zachodniopomorskie,ZP,31,268812,0,4348,243,1476648,31,300410,0,248895
2022-11-20,zachodniopomorskie,ZP,3,268815,0,4348,67,1476715,4,300414,0,248895
2022-11-21,zachodniopomorskie,ZP,6,268821,0,4348,60,1476775,7,300421,0,248895
2022-11-22,zachodniopomorskie,ZP,37,268858,0,4348,304,1477079,43,300464,0,248895
2022-11-23,zachodniopomorskie,ZP,19,268877,0,4348,265,1477344,19,300483,0,248895
2022-11-24,zachodniopomorskie,ZP,17,268894,0,4348,271,1477615,19,300502,0,248895
2022-11-25,zachodniopomorskie,ZP,25,268919,0,4348,228,1477843,28,300530,0,248895
2022-11-26,zachodniopomorskie,ZP,22,268941,0,4348,209,1478052,23,300553,0,248895
2022-11-27,zachodniopomorskie,ZP,3,268944,0,4348,38,1478090,3,300556,0,248895
2022-11-28,zachodniopomorskie,ZP,2,268946,0,4348,46,1478136,2,300558,0,248895
2022-11-29,zachodniopomorskie,ZP,37,268983,0,4348,234,1478370,39,300597,0,248895
2022-11-30,zachodniopomorskie,ZP,39,269022,0,4348,289,1478659,41,300638,0,248895
2022-12-01,zachodniopomorskie,ZP,55,269077,0,4348,301,1478960,58,300696,0,248895
2022-12-02,zachodniopomorskie,ZP,29,269106,0,4348,207,1479167,31,300727,0,248895
2022-12-03,zachodniopomorskie,ZP,36,269142,0,4348,225,1479392,40,300767,0,248895
2022-12-04,zachodniopomorskie,ZP,7,269149,0,4348,79,1479471,7,300774,0,248895
2022-12-05,zachodniopomorskie,ZP,6,269155,0,4348,52,1479523,7,300781,0,248895
2022-12-06,zachodniopomorskie,ZP,74,269229,0,4348,367,1479890,80,300861,0,248895
2022-12-07,zachodniopomorskie,ZP,44,269273,0,4348,243,1480133,51,300912,0,248895
2022-12-08,zachodniopomorskie,ZP,47,269320,0,4348,241,1480374,48,300960,0,248895
2022-12-09,zachodniopomorskie,ZP,32,269352,0,4348,185,1480559,45,301005,0,248895
2022-12-10,zachodniopomorskie,ZP,33,269385,0,4348,210,1480769,38,301043,0,248895
2022-12-11,zachodniopomorskie,ZP,10,269395,0,4348,67,1480836,12,301055,0,248895
2022-12-12,zachodniopomorskie,ZP,7,269402,0,4348,54,1480890,7,301062,0,248895
2022-12-13,zachodniopomorskie,ZP,57,269459,1,4349,384,1481274,60,301122,0,248895
2022-12-14,zachodniopomorskie,ZP,51,269510,1,4350,395,1481669,56,301178,0,248895
2022-12-15,zachodniopomorskie,ZP,45,269555,0,4350,299,1481968,48,301226,0,248895
2022-12-16,zachodniopomorskie,ZP,31,269586,0,4350,275,1482243,36,301262,0,248895
2022-12-17,zachodniopomorskie,ZP,46,269632,0,4350,266,1482509,47,301309,0,248895
2022-12-18,zachodniopomorskie,ZP,8,269640,0,4350,63,1482572,9,301318,0,248895
2022-12-19,zachodniopomorskie,ZP,4,269644,0,4350,63,1482635,5,301323,0,248895
2022-12-20,zachodniopomorskie,ZP,70,269714,1,4351,480,1483115,78,301401,0,248895
2022-12-21,zachodniopomorskie,ZP,49,269763,0,4351,384,1483499,54,301455,0,248895
2022-12-22,zachodniopomorskie,ZP,64,269827,0,4351,357,1483856,74,301529,0,248895
2022-12-23,zachodniopomorskie,ZP,53,269880,0,4351,317,1484173,60,301589,0,248895
2022-12-24,zachodniopomorskie,ZP,51,269931,1,4352,319,1484492,54,301643,0,248895
2022-12-25,zachodniopomorskie,ZP,5,269936,0,4352,81,1484573,6,301649,0,248895
2022-12-26,zachodniopomorskie,ZP,7,269943,0,4352,120,1484693,7,301656,0,248895
2022-12-27,zachodniopomorskie,ZP,14,269957,0,4352,132,1484825,16,301672,0,248895
2022-12-28,zachodniopomorskie,ZP,54,270011,1,4353,467,1485292,59,301731,0,248895
2022-12-29,zachodniopomorskie,ZP,51,270062,4,4357,466,1485758,61,301792,0,248895
2022-12-30,zachodniopomorskie,ZP,40,270102,0,4357,354,1486112,51,301843,0,248895
2022-12-31,zachodniopomorskie,ZP,37,270139,1,4358,311,1486423,39,301882,0,248895
2023-01-01,zachodniopomorskie,ZP,9,270148,0,4358,88,1486511,11,301893,0,248895
2023-01-02,zachodniopomorskie,ZP,5,270153,0,4358,87,1486598,5,301898,0,248895
2023-01-03,zachodniopomorskie,ZP,69,270222,0,4358,509,1487107,83,301981,0,248895
2023-01-04,zachodniopomorskie,ZP,25,270247,1,4359,293,1487400,30,302011,0,248895
2023-01-05,zachodniopomorskie,ZP,24,270271,0,4359,310,1487710,25,302036,0,248895
2023-01-06,zachodniopomorskie,ZP,29,270300,0,4359,264,1487974,32,302068,0,248895
2023-01-07,zachodniopomorskie,ZP,3,270303,0,4359,79,1488053,3,302071,0,248895
2023-01-08,zachodniopomorskie,ZP,4,270307,0,4359,90,1488143,5,302076,0,248895
2023-01-09,zachodniopomorskie,ZP,4,270311,0,4359,90,1488233,6,302082,0,248895
2023-01-10,zachodniopomorskie,ZP,20,270331,1,4360,267,1488500,21,302103,0,248895
2023-01-11,zachodniopomorskie,ZP,20,270351,0,4360,209,1488709,23,302126,0,248895
2023-01-12,zachodniopomorskie,ZP,13,270364,0,4360,205,1488914,15,302141,0,248895
2023-01-13,zachodniopomorskie,ZP,21,270385,0,4360,177,1489091,23,302164,0,248895
2023-01-14,zachodniopomorskie,ZP,23,270408,1,4361,164,1489255,25,302189,0,248895
2023-01-15,zachodniopomorskie,ZP,3,270411,0,4361,59,1489314,3,302192,0,248895
2023-01-16,zachodniopomorskie,ZP,4,270415,0,4361,64,1489378,5,302197,0,248895
2023-01-17,zachodniopomorskie,ZP,26,270441,0,4361,193,1489571,28,302225,0,248895
2023-01-18,zachodniopomorskie,ZP,26,270467,0,4361,217,1489788,27,302252,0,248895
2023-01-19,zachodniopomorskie,ZP,12,270479,0,4361,174,1489962,15,302267,0,248895
2023-01-20,zachodniopomorskie,ZP,12,270491,0,4361,193,1490155,21,302288,0,248895
2023-01-21,zachodniopomorskie,ZP,19,270510,0,4361,166,1490321,21,302309,0,248895
2023-01-22,zachodniopomorskie,ZP,1,270511,0,4361,57,1490378,2,302311,0,248895
2023-01-23,zachodniopomorskie,ZP,2,270513,0,4361,48,1490426,2,302313,0,248895
2023-01-24,zachodniopomorskie,ZP,24,270537,0,4361,225,1490651,25,302338,0,248895
2023-01-25,zachodniopomorskie,ZP,15,270552,0,4361,185,1490836,15,302353,0,248895
2023-01-26,zachodniopomorskie,ZP,16,270568,0,4361,213,1491049,16,302369,0,248895
2023-01-27,zachodniopomorskie,ZP,23,270591,0,4361,186,1491235,25,302394,0,248895
2023-01-28,zachodniopomorskie,ZP,12,270603,0,4361,191,1491426,13,302407,0,248895
2023-01-29,zachodniopomorskie,ZP,0,270603,0,4361,34,1491460,0,302407,0,248895
2023-01-30,zachodniopomorskie,ZP,2,270605,0,4361,37,1491497,2,302409,0,248895
2023-01-31,zachodniopomorskie,ZP,45,270650,0,4361,322,1491819,46,302455,0,248895
2023-02-01,zachodniopomorskie,ZP,36,270686,0,4361,307,1492126,37,302492,0,248895
2023-02-02,zachodniopomorskie,ZP,25,270711,0,4361,219,1492345,26,302518,0,248895
2023-02-03,zachodniopomorskie,ZP,37,270748,0,4361,400,1492745,43,302561,0,248895
2023-02-04,zachodniopomorskie,ZP,27,270775,0,4361,290,1493035,28,302589,0,248895
2023-02-05,zachodniopomorskie,ZP,4,270779,0,4361,53,1493088,4,302593,0,248895
2023-02-06,zachodniopomorskie,ZP,4,270783,0,4361,39,1493127,4,302597,0,248895
2023-02-07,zachodniopomorskie,ZP,41,270824,0,4361,346,1493473,42,302639,0,248895
2023-02-08,zachodniopomorskie,ZP,43,270867,2,4363,300,1493773,45,302684,0,248895
2023-02-09,zachodniopomorskie,ZP,44,270911,0,4363,430,1494203,46,302730,0,248895
2023-02-10,zachodniopomorskie,ZP,25,270936,0,4363,321,1494524,25,302755,0,248895
2023-02-11,zachodniopomorskie,ZP,57,270993,0,4363,439,1494963,58,302813,0,248895
2023-02-12,zachodniopomorskie,ZP,5,270998,0,4363,82,1495045,8,302821,0,248895
2023-02-13,zachodniopomorskie,ZP,3,271001,0,4363,38,1495083,3,302824,0,248895
2023-02-14,zachodniopomorskie,ZP,52,271053,0,4363,334,1495417,53,302877,0,248895
2023-02-15,zachodniopomorskie,ZP,58,271111,0,4363,400,1495817,65,302942,0,248895
2023-02-16,zachodniopomorskie,ZP,47,271158,0,4363,303,1496120,48,302990,0,248895
2023-02-17,zachodniopomorskie,ZP,57,271215,0,4363,340,1496460,59,303049,0,248895
2023-02-18,zachodniopomorskie,ZP,33,271248,0,4363,255,1496715,33,303082,0,248895
2023-02-19,zachodniopomorskie,ZP,11,271259,0,4363,86,1496801,12,303094,0,248895
2023-02-20,zachodniopomorskie,ZP,1,271260,0,4363,40,1496841,1,303095,0,248895
2023-02-21,zachodniopomorskie,ZP,70,271330,0,4363,348,1497189,73,303168,0,248895
2023-02-22,zachodniopomorskie,ZP,75,271405,0,4363,323,1497512,78,303246,0,248895
2023-02-23,zachodniopomorskie,ZP,63,271468,0,4363,365,1497877,74,303320,0,248895
2023-02-24,zachodniopomorskie,ZP,59,271527,0,4363,257,1498134,62,303382,0,248895
2023-02-25,zachodniopomorskie,ZP,53,271580,0,4363,295,1498429,55,303437,0,248895
2023-02-26,zachodniopomorskie,ZP,6,271586,0,4363,58,1498487,7,303444,0,248895
2023-02-27,zachodniopomorskie,ZP,6,271592,0,4363,49,1498536,7,303451,0,248895
2023-02-28,zachodniopomorskie,ZP,75,271667,0,4363,303,1498839,77,303528,0,248895
2023-03-01,zachodniopomorskie,ZP,66,271733,0,4363,284,1499123,71,303599,0,248895
2023-03-02,zachodniopomorskie,ZP,80,271813,0,4363,314,1499437,82,303681,0,248895
2023-03-03,zachodniopomorskie,ZP,87,271900,0,4363,321,1499758,88,303769,0,248895
2023-03-04,zachodniopomorskie,ZP,104,272004,0,4363,377,1500135,109,303878,0,248895
2023-03-05,zachodniopomorskie,ZP,10,272014,0,4363,57,1500192,10,303888,0,248895
2023-03-06,zachodniopomorskie,ZP,7,272021,0,4363,67,1500259,7,303895,0,248895
2023-03-07,zachodniopomorskie,ZP,134,272155,0,4363,480,1500739,140,304035,0,248895
2023-03-08,zachodniopomorskie,ZP,114,272269,0,4363,415,1501154,121,304156,0,248895
2023-03-09,zachodniopomorskie,ZP,91,272360,0,4363,363,1501517,95,304251,0,248895
2023-03-10,zachodniopomorskie,ZP,116,272476,1,4364,369,1501886,120,304371,0,248895
2023-03-11,zachodniopomorskie,ZP,98,272574,0,4364,415,1502301,107,304478,0,248895
2023-03-12,zachodniopomorskie,ZP,16,272590,0,4364,83,1502384,17,304495,0,248895
2023-03-13,zachodniopomorskie,ZP,17,272607,0,4364,87,1502471,22,304517,0,248895
2023-03-14,zachodniopomorskie,ZP,182,272789,1,4365,605,1503076,192,304709,0,248895
2023-03-15,zachodniopomorskie,ZP,229,273018,0,4365,578,1503654,233,304942,0,248895
2023-03-16,zachodniopomorskie,ZP,181,273199,2,4367,618,1504272,188,305130,0,248895
2023-03-17,zachodniopomorskie,ZP,180,273379,0,4367,535,1504807,191,305321,0,248895
2023-03-18,zachodniopomorskie,ZP,202,273581,1,4368,500,1505307,208,305529,0,248895
2023-03-19,zachodniopomorskie,ZP,16,273597,0,4368,74,1505381,17,305546,0,248895
2023-03-20,zachodniopomorskie,ZP,16,273613,0,4368,70,1505451,16,305562,0,248895
2023-03-21,zachodniopomorskie,ZP,246,273859,1,4369,693,1506144,264,305826,0,248895
2023-03-22,zachodniopomorskie,ZP,217,274076,1,4370,660,1506804,228,306054,0,248895
2023-03-23,zachodniopomorskie,ZP,188,274264,0,4370,633,1507437,193,306247,0,248895
2023-03-24,zachodniopomorskie,ZP,128,274392,0,4370,439,1507876,144,306391,0,248895
2023-03-25,zachodniopomorskie,ZP,122,274514,0,4370,414,1508290,130,306521,0,248895
2023-03-26,zachodniopomorskie,ZP,17,274531,0,4370,92,1508382,20,306541,0,248895
2023-03-27,zachodniopomorskie,ZP,15,274546,0,4370,86,1508468,17,306558,0,248895
2023-03-28,zachodniopomorskie,ZP,178,274724,0,4370,599,1509067,186,306744,0,248895
2023-03-29,zachodniopomorskie,ZP,127,274851,0,4370,502,1509569,133,306877,0,248895
2023-03-30,zachodniopomorskie,ZP,122,274973,0,4370,495,1510064,130,307007,0,248895
2023-03-31,zachodniopomorskie,ZP,119,275092,2,4372,455,1510519,126,307133,0,248895
2023-04-01,zachodniopomorskie,ZP,87,275179,1,4373,412,1510931,93,307226,0,248895
2023-04-02,zachodniopomorskie,ZP,19,275198,0,4373,140,1511071,21,307247,0,248895
2023-04-03,zachodniopomorskie,ZP,15,275213,0,4373,73,1511144,18,307265,0,248895
2023-04-04,zachodniopomorskie,ZP,131,275344,1,4374,697,1511841,136,307401,0,248895
2023-04-05,zachodniopomorskie,ZP,77,275421,0,4374,402,1512243,84,307485,0,248895
2023-04-06,zachodniopomorskie,ZP,74,275495,3,4377,420,1512663,81,307566,0,248895
2023-04-07,zachodniopomorskie,ZP,81,275576,1,4378,356,1513019,86,307652,0,248895
2023-04-08,zachodniopomorskie,ZP,55,275631,0,4378,314,1513333,60,307712,0,248895
2023-04-09,zachodniopomorskie,ZP,8,275639,0,4378,80,1513413,13,307725,0,248895
2023-04-10,zachodniopomorskie,ZP,4,275643,0,4378,34,1513447,5,307730,0,248895
2023-04-11,zachodniopomorskie,ZP,6,275649,0,4378,77,1513524,6,307736,0,248895
2023-04-12,zachodniopomorskie,ZP,92,275741,0,4378,444,1513968,96,307832,0,248895
2023-04-13,zachodniopomorskie,ZP,87,275828,1,4379,467,1514435,88,307920,0,248895
2023-04-14,zachodniopomorskie,ZP,75,275903,0,4379,381,1514816,79,307999,0,248895
2023-04-15,zachodniopomorskie,ZP,73,275976,1,4380,305,1515121,75,308074,0,248895
2023-04-16,zachodniopomorskie,ZP,7,275983,0,4380,76,1515197,7,308081,0,248895
2023-04-17,zachodniopomorskie,ZP,3,275986,0,4380,67,1515264,4,308085,0,248895
2023-04-18,zachodniopomorskie,ZP,64,276050,1,4381,372,1515636,67,308152,0,248895
2023-04-19,zachodniopomorskie,ZP,41,276091,0,4381,363,1515999,46,308198,0,248895
2023-04-20,zachodniopomorskie,ZP,41,276132,0,4381,297,1516296,47,308245,0,248895
2023-04-21,zachodniopomorskie,ZP,40,276172,0,4381,237,1516533,45,308290,0,248895
2023-04-22,zachodniopomorskie,ZP,33,276205,0,4381,235,1516768,36,308326,0,248895
2023-04-23,zachodniopomorskie,ZP,3,276208,0,4381,44,1516812,4,308330,0,248895
2023-04-24,zachodniopomorskie,ZP,7,276215,0,4381,45,1516857,7,308337,0,248895
2023-04-25,zachodniopomorskie,ZP,35,276250,0,4381,378,1517235,38,308375,0,248895
2023-04-26,zachodniopomorskie,ZP,24,276274,0,4381,253,1517488,25,308400,0,248895
2023-04-27,zachodniopomorskie,ZP,35,276309,1,4382,289,1517777,36,308436,0,248895
2023-04-28,zachodniopomorskie,ZP,25,276334,0,4382,234,1518011,27,308463,0,248895
2023-04-29,zachodniopomorskie,ZP,12,276346,0,4382,193,1518204,19,308482,0,248895
2023-04-30,zachodniopomorskie,ZP,1,276347,0,4382,49,1518253,1,308483,0,248895
2023-05-01,zachodniopomorskie,ZP,4,276351,0,4382,26,1518279,4,308487,0,248895
2023-05-02,zachodniopomorskie,ZP,2,276353,0,4382,25,1518304,3,308490,0,248895
2023-05-03,zachodniopomorskie,ZP,17,276370,0,4382,214,1518518,19,308509,0,248895
2023-05-04,zachodniopomorskie,ZP,3,276373,0,4382,63,1518581,5,308514,0,248895
2023-05-05,zachodniopomorskie,ZP,11,276384,0,4382,187,1518768,13,308527,0,248895
2023-05-06,zachodniopomorskie,ZP,17,276401,0,4382,209,1518977,17,308544,0,248895
2023-05-07,zachodniopomorskie,ZP,3,276404,0,4382,77,1519054,4,308548,0,248895
2023-05-08,zachodniopomorskie,ZP,1,276405,0,4382,20,1519074,1,308549,0,248895
2023-05-09,zachodniopomorskie,ZP,8,276413,0,4382,278,1519352,9,308558,0,248895
2023-05-10,zachodniopomorskie,ZP,9,276422,0,4382,207,1519559,10,308568,0,248895
2023-05-11,zachodniopomorskie,ZP,12,276434,0,4382,183,1519742,15,308583,0,248895
2023-05-12,zachodniopomorskie,ZP,8,276442,0,4382,156,1519898,8,308591,0,248895
2023-05-13,zachodniopomorskie,ZP,9,276451,1,4383,154,1520052,10,308601,0,248895
2023-05-14,zachodniopomorskie,ZP,1,276452,0,4383,19,1520071,1,308602,0,248895
2023-05-15,zachodniopomorskie,ZP,0,276452,0,4383,19,1520090,0,308602,0,248895
2023-05-16,zachodniopomorskie,ZP,5,276457,0,4383,262,1520352,7,308609,0,248895
2023-05-17,zachodniopomorskie,ZP,3,276460,0,4383,177,1520529,3,308612,0,248895
2023-05-18,zachodniopomorskie,ZP,7,276467,0,4383,128,1520657,7,308619,0,248895
2023-05-19,zachodniopomorskie,ZP,7,276474,0,4383,106,1520763,8,308627,0,248895
2023-05-20,zachodniopomorskie,ZP,1,276475,0,4383,90,1520853,2,308629,0,248895
2023-05-21,zachodniopomorskie,ZP,1,276476,0,4383,19,1520872,1,308630,0,248895
2023-05-22,zachodniopomorskie,ZP,1,276477,0,4383,27,1520899,1,308631,0,248895
2023-05-23,zachodniopomorskie,ZP,4,276481,0,4383,123,1521022,5,308636,0,248895
2023-05-24,zachodniopomorskie,ZP,11,276492,1,4384,104,1521126,12,308648,0,248895
2023-05-25,zachodniopomorskie,ZP,7,276499,0,4384,81,1521207,8,308656,0,248895
2023-05-26,zachodniopomorskie,ZP,2,276501,0,4384,94,1521301,2,308658,0,248895
2023-05-27,zachodniopomorskie,ZP,6,276507,0,4384,69,1521370,7,308665,0,248895
2023-05-28,zachodniopomorskie,ZP,1,276508,0,4384,12,1521382,2,308667,0,248895
2023-05-29,zachodniopomorskie,ZP,1,276509,0,4384,37,1521419,2,308669,0,248895
2023-05-30,zachodniopomorskie,ZP,9,276518,0,4384,111,1521530,10,308679,0,248895
2023-05-31,zachodniopomorskie,ZP,6,276524,0,4384,90,1521620,6,308685,0,248895
2023-06-01,zachodniopomorskie,ZP,4,276528,0,4384,69,1521689,4,308689,0,248895
2023-06-02,zachodniopomorskie,ZP,1,276529,0,4384,57,1521746,3,308692,0,248895
2023-06-03,zachodniopomorskie,ZP,2,276531,1,4385,52,1521798,2,308694,0,248895
2023-06-04,zachodniopomorskie,ZP,0,276531,0,4385,19,1521817,0,308694,0,248895
2023-06-05,zachodniopomorskie,ZP,1,276532,0,4385,33,1521850,1,308695,0,248895
2023-06-06,zachodniopomorskie,ZP,2,276534,0,4385,116,1521966,3,308698,0,248895
2023-06-07,zachodniopomorskie,ZP,2,276536,0,4385,81,1522047,2,308700,0,248895
2023-06-08,zachodniopomorskie,ZP,6,276542,2,4387,66,1522113,7,308707,0,248895
2023-06-09,zachodniopomorskie,ZP,0,276542,0,4387,24,1522137,0,308707,0,248895
2023-06-10,zachodniopomorskie,ZP,2,276544,0,4387,48,1522185,2,308709,0,248895
2023-06-11,zachodniopomorskie,ZP,0,276544,0,4387,32,1522217,0,308709,0,248895
2023-06-12,zachodniopomorskie,ZP,0,276544,0,4387,10,1522227,0,308709,0,248895
2023-06-13,zachodniopomorskie,ZP,3,276547,0,4387,61,1522288,3,308712,0,248895
2023-06-14,zachodniopomorskie,ZP,1,276548,0,4387,44,1522332,1,308713,0,248895
2023-06-15,zachodniopomorskie,ZP,2,276550,0,4387,55,1522387,2,308715,0,248895
2023-06-16,zachodniopomorskie,ZP,2,276552,0,4387,56,1522443,2,308717,0,248895
2023-06-17,zachodniopomorskie,ZP,2,276554,0,4387,95,1522538,4,308721,0,248895
2023-06-18,zachodniopomorskie,ZP,0,276554,0,4387,11,1522549,0,308721,0,248895
2023-06-19,zachodniopomorskie,ZP,2,276556,0,4387,10,1522559,2,308723,0,248895
2023-06-20,zachodniopomorskie,ZP,1,276557,0,4387,45,1522604,1,308724,0,248895
2023-06-21,zachodniopomorskie,ZP,2,276559,0,4387,60,1522664,2,308726,0,248895
2023-06-22,zachodniopomorskie,ZP,1,276560,0,4387,45,1522709,1,308727,0,248895
2023-06-23,zachodniopomorskie,ZP,6,276566,0,4387,48,1522757,6,308733,0,248895
2023-06-24,zachodniopomorskie,ZP,5,276571,0,4387,48,1522805,7,308740,0,248895
2023-06-25,zachodniopomorskie,ZP,0,276571,0,4387,17,1522822,0,308740,0,248895
2023-06-26,zachodniopomorskie,ZP,0,276571,0,4387,17,1522839,0,308740,0,248895
2023-06-27,zachodniopomorskie,ZP,3,276574,0,4387,35,1522874,3,308743,0,248895
2023-06-28,zachodniopomorskie,ZP,1,276575,0,4387,45,1522919,1,308744,0,248895
2023-06-29,zachodniopomorskie,ZP,0,276575,0,4387,43,1522962,0,308744,0,248895
2023-06-30,zachodniopomorskie,ZP,2,276577,0,4387,28,1522990,4,308748,0,248895
2023-07-01,zachodniopomorskie,ZP,1,276578,0,4387,14,1523004,1,308749,0,248895
2023-07-02,zachodniopomorskie,ZP,0,276578,0,4387,6,1523010,0,308749,0,248895
2023-07-03,zachodniopomorskie,ZP,0,276578,0,4387,14,1523024,0,308749,0,248895
2023-07-04,zachodniopomorskie,ZP,2,276580,0,4387,31,1523055,2,308751,0,248895
2023-07-05,zachodniopomorskie,ZP,2,276582,0,4387,24,1523079,2,308753,0,248895
2023-07-06,zachodniopomorskie,ZP,0,276582,0,4387,16,1523095,0,308753,0,248895
2023-07-07,zachodniopomorskie,ZP,1,276583,0,4387,12,1523107,1,308754,0,248895
2023-07-08,zachodniopomorskie,ZP,0,276583,0,4387,13,1523120,0,308754,0,248895
2023-07-09,zachodniopomorskie,ZP,0,276583,0,4387,8,1523128,0,308754,0,248895
2023-07-10,zachodniopomorskie,ZP,0,276583,0,4387,4,1523132,0,308754,0,248895
2023-07-11,zachodniopomorskie,ZP,2,276585,0,4387,27,1523159,2,308756,0,248895
2023-07-12,zachodniopomorskie,ZP,2,276587,1,4388,21,1523180,2,308758,0,248895
2023-07-13,zachodniopomorskie,ZP,1,276588,0,4388,17,1523197,1,308759,0,248895
2023-07-14,zachodniopomorskie,ZP,1,276589,0,4388,8,1523205,1,308760,0,248895
2023-07-15,zachodniopomorskie,ZP,0,276589,0,4388,10,1523215,0,308760,0,248895
2023-07-16,zachodniopomorskie,ZP,0,276589,0,4388,6,1523221,0,308760,0,248895
2023-07-17,zachodniopomorskie,ZP,0,276589,0,4388,6,1523227,0,308760,0,248895
2023-07-18,zachodniopomorskie,ZP,0,276589,0,4388,14,1523241,0,308760,0,248895
2023-07-19,zachodniopomorskie,ZP,0,276589,0,4388,24,1523265,0,308760,0,248895
2023-07-20,zachodniopomorskie,ZP,1,276590,0,4388,11,1523276,1,308761,0,248895
2023-07-21,zachodniopomorskie,ZP,0,276590,0,4388,17,1523293,0,308761,0,248895
2023-07-22,zachodniopomorskie,ZP,1,276591,0,4388,8,1523301,1,308762,0,248895
2023-07-23,zachodniopomorskie,ZP,0,276591,0,4388,6,1523307,0,308762,0,248895
2023-07-24,zachodniopomorskie,ZP,0,276591,0,4388,1,1523308,0,308762,0,248895
2023-07-25,zachodniopomorskie,ZP,0,276591,0,4388,8,1523316,0,308762,0,248895
2023-07-26,zachodniopomorskie,ZP,1,276592,0,4388,7,1523323,1,308763,0,248895
2023-07-27,zachodniopomorskie,ZP,1,276593,0,4388,8,1523331,1,308764,0,248895
2023-07-28,zachodniopomorskie,ZP,0,276593,0,4388,5,1523336,0,308764,0,248895
2023-07-29,zachodniopomorskie,ZP,0,276593,0,4388,9,1523345,0,308764,0,248895
2023-07-30,zachodniopomorskie,ZP,0,276593,0,4388,1,1523346,0,308764,0,248895
2023-07-31,zachodniopomorskie,ZP,0,276593,0,4388,3,1523349,0,308764,0,248895
2023-08-01,zachodniopomorskie,ZP,0,276593,0,4388,11,1523360,0,308764,0,248895
2023-08-02,zachodniopomorskie,ZP,3,276596,0,4388,9,1523369,3,308767,0,248895
2023-08-03,zachodniopomorskie,ZP,0,276596,0,4388,8,1523377,0,308767,0,248895
2023-08-04,zachodniopomorskie,ZP,0,276596,0,4388,5,1523382,0,308767,0,248895
2023-08-05,zachodniopomorskie,ZP,0,276596,0,4388,5,1523387,0,308767,0,248895
2023-08-06,zachodniopomorskie,ZP,0,276596,0,4388,3,1523390,0,308767,0,248895
2023-08-07,zachodniopomorskie,ZP,0,276596,0,4388,1,1523391,0,308767,0,248895
2023-08-08,zachodniopomorskie,ZP,1,276597,0,4388,7,1523398,1,308768,0,248895
2023-08-09,zachodniopomorskie,ZP,2,276599,0,4388,6,1523404,2,308770,0,248895
2023-08-10,zachodniopomorskie,ZP,1,276600,0,4388,11,1523415,1,308771,0,248895
2023-08-11,zachodniopomorskie,ZP,0,276600,0,4388,5,1523420,0,308771,0,248895
2023-08-12,zachodniopomorskie,ZP,0,276600,0,4388,7,1523427,0,308771,0,248895
2023-08-13,zachodniopomorskie,ZP,0,276600,0,4388,1,1523428,0,308771,0,248895
2023-08-14,zachodniopomorskie,ZP,0,276600,0,4388,1,1523429,0,308771,0,248895
2023-08-15,zachodniopomorskie,ZP,2,276602,0,4388,14,1523443,2,308773,0,248895
2023-08-16,zachodniopomorskie,ZP,0,276602,0,4388,2,1523445,0,308773,0,248895
2023-08-17,zachodniopomorskie,ZP,2,276604,0,4388,12,1523457,2,308775,0,248895
2023-08-18,zachodniopomorskie,ZP,3,276607,0,4388,8,1523465,3,308778,0,248895
2023-08-19,zachodniopomorskie,ZP,3,276610,1,4389,11,1523476,3,308781,0,248895
2023-08-20,zachodniopomorskie,ZP,0,276610,0,4389,2,1523478,0,308781,0,248895
2023-08-21,zachodniopomorskie,ZP,0,276610,0,4389,1,1523479,0,308781,0,248895
2023-08-22,zachodniopomorskie,ZP,4,276614,0,4389,10,1523489,4,308785,0,248895
2023-08-23,zachodniopomorskie,ZP,7,276621,1,4390,35,1523524,8,308793,0,248895
2023-08-24,zachodniopomorskie,ZP,5,276626,0,4390,18,1523542,5,308798,0,248895
2023-08-25,zachodniopomorskie,ZP,1,276627,0,4390,10,1523552,1,308799,0,248895
2023-08-26,zachodniopomorskie,ZP,3,276630,0,4390,15,1523567,4,308803,0,248895
2023-08-27,zachodniopomorskie,ZP,0,276630,0,4390,0,1523567,0,308803,0,248895
2023-08-28,zachodniopomorskie,ZP,0,276630,0,4390,3,1523570,0,308803,0,248895
2023-08-29,zachodniopomorskie,ZP,3,276633,0,4390,20,1523590,3,308806,0,248895
2023-08-30,zachodniopomorskie,ZP,13,276646,0,4390,25,1523615,13,308819,0,248895
2023-08-31,zachodniopomorskie,ZP,4,276650,0,4390,19,1523634,4,308823,0,248895
2023-09-01,zachodniopomorskie,ZP,0,276650,0,4390,13,1523647,0,308823,0,248895
2023-09-02,zachodniopomorskie,ZP,3,276653,0,4390,21,1523668,3,308826,0,248895
2023-09-03,zachodniopomorskie,ZP,1,276654,0,4390,8,1523676,1,308827,0,248895
2023-09-04,zachodniopomorskie,ZP,0,276654,0,4390,1,1523677,0,308827,0,248895
2023-09-05,zachodniopomorskie,ZP,5,276659,0,4390,21,1523698,5,308832,0,248895
2023-09-06,zachodniopomorskie,ZP,11,276670,0,4390,34,1523732,11,308843,0,248895
2023-09-07,zachodniopomorskie,ZP,9,276679,0,4390,34,1523766,9,308852,0,248895
2023-09-08,zachodniopomorskie,ZP,6,276685,0,4390,21,1523787,6,308858,0,248895
2023-09-09,zachodniopomorskie,ZP,8,276693,0,4390,32,1523819,8,308866,0,248895
2023-09-10,zachodniopomorskie,ZP,0,276693,0,4390,0,1523819,0,308866,0,248895
2023-09-11,zachodniopomorskie,ZP,1,276694,0,4390,2,1523821,1,308867,0,248895
2023-09-12,zachodniopomorskie,ZP,16,276710,0,4390,54,1523875,16,308883,0,248895
2023-09-13,zachodniopomorskie,ZP,10,276720,0,4390,44,1523919,10,308893,0,248895
2023-09-14,zachodniopomorskie,ZP,12,276732,0,4390,47,1523966,14,308907,0,248895
2023-09-15,zachodniopomorskie,ZP,7,276739,1,4391,40,1524006,7,308914,0,248895
2023-09-16,zachodniopomorskie,ZP,11,276750,0,4391,50,1524056,11,308925,0,248895
2023-09-17,zachodniopomorskie,ZP,1,276751,0,4391,1,1524057,1,308926,0,248895
2023-09-18,zachodniopomorskie,ZP,0,276751,0,4391,0,1524057,0,308926,0,248895
2023-09-19,zachodniopomorskie,ZP,14,276765,0,4391,79,1524136,14,308940,0,248895
2023-09-20,zachodniopomorskie,ZP,20,276785,0,4391,57,1524193,20,308960,0,248895
2023-09-21,zachodniopomorskie,ZP,18,276803,0,4391,55,1524248,18,308978,0,248895
2023-09-22,zachodniopomorskie,ZP,7,276810,0,4391,42,1524290,7,308985,0,248895
2023-09-23,zachodniopomorskie,ZP,11,276821,0,4391,57,1524347,12,308997,0,248895
2023-09-24,zachodniopomorskie,ZP,0,276821,0,4391,4,1524351,0,308997,0,248895
2023-09-25,zachodniopomorskie,ZP,0,276821,0,4391,3,1524354,0,308997,0,248895
2023-09-26,zachodniopomorskie,ZP,17,276838,1,4392,57,1524411,17,309014,0,248895
2023-09-27,zachodniopomorskie,ZP,17,276855,0,4392,68,1524479,17,309031,0,248895
2023-09-28,zachodniopomorskie,ZP,13,276868,0,4392,46,1524525,13,309044,0,248895
2023-09-29,zachodniopomorskie,ZP,16,276884,0,4392,59,1524584,16,309060,0,248895
2023-09-30,zachodniopomorskie,ZP,20,276904,1,4393,45,1524629,20,309080,0,248895
2023-10-01,zachodniopomorskie,ZP,0,276904,0,4393,14,1524643,0,309080,0,248895
2023-10-02,zachodniopomorskie,ZP,0,276904,0,4393,0,1524643,0,309080,0,248895
2023-10-03,zachodniopomorskie,ZP,14,276918,0,4393,101,1524744,17,309097,0,248895
2023-10-04,zachodniopomorskie,ZP,20,276938,0,4393,73,1524817,21,309118,0,248895
2023-10-05,zachodniopomorskie,ZP,11,276949,0,4393,79,1524896,11,309129,0,248895
2023-10-06,zachodniopomorskie,ZP,17,276966,0,4393,78,1524974,19,309148,0,248895
2023-10-07,zachodniopomorskie,ZP,12,276978,0,4393,54,1525028,12,309160,0,248895
2023-10-08,zachodniopomorskie,ZP,1,276979,0,4393,1,1525029,1,309161,0,248895
2023-10-09,zachodniopomorskie,ZP,0,276979,0,4393,2,1525031,0,309161,0,248895
2023-10-10,zachodniopomorskie,ZP,32,277011,0,4393,110,1525141,33,309194,0,248895
2023-10-11,zachodniopomorskie,ZP,31,277042,0,4393,103,1525244,32,309226,0,248895
2023-10-12,zachodniopomorskie,ZP,14,277056,0,4393,110,1525354,16,309242,0,248895
2023-10-13,zachodniopomorskie,ZP,20,277076,0,4393,78,1525432,20,309262,0,248895
2023-10-14,zachodniopomorskie,ZP,16,277092,0,4393,58,1525490,16,309278,0,248895
2023-10-15,zachodniopomorskie,ZP,3,277095,0,4393,8,1525498,3,309281,0,248895
2023-10-16,zachodniopomorskie,ZP,0,277095,0,4393,0,1525498,0,309281,0,248895
2023-10-17,zachodniopomorskie,ZP,40,277135,0,4393,107,1525605,40,309321,0,248895
2023-10-18,zachodniopomorskie,ZP,26,277161,0,4393,103,1525708,26,309347,0,248895
2023-10-19,zachodniopomorskie,ZP,11,277172,0,4393,101,1525809,11,309358,0,248895
2023-10-20,zachodniopomorskie,ZP,30,277202,0,4393,76,1525885,30,309388,0,248895
2023-10-21,zachodniopomorskie,ZP,26,277228,0,4393,87,1525972,26,309414,0,248895
2023-10-22,zachodniopomorskie,ZP,0,277228,0,4393,5,1525977,1,309415,0,248895
2023-10-23,zachodniopomorskie,ZP,1,277229,0,4393,4,1525981,2,309417,0,248895
2023-10-24,zachodniopomorskie,ZP,47,277276,0,4393,122,1526103,47,309464,0,248895
2023-10-25,zachodniopomorskie,ZP,48,277324,0,4393,136,1526239,50,309514,0,248895
2023-10-26,zachodniopomorskie,ZP,43,277367,0,4393,130,1526369,46,309560,0,248895
2023-10-27,zachodniopomorskie,ZP,43,277410,0,4393,114,1526483,45,309605,0,248895
2023-10-28,zachodniopomorskie,ZP,42,277452,0,4393,109,1526592,43,309648,0,248895
2023-10-29,zachodniopomorskie,ZP,0,277452,0,4393,10,1526602,0,309648,0,248895
2023-10-30,zachodniopomorskie,ZP,0,277452,0,4393,0,1526602,0,309648,0,248895
2023-10-31,zachodniopomorskie,ZP,77,277529,0,4393,190,1526792,81,309729,0,248895
2023-11-01,zachodniopomorskie,ZP,51,277580,0,4393,112,1526904,51,309780,0,248895
2023-11-02,zachodniopomorskie,ZP,3,277583,0,4393,9,1526913,3,309783,0,248895
2023-11-03,zachodniopomorskie,ZP,69,277652,0,4393,143,1527056,71,309854,0,248895
2023-11-04,zachodniopomorskie,ZP,48,277700,0,4393,137,1527193,51,309905,0,248895
2023-11-05,zachodniopomorskie,ZP,1,277701,0,4393,8,1527201,1,309906,0,248895
2023-11-06,zachodniopomorskie,ZP,1,277702,0,4393,4,1527205,1,309907,0,248895
2023-11-07,zachodniopomorskie,ZP,84,277786,0,4393,198,1527403,85,309992,0,248895
2023-11-08,zachodniopomorskie,ZP,56,277842,0,4393,154,1527557,57,310049,0,248895
2023-11-09,zachodniopomorskie,ZP,95,277937,0,4393,180,1527737,97,310146,0,248895
2023-11-10,zachodniopomorskie,ZP,39,277976,1,4394,107,1527844,40,310186,0,248895
2023-11-11,zachodniopomorskie,ZP,75,278051,0,4394,147,1527991,75,310261,0,248895
2023-11-12,zachodniopomorskie,ZP,3,278054,0,4394,21,1528012,4,310265,0,248895
2023-11-13,zachodniopomorskie,ZP,1,278055,0,4394,1,1528013,1,310266,0,248895
2023-11-14,zachodniopomorskie,ZP,95,278150,0,4394,205,1528218,97,310363,0,248895
2023-11-15,zachodniopomorskie,ZP,98,278248,2,4396,202,1528420,103,310466,0,248895
2023-11-16,zachodniopomorskie,ZP,76,278324,0,4396,193,1528613,79,310545,0,248895
2023-11-17,zachodniopomorskie,ZP,63,278387,0,4396,158,1528771,63,310608,0,248895
2023-11-18,zachodniopomorskie,ZP,69,278456,0,4396,165,1528936,70,310678,0,248895
2023-11-19,zachodniopomorskie,ZP,0,278456,0,4396,7,1528943,0,310678,0,248895
2023-11-20,zachodniopomorskie,ZP,1,278457,0,4396,1,1528944,1,310679,0,248895
2023-11-21,zachodniopomorskie,ZP,121,278578,0,4396,269,1529213,126,310805,0,248895
2023-11-22,zachodniopomorskie,ZP,111,278689,1,4397,297,1529510,111,310916,0,248895
2023-11-23,zachodniopomorskie,ZP,85,278774,0,4397,188,1529698,86,311002,0,248895
2023-11-24,zachodniopomorskie,ZP,79,278853,0,4397,226,1529924,81,311083,0,248895
2023-11-25,zachodniopomorskie,ZP,86,278939,0,4397,235,1530159,87,311170,0,248895
2023-11-26,zachodniopomorskie,ZP,2,278941,0,4397,18,1530177,4,311174,0,248895
2023-11-27,zachodniopomorskie,ZP,2,278943,0,4397,2,1530179,2,311176,0,248895
2023-11-28,zachodniopomorskie,ZP,165,279108,0,4397,359,1530538,173,311349,0,248895
2023-11-29,zachodniopomorskie,ZP,116,279224,1,4398,263,1530801,117,311466,0,248895
2023-11-30,zachodniopomorskie,ZP,145,279369,0,4398,293,1531094,147,311613,0,248895
2023-12-01,zachodniopomorskie,ZP,114,279483,1,4399,273,1531367,117,311730,0,248895
2023-12-02,zachodniopomorskie,ZP,120,279603,0,4399,273,1531640,124,311854,0,248895
2023-12-03,zachodniopomorskie,ZP,0,279603,0,4399,14,1531654,0,311854,0,248895
2023-12-04,zachodniopomorskie,ZP,2,279605,0,4399,10,1531664,2,311856,0,248895
2023-12-05,zachodniopomorskie,ZP,221,279826,0,4399,395,1532059,222,312078,0,248895
2023-12-06,zachodniopomorskie,ZP,206,280032,0,4399,423,1532482,213,312291,0,248895
2023-12-07,zachodniopomorskie,ZP,160,280192,0,4399,298,1532780,161,312452,0,248895
2023-12-08,zachodniopomorskie,ZP,155,280347,1,4400,340,1533120,161,312613,0,248895
2023-12-09,zachodniopomorskie,ZP,157,280504,0,4400,338,1533458,158,312771,0,248895
2023-12-10,zachodniopomorskie,ZP,5,280509,0,4400,17,1533475,5,312776,0,248895
2023-12-11,zachodniopomorskie,ZP,2,280511,0,4400,10,1533485,2,312778,0,248895
2023-12-12,zachodniopomorskie,ZP,310,280821,0,4400,569,1534054,315,313093,0,248895
2023-12-13,zachodniopomorskie,ZP,222,281043,0,4400,462,1534516,227,313320,0,248895
2023-12-14,zachodniopomorskie,ZP,182,281225,1,4401,437,1534953,187,313507,0,248895
2023-12-15,zachodniopomorskie,ZP,155,281380,1,4402,326,1535279,159,313666,0,248895
2023-12-16,zachodniopomorskie,ZP,179,281559,1,4403,388,1535667,186,313852,0,248895
2023-12-17,zachodniopomorskie,ZP,16,281575,0,4403,50,1535717,16,313868,0,248895
2023-12-18,zachodniopomorskie,ZP,10,281585,0,4403,14,1535731,10,313878,0,248895
2023-12-19,zachodniopomorskie,ZP,192,281777,1,4404,441,1536172,196,314074,0,248895
2023-12-20,zachodniopomorskie,ZP,211,281988,0,4404,462,1536634,215,314289,0,248895
2023-12-21,zachodniopomorskie,ZP,139,282127,0,4404,361,1536995,142,314431,0,248895
2023-12-22,zachodniopomorskie,ZP,148,282275,0,4404,352,1537347,155,314586,0,248895
2023-12-23,zachodniopomorskie,ZP,125,282400,2,4406,412,1537759,129,314715,0,248895
2023-12-24,zachodniopomorskie,ZP,7,282407,0,4406,16,1537775,7,314722,0,248895
2023-12-25,zachodniopomorskie,ZP,0,282407,0,4406,5,1537780,0,314722,0,248895
2023-12-26,zachodniopomorskie,ZP,1,282408,0,4406,27,1537807,1,314723,0,248895
2023-12-27,zachodniopomorskie,ZP,1,282409,0,4406,7,1537814,1,314724,0,248895
2023-12-28,zachodniopomorskie,ZP,124,282533,0,4406,332,1538146,127,314851,0,248895
2023-12-29,zachodniopomorskie,ZP,109,282642,1,4407,311,1538457,113,314964,0,248895
2023-12-30,zachodniopomorskie,ZP,103,282745,0,4407,275,1538732,107,315071,0,248895
2023-12-31,zachodniopomorskie,ZP,5,282750,0,4407,21,1538753,5,315076,0,248895
2024-01-01,zachodniopomorskie,ZP,2,282752,0,4407,21,1538774,4,315080,0,248895
2024-01-02,zachodniopomorskie,ZP,3,282755,0,4407,8,1538782,3,315083,0,248895
2024-01-03,zachodniopomorskie,ZP,71,282826,0,4407,222,1539004,71,315154,0,248895
2024-01-04,zachodniopomorskie,ZP,111,282937,1,4408,423,1539427,116,315270,0,248895
2024-01-05,zachodniopomorskie,ZP,69,283006,2,4410,286,1539713,76,315346,0,248895
2024-01-06,zachodniopomorskie,ZP,40,283046,0,4410,188,1539901,41,315387,0,248895
2024-01-07,zachodniopomorskie,ZP,0,283046,0,4410,13,1539914,0,315387,0,248895
2024-01-08,zachodniopomorskie,ZP,2,283048,0,4410,10,1539924,2,315389,0,248895
2024-01-09,zachodniopomorskie,ZP,67,283115,0,4410,274,1540198,68,315457,0,248895
2024-01-10,zachodniopomorskie,ZP,33,283148,1,4411,237,1540435,37,315494,0,248895
2024-01-11,zachodniopomorskie,ZP,34,283182,1,4412,174,1540609,34,315528,0,248895
2024-01-12,zachodniopomorskie,ZP,55,283237,1,4413,231,1540840,56,315584,0,248895
2024-01-13,zachodniopomorskie,ZP,55,283292,0,4413,232,1541072,58,315642,0,248895
2024-01-14,zachodniopomorskie,ZP,1,283293,0,4413,18,1541090,1,315643,0,248895
2024-01-15,zachodniopomorskie,ZP,1,283294,0,4413,7,1541097,1,315644,0,248895
2024-01-16,zachodniopomorskie,ZP,37,283331,0,4413,213,1541310,38,315682,0,248895
2024-01-17,zachodniopomorskie,ZP,30,283361,2,4415,229,1541539,30,315712,0,248895
2024-01-18,zachodniopomorskie,ZP,25,283386,0,4415,186,1541725,25,315737,0,248895
2024-01-19,zachodniopomorskie,ZP,15,283401,0,4415,125,1541850,15,315752,0,248895
2024-01-20,zachodniopomorskie,ZP,22,283423,1,4416,160,1542010,23,315775,0,248895
2024-01-21,zachodniopomorskie,ZP,1,283424,0,4416,11,1542021,1,315776,0,248895
2024-01-22,zachodniopomorskie,ZP,0,283424,0,4416,22,1542043,0,315776,0,248895
2024-01-23,zachodniopomorskie,ZP,38,283462,0,4416,211,1542254,41,315817,0,248895
2024-01-24,zachodniopomorskie,ZP,29,283491,0,4416,255,1542509,30,315847,0,248895
2024-01-25,zachodniopomorskie,ZP,17,283508,0,4416,192,1542701,17,315864,0,248895
2024-01-26,zachodniopomorskie,ZP,12,283520,0,4416,141,1542842,12,315876,0,248895
2024-01-27,zachodniopomorskie,ZP,19,283539,0,4416,216,1543058,23,315899,0,248895
2024-01-28,zachodniopomorskie,ZP,3,283542,0,4416,19,1543077,3,315902,0,248895
2024-01-29,zachodniopomorskie,ZP,0,283542,0,4416,5,1543082,0,315902,0,248895
2024-01-30,zachodniopomorskie,ZP,26,283568,0,4416,207,1543289,27,315929,0,248895
2024-01-31,zachodniopomorskie,ZP,18,283586,0,4416,213,1543502,18,315947,0,248895
2024-02-01,zachodniopomorskie,ZP,26,283612,0,4416,249,1543751,26,315973,0,248895
2024-02-02,zachodniopomorskie,ZP,22,283634,0,4416,162,1543913,24,315997,0,248895
2024-02-03,zachodniopomorskie,ZP,22,283656,0,4416,180,1544093,24,316021,0,248895
2024-02-04,zachodniopomorskie,ZP,1,283657,0,4416,5,1544098,1,316022,0,248895
2024-02-05,zachodniopomorskie,ZP,1,283658,0,4416,8,1544106,1,316023,0,248895
2024-02-06,zachodniopomorskie,ZP,22,283680,0,4416,228,1544334,22,316045,0,248895
2024-02-07,zachodniopomorskie,ZP,26,283706,0,4416,231,1544565,27,316072,0,248895
2024-02-08,zachodniopomorskie,ZP,16,283722,0,4416,182,1544747,17,316089,0,248895
2024-02-09,zachodniopomorskie,ZP,18,283740,0,4416,174,1544921,18,316107,0,248895
2024-02-10,zachodniopomorskie,ZP,18,283758,1,4417,181,1545102,18,316125,0,248895
2024-02-11,zachodniopomorskie,ZP,1,283759,0,4417,22,1545124,1,316126,0,248895
2024-02-12,zachodniopomorskie,ZP,0,283759,0,4417,7,1545131,0,316126,0,248895
2024-02-13,zachodniopomorskie,ZP,22,283781,0,4417,209,1545340,23,316149,0,248895
2024-02-14,zachodniopomorskie,ZP,24,283805,1,4418,285,1545625,25,316174,0,248895
2024-02-15,zachodniopomorskie,ZP,14,283819,3,4421,187,1545812,14,316188,0,248895
2024-02-16,zachodniopomorskie,ZP,8,283827,0,4421,188,1546000,8,316196,0,248895
2024-02-17,zachodniopomorskie,ZP,3,283830,0,4421,173,1546173,3,316199,0,248895
2024-02-18,zachodniopomorskie,ZP,0,283830,0,4421,11,1546184,0,316199,0,248895
2024-02-19,zachodniopomorskie,ZP,0,283830,0,4421,10,1546194,0,316199,0,248895
2024-02-20,zachodniopomorskie,ZP,20,283850,1,4422,205,1546399,21,316220,0,248895
2024-02-21,zachodniopomorskie,ZP,7,283857,0,4422,191,1546590,7,316227,0,248895
2024-02-22,zachodniopomorskie,ZP,6,283863,0,4422,172,1546762,6,316233,0,248895
2024-02-23,zachodniopomorskie,ZP,7,283870,0,4422,156,1546918,7,316240,0,248895
2024-02-24,zachodniopomorskie,ZP,9,283879,0,4422,177,1547095,9,316249,0,248895
2024-02-25,zachodniopomorskie,ZP,1,283880,0,4422,23,1547118,1,316250,0,248895
2024-02-26,zachodniopomorskie,ZP,0,283880,0,4422,30,1547148,0,316250,0,248895
2024-02-27,zachodniopomorskie,ZP,12,283892,0,4422,178,1547326,12,316262,0,248895
2024-02-28,zachodniopomorskie,ZP,11,283903,0,4422,184,1547510,11,316273,0,248895
2024-02-29,zachodniopomorskie,ZP,3,283906,0,4422,127,1547637,3,316276,0,248895
2024-03-01,zachodniopomorskie,ZP,2,283908,0,4422,78,1547715,2,316278,0,248895
2024-03-02,zachodniopomorskie,ZP,5,283913,0,4422,162,1547877,5,316283,0,248895
2024-03-03,zachodniopomorskie,ZP,1,283914,0,4422,18,1547895,1,316284,0,248895
2024-03-04,zachodniopomorskie,ZP,0,283914,0,4422,4,1547899,0,316284,0,248895
2024-03-05,zachodniopomorskie,ZP,7,283921,0,4422,136,1548035,7,316291,0,248895
2024-03-06,zachodniopomorskie,ZP,7,283928,0,4422,128,1548163,7,316298,0,248895
2024-03-07,zachodniopomorskie,ZP,1,283929,0,4422,107,1548270,1,316299,0,248895
2024-03-08,zachodniopomorskie,ZP,2,283931,0,4422,63,1548333,2,316301,0,248895
2024-03-09,zachodniopomorskie,ZP,3,283934,0,4422,95,1548428,3,316304,0,248895
2024-03-10,zachodniopomorskie,ZP,0,283934,0,4422,14,1548442,0,316304,0,248895
2024-03-11,zachodniopomorskie,ZP,0,283934,0,4422,1,1548443,0,316304,0,248895
2024-03-12,zachodniopomorskie,ZP,2,283936,0,4422,120,1548563,2,316306,0,248895
2024-03-13,zachodniopomorskie,ZP,7,283943,0,4422,97,1548660,7,316313,0,248895
2024-03-14,zachodniopomorskie,ZP,2,283945,1,4423,92,1548752,2,316315,0,248895
2024-03-15,zachodniopomorskie,ZP,1,283946,0,4423,88,1548840,1,316316,0,248895
2024-03-16,zachodniopomorskie,ZP,2,283948,2,4425,70,1548910,2,316318,0,248895
2024-03-17,zachodniopomorskie,ZP,0,283948,0,4425,16,1548926,0,316318,0,248895
2024-03-18,zachodniopomorskie,ZP,0,283948,0,4425,1,1548927,0,316318,0,248895
2024-03-19,zachodniopomorskie,ZP,3,283951,0,4425,98,1549025,3,316321,0,248895
2024-03-20,zachodniopomorskie,ZP,1,283952,0,4425,89,1549114,1,316322,0,248895
2024-03-21,zachodniopomorskie,ZP,1,283953,0,4425,114,1549228,1,316323,0,248895
2024-03-22,zachodniopomorskie,ZP,1,283954,0,4425,69,1549297,1,316324,0,248895
2024-03-23,zachodniopomorskie,ZP,3,283957,0,4425,58,1549355,3,316327,0,248895
2024-03-24,zachodniopomorskie,ZP,0,283957,0,4425,15,1549370,0,316327,0,248895
2024-03-25,zachodniopomorskie,ZP,0,283957,0,4425,2,1549372,0,316327,0,248895
2024-03-26,zachodniopomorskie,ZP,1,283958,0,4425,68,1549440,1,316328,0,248895
2024-03-27,zachodniopomorskie,ZP,3,283961,0,4425,106,1549546,3,316331,0,248895
2024-03-28,zachodniopomorskie,ZP,5,283966,0,4425,91,1549637,5,316336,0,248895
2024-03-29,zachodniopomorskie,ZP,2,283968,0,4425,55,1549692,2,316338,0,248895
2024-03-30,zachodniopomorskie,ZP,2,283970,0,4425,80,1549772,2,316340,0,248895
2024-03-31,zachodniopomorskie,ZP,1,283971,0,4425,10,1549782,1,316341,0,248895
2024-04-01,zachodniopomorskie,ZP,0,283971,0,4425,1,1549783,0,316341,0,248895
2024-04-02,zachodniopomorskie,ZP,0,283971,0,4425,5,1549788,0,316341,0,248895
2024-04-03,zachodniopomorskie,ZP,3,283974,0,4425,68,1549856,3,316344,0,248895
2024-04-19,zachodniopomorskie,ZP,0,283974,0,4425,51,1549907,0,316344,0,248895
2024-04-20,zachodniopomorskie,ZP,1,283975,0,4425,27,1549934,1,316345,0,248895
2024-04-21,zachodniopomorskie,ZP,0,283975,0,4425,10,1549944,1,316346,0,248895
2024-04-22,zachodniopomorskie,ZP,0,283975,0,4425,4,1549948,0,316346,0,248895
2024-04-23,zachodniopomorskie,ZP,1,283976,0,4425,42,1549990,1,316347,0,248895
2024-04-24,zachodniopomorskie,ZP,3,283979,0,4425,25,1550015,3,316350,0,248895
2024-04-25,zachodniopomorskie,ZP,0,283979,0,4425,64,1550079,0,316350,0,248895
2024-04-26,zachodniopomorskie,ZP,0,283979,0,4425,19,1550098,0,316350,0,248895
2024-04-27,zachodniopomorskie,ZP,0,283979,0,4425,21,1550119,0,316350,0,248895
2024-04-28,zachodniopomorskie,ZP,0,283979,0,4425,9,1550128,0,316350,0,248895
2024-04-29,zachodniopomorskie,ZP,0,283979,0,4425,1,1550129,0,316350,0,248895
2024-04-30,zachodniopomorskie,ZP,0,283979,0,4425,34,1550163,0,316350,0,248895
2024-05-01,zachodniopomorskie,ZP,2,283981,0,4425,24,1550187,2,316352,0,248895
2024-05-02,zachodniopomorskie,ZP,1,283982,0,4425,8,1550195,1,316353,0,248895
2024-05-03,zachodniopomorskie,ZP,1,283983,0,4425,32,1550227,1,316354,0,248895
2024-05-04,zachodniopomorskie,ZP,0,283983,0,4425,0,1550227,0,316354,0,248895
2024-05-05,zachodniopomorskie,ZP,1,283984,0,4425,1,1550228,1,316355,0,248895
2024-05-06,zachodniopomorskie,ZP,0,283984,0,4425,1,1550229,0,316355,0,248895
2024-05-07,zachodniopomorskie,ZP,1,283985,0,4425,21,1550250,1,316356,0,248895
2024-05-08,zachodniopomorskie,ZP,0,283985,0,4425,33,1550283,0,316356,0,248895
2024-05-09,zachodniopomorskie,ZP,0,283985,0,4425,19,1550302,0,316356,0,248895
2024-05-10,zachodniopomorskie,ZP,0,283985,0,4425,30,1550332,0,316356,0,248895
2024-05-11,zachodniopomorskie,ZP,0,283985,0,4425,20,1550352,0,316356,0,248895
2024-05-12,zachodniopomorskie,ZP,0,283985,0,4425,5,1550357,0,316356,0,248895
2024-05-13,zachodniopomorskie,ZP,0,283985,0,4425,2,1550359,0,316356,0,248895
2024-05-14,zachodniopomorskie,ZP,1,283986,0,4425,21,1550380,1,316357,0,248895
2024-05-15,zachodniopomorskie,ZP,1,283987,0,4425,38,1550418,1,316358,0,248895
2024-05-16,zachodniopomorskie,ZP,0,283987,0,4425,21,1550439,0,316358,0,248895
2024-05-17,zachodniopomorskie,ZP,0,283987,0,4425,19,1550458,0,316358,0,248895
2024-05-18,zachodniopomorskie,ZP,0,283987,0,4425,17,1550475,0,316358,0,248895
2024-05-19,zachodniopomorskie,ZP,0,283987,0,4425,2,1550477,0,316358,0,248895
2024-05-20,zachodniopomorskie,ZP,0,283987,0,4425,0,1550477,0,316358,0,248895
2024-05-21,zachodniopomorskie,ZP,1,283988,0,4425,23,1550500,1,316359,0,248895
2024-05-22,zachodniopomorskie,ZP,2,283990,0,4425,23,1550523,2,316361,0,248895
2024-05-23,zachodniopomorskie,ZP,3,283993,0,4425,23,1550546,3,316364,0,248895
2024-05-24,zachodniopomorskie,ZP,0,283993,0,4425,21,1550567,0,316364,0,248895
2024-05-25,zachodniopomorskie,ZP,0,283993,0,4425,25,1550592,0,316364,0,248895
2024-05-26,zachodniopomorskie,ZP,0,283993,0,4425,8,1550600,0,316364,0,248895
2024-05-27,zachodniopomorskie,ZP,0,283993,0,4425,1,1550601,0,316364,0,248895
2024-05-28,zachodniopomorskie,ZP,1,283994,0,4425,21,1550622,1,316365,0,248895
2024-05-29,zachodniopomorskie,ZP,2,283996,0,4425,20,1550642,3,316368,0,248895
2024-05-30,zachodniopomorskie,ZP,2,283998,0,4425,19,1550661,2,316370,0,248895
2024-05-31,zachodniopomorskie,ZP,0,283998,0,4425,3,1550664,0,316370,0,248895
2024-06-01,zachodniopomorskie,ZP,1,283999,0,4425,12,1550676,1,316371,0,248895
2024-06-02,zachodniopomorskie,ZP,0,283999,0,4425,0,1550676,0,316371,0,248895
2024-06-03,zachodniopomorskie,ZP,0,283999,0,4425,0,1550676,0,316371,0,248895
2024-06-04,zachodniopomorskie,ZP,1,284000,0,4425,14,1550690,1,316372,0,248895
2024-06-05,zachodniopomorskie,ZP,0,284000,0,4425,25,1550715,0,316372,0,248895
2024-06-06,zachodniopomorskie,ZP,0,284000,0,4425,19,1550734,0,316372,0,248895
2024-06-07,zachodniopomorskie,ZP,1,284001,0,4425,8,1550742,1,316373,0,248895
2024-06-08,zachodniopomorskie,ZP,0,284001,0,4425,9,1550751,0,316373,0,248895
2024-06-09,zachodniopomorskie,ZP,0,284001,0,4425,0,1550751,0,316373,0,248895
2024-06-10,zachodniopomorskie,ZP,0,284001,0,4425,4,1550755,0,316373,0,248895
2024-06-11,zachodniopomorskie,ZP,4,284005,1,4426,17,1550772,4,316377,0,248895
2024-06-12,zachodniopomorskie,ZP,0,284005,0,4426,26,1550798,0,316377,0,248895
2024-06-13,zachodniopomorskie,ZP,1,284006,0,4426,6,1550804,1,316378,0,248895
2024-06-14,zachodniopomorskie,ZP,3,284009,0,4426,20,1550824,3,316381,0,248895
2024-06-15,zachodniopomorskie,ZP,1,284010,0,4426,12,1550836,1,316382,0,248895
2024-06-16,zachodniopomorskie,ZP,0,284010,0,4426,0,1550836,0,316382,0,248895
2024-06-17,zachodniopomorskie,ZP,0,284010,0,4426,0,1550836,0,316382,0,248895
2024-06-18,zachodniopomorskie,ZP,2,284012,0,4426,13,1550849,2,316384,0,248895
2024-06-19,zachodniopomorskie,ZP,1,284013,0,4426,31,1550880,1,316385,0,248895
2024-06-20,zachodniopomorskie,ZP,3,284016,0,4426,12,1550892,3,316388,0,248895
2024-06-21,zachodniopomorskie,ZP,3,284019,0,4426,18,1550910,4,316392,0,248895
2024-06-22,zachodniopomorskie,ZP,2,284021,0,4426,34,1550944,3,316395,0,248895
2024-06-23,zachodniopomorskie,ZP,1,284022,0,4426,2,1550946,1,316396,0,248895
2024-06-24,zachodniopomorskie,ZP,0,284022,0,4426,2,1550948,0,316396,0,248895
2024-06-25,zachodniopomorskie,ZP,5,284027,0,4426,16,1550964,5,316401,0,248895
2024-06-26,zachodniopomorskie,ZP,2,284029,0,4426,25,1550989,2,316403,0,248895
2024-06-27,zachodniopomorskie,ZP,4,284033,0,4426,10,1550999,4,316407,0,248895
2024-06-28,zachodniopomorskie,ZP,3,284036,0,4426,19,1551018,3,316410,0,248895
2024-06-29,zachodniopomorskie,ZP,3,284039,0,4426,17,1551035,3,316413,0,248895
2024-06-30,zachodniopomorskie,ZP,0,284039,0,4426,0,1551035,0,316413,0,248895
2024-07-01,zachodniopomorskie,ZP,0,284039,0,4426,3,1551038,0,316413,0,248895
2020-11-24,świętokrzyskie,SK,359,359,17,17,1381,1381,387,387,0,0
2020-11-25,świętokrzyskie,SK,301,660,19,36,1289,2670,326,713,0,0
2020-11-26,świętokrzyskie,SK,471,1131,10,46,1608,4278,491,1204,0,0
2020-11-27,świętokrzyskie,SK,406,1537,19,65,1506,5784,440,1644,0,0
2020-11-28,świętokrzyskie,SK,308,1845,16,81,1296,7080,334,1978,0,0
2020-11-29,świętokrzyskie,SK,271,2116,10,91,1092,8172,309,2287,0,0
2020-11-30,świętokrzyskie,SK,193,2309,2,93,671,8843,204,2491,0,0
2020-12-01,świętokrzyskie,SK,266,2575,6,99,1234,10077,297,2788,0,0
2020-12-02,świętokrzyskie,SK,275,2850,25,124,1561,11638,323,3111,0,0
2020-12-03,świętokrzyskie,SK,355,3205,16,140,1461,13099,383,3494,0,0
2020-12-04,świętokrzyskie,SK,252,3457,19,159,1309,14408,319,3813,0,0
2020-12-05,świętokrzyskie,SK,205,3662,22,181,1162,15570,285,4098,0,0
2020-12-06,świętokrzyskie,SK,190,3852,11,192,1032,16602,249,4347,0,0
2020-12-07,świętokrzyskie,SK,70,3922,7,199,634,17236,134,4481,0,0
2020-12-08,świętokrzyskie,SK,191,4113,8,207,1438,18674,288,4769,0,0
2020-12-09,świętokrzyskie,SK,181,4294,18,225,1301,19975,203,4972,0,0
2020-12-10,świętokrzyskie,SK,218,4512,14,239,1315,21290,262,5234,0,0
2020-12-11,świętokrzyskie,SK,219,4731,9,248,1351,22641,270,5504,0,0
2020-12-12,świętokrzyskie,SK,188,4919,15,263,1698,24339,280,5784,0,0
2020-12-13,świętokrzyskie,SK,134,5053,1,264,1070,25409,224,6008,0,0
2020-12-14,świętokrzyskie,SK,109,5162,0,264,941,26350,218,6226,0,0
2020-12-15,świętokrzyskie,SK,174,5336,8,272,1868,28218,313,6539,0,0
2020-12-16,świętokrzyskie,SK,182,5518,11,283,1547,29765,211,6750,0,0
2020-12-17,świętokrzyskie,SK,233,5751,11,294,1396,31161,267,7017,0,0
2020-12-18,świętokrzyskie,SK,179,5930,14,308,1119,32280,221,7238,0,0
2020-12-19,świętokrzyskie,SK,162,6092,16,324,997,33277,190,7428,0,0
2020-12-20,świętokrzyskie,SK,129,6221,1,325,794,34071,171,7599,0,0
2020-12-21,świętokrzyskie,SK,70,6291,6,331,692,34763,168,7767,0,0
2020-12-22,świętokrzyskie,SK,151,6442,15,346,1119,35882,193,7960,0,0
2020-12-23,świętokrzyskie,SK,165,6607,25,371,1065,36947,225,8185,0,0
2020-12-24,świętokrzyskie,SK,165,6772,13,384,1008,37955,191,8376,211,211
2020-12-25,świętokrzyskie,SK,89,6861,5,389,578,38533,121,8497,230,441
2020-12-26,świętokrzyskie,SK,82,6943,4,393,636,39169,105,8602,118,559
2020-12-27,świętokrzyskie,SK,51,6994,0,393,458,39627,57,8659,215,774
2020-12-28,świętokrzyskie,SK,55,7049,0,393,453,40080,78,8737,122,896
2020-12-29,świętokrzyskie,SK,129,7178,2,395,1063,41143,162,8899,140,1036
2020-12-30,świętokrzyskie,SK,159,7337,20,415,1086,42229,182,9081,109,1145
2020-12-31,świętokrzyskie,SK,193,7530,10,425,1350,43579,238,9319,133,1278
2021-01-01,świętokrzyskie,SK,192,7722,8,433,1302,44881,268,9587,213,1491
2021-01-02,świętokrzyskie,SK,98,7820,0,433,863,45744,142,9729,138,1629
2021-01-03,świętokrzyskie,SK,77,7897,0,433,771,46515,109,9838,86,1715
2021-01-04,świętokrzyskie,SK,59,7956,1,434,686,47201,88,9926,98,1813
2021-01-05,świętokrzyskie,SK,88,8044,3,437,1143,48344,105,10031,56,1869
2021-01-06,świętokrzyskie,SK,218,8262,12,449,1554,49898,255,10286,65,1934
2021-01-08,świętokrzyskie,SK,89,8351,3,452,1066,50964,133,10419,182,2116
2021-01-09,świętokrzyskie,SK,154,8505,13,465,1562,52526,192,10611,219,2335
2021-01-10,świętokrzyskie,SK,151,8656,1,466,1072,53598,169,10780,176,2511
2021-01-11,świętokrzyskie,SK,97,8753,0,466,746,54344,108,10888,108,2619
2021-01-12,świętokrzyskie,SK,108,8861,11,477,1389,55733,144,11032,85,2704
2021-01-13,świętokrzyskie,SK,131,8992,12,489,2564,58297,170,11202,81,2785
2021-01-14,świętokrzyskie,SK,164,9156,4,493,2601,60898,199,11401,125,2910
2021-01-15,świętokrzyskie,SK,127,9283,9,502,2017,62915,154,11555,244,3154
2021-01-16,świętokrzyskie,SK,119,9402,2,504,2381,65296,148,11703,148,3302
2021-01-17,świętokrzyskie,SK,125,9527,1,505,1625,66921,148,11851,106,3408
2021-01-18,świętokrzyskie,SK,73,9600,0,505,853,67774,88,11939,187,3595
2021-01-19,świętokrzyskie,SK,77,9677,4,509,1466,69240,111,12050,162,3757
2021-01-20,świętokrzyskie,SK,125,9802,13,522,1512,70752,142,12192,81,3838
2021-01-21,świętokrzyskie,SK,147,9949,26,548,1245,71997,174,12366,121,3959
2021-01-22,świętokrzyskie,SK,125,10074,8,556,1263,73260,149,12515,131,4090
2021-01-23,świętokrzyskie,SK,90,10164,15,571,1033,74293,106,12621,176,4266
2021-01-24,świętokrzyskie,SK,81,10245,1,572,950,75243,95,12716,127,4393
2021-01-25,świętokrzyskie,SK,40,10285,0,572,619,75862,51,12767,135,4528
2021-01-26,świętokrzyskie,SK,86,10371,5,577,1211,77073,135,12902,108,4636
2021-01-27,świętokrzyskie,SK,97,10468,4,581,1397,78470,118,13020,84,4720
2021-01-28,świętokrzyskie,SK,114,10582,9,590,1358,79828,133,13153,99,4819
2021-01-29,świętokrzyskie,SK,93,10675,9,599,1267,81095,119,13272,132,4951
2021-01-30,świętokrzyskie,SK,82,10757,6,605,1400,82495,97,13369,134,5085
2021-01-31,świętokrzyskie,SK,82,10839,1,606,908,83403,93,13462,104,5189
2021-02-01,świętokrzyskie,SK,63,10902,0,606,684,84087,81,13543,106,5295
2021-02-02,świętokrzyskie,SK,95,10997,1,607,1176,85263,149,13692,81,5376
2021-02-03,świętokrzyskie,SK,95,11092,9,616,1269,86532,111,13803,52,5428
2021-02-04,świętokrzyskie,SK,91,11183,17,633,1089,87621,110,13913,100,5528
2021-02-05,świętokrzyskie,SK,149,11332,14,647,1263,88884,207,14120,104,5632
2021-02-06,świętokrzyskie,SK,162,11494,11,658,1472,90356,209,14329,101,5733
2021-02-07,świętokrzyskie,SK,125,11619,7,665,982,91338,135,14464,73,5806
2021-02-08,świętokrzyskie,SK,95,11714,1,666,823,92161,106,14570,133,5939
2021-02-09,świętokrzyskie,SK,62,11776,8,674,1167,93328,88,14658,106,6045
2021-02-10,świętokrzyskie,SK,131,11907,16,690,1332,94660,158,14816,42,6087
2021-02-11,świętokrzyskie,SK,119,12026,11,701,1647,96307,139,14955,80,6167
2021-02-12,świętokrzyskie,SK,131,12157,7,708,1447,97754,157,15112,89,6256
2021-02-13,świętokrzyskie,SK,129,12286,4,712,1391,99145,181,15293,98,6354
2021-02-14,świętokrzyskie,SK,98,12384,1,713,909,100054,104,15397,103,6457
2021-02-15,świętokrzyskie,SK,59,12443,2,715,763,100817,70,15467,96,6553
2021-02-16,świętokrzyskie,SK,73,12516,7,722,1308,102125,104,15571,78,6631
2021-02-17,świętokrzyskie,SK,150,12666,4,726,1421,103546,168,15739,49,6680
2021-02-18,świętokrzyskie,SK,200,12866,10,736,1505,105051,219,15958,72,6752
2021-02-19,świętokrzyskie,SK,142,13008,4,740,1529,106580,188,16146,133,6885
2021-02-20,świętokrzyskie,SK,159,13167,1,741,1429,108009,215,16361,105,6990
2021-02-21,świętokrzyskie,SK,131,13298,3,744,960,108969,147,16508,126,7116
2021-02-22,świętokrzyskie,SK,85,13383,0,744,855,109824,140,16648,108,7224
2021-02-23,świętokrzyskie,SK,119,13502,0,744,1353,111177,141,16789,92,7316
2021-02-24,świętokrzyskie,SK,236,13738,22,766,1972,113149,270,17059,60,7376
2021-02-25,świętokrzyskie,SK,319,14057,11,777,1844,114993,343,17402,135,7511
2021-02-26,świętokrzyskie,SK,201,14258,10,787,1660,116653,228,17630,127,7638
2021-02-27,świętokrzyskie,SK,269,14527,3,790,1678,118331,291,17921,199,7837
2021-02-28,świętokrzyskie,SK,157,14684,0,790,1030,119361,195,18116,135,7972
2021-03-01,świętokrzyskie,SK,180,14864,1,791,1019,120380,219,18335,151,8123
2021-03-02,świętokrzyskie,SK,152,15016,5,796,1608,121988,169,18504,148,8271
2021-03-03,świętokrzyskie,SK,274,15290,7,803,1608,123596,294,18798,66,8337
2021-03-04,świętokrzyskie,SK,381,15671,6,809,2054,125650,424,19222,187,8524
2021-03-05,świętokrzyskie,SK,318,15989,11,820,1679,127329,355,19577,198,8722
2021-03-06,świętokrzyskie,SK,268,16257,4,824,1646,128975,301,19878,320,9042
2021-03-07,świętokrzyskie,SK,263,16520,2,826,1313,130288,297,20175,196,9238
2021-03-08,świętokrzyskie,SK,128,16648,0,826,948,131236,158,20333,295,9533
2021-03-09,świętokrzyskie,SK,240,16888,15,841,1636,132872,274,20607,202,9735
2021-03-10,świętokrzyskie,SK,338,17226,12,853,1860,134732,370,20977,136,9871
2021-03-11,świętokrzyskie,SK,567,17793,22,875,2342,137074,628,21605,212,10083
2021-03-12,świętokrzyskie,SK,409,18202,1,876,1765,138839,469,22074,296,10379
2021-03-13,świętokrzyskie,SK,476,18678,7,883,2265,141104,536,22610,336,10715
2021-03-14,świętokrzyskie,SK,303,18981,0,883,1665,142769,429,23039,312,11027
2021-03-15,świętokrzyskie,SK,266,19247,0,883,1233,144002,320,23359,260,11287
2021-03-16,świętokrzyskie,SK,373,19620,20,903,2064,146066,452,23811,244,11531
2021-03-17,świętokrzyskie,SK,535,20155,30,933,2355,148421,596,24407,153,11684
2021-03-18,świętokrzyskie,SK,707,20862,13,946,2819,151240,836,25243,288,11972
2021-03-19,świętokrzyskie,SK,576,21438,11,957,2411,153651,729,25972,393,12365
2021-03-20,świętokrzyskie,SK,736,22174,9,966,2714,156365,887,26859,511,12876
2021-03-21,świętokrzyskie,SK,461,22635,0,966,1658,158023,496,27355,411,13287
2021-03-22,świętokrzyskie,SK,429,23064,0,966,1569,159592,462,27817,503,13790
2021-03-23,świętokrzyskie,SK,553,23617,15,981,3219,162811,837,28654,330,14120
2021-03-24,świętokrzyskie,SK,691,24308,27,1008,3065,165876,870,29524,246,14366
2021-03-25,świętokrzyskie,SK,1024,25332,26,1034,3280,169156,1233,30757,460,14826
2021-03-26,świętokrzyskie,SK,822,26154,32,1066,2813,171969,930,31687,565,15391
2021-03-27,świętokrzyskie,SK,939,27093,25,1091,3123,175092,1000,32687,681,16072
2021-03-28,świętokrzyskie,SK,718,27811,3,1094,2536,177628,888,33575,667,16739
2021-03-29,świętokrzyskie,SK,585,28396,0,1094,2240,179868,711,34286,604,17343
2021-03-30,świętokrzyskie,SK,551,28947,13,1107,2394,182262,598,34884,586,17929
2021-03-31,świętokrzyskie,SK,812,29759,33,1140,2818,185080,873,35757,406,18335
2021-04-01,świętokrzyskie,SK,900,30659,18,1158,2941,188021,985,36742,602,18937
2021-04-02,świętokrzyskie,SK,864,31523,13,1171,2830,190851,940,37682,764,19701
2021-04-03,świętokrzyskie,SK,860,32383,13,1184,2855,193706,974,38656,1101,20802
2021-04-04,świętokrzyskie,SK,502,32885,1,1185,1886,195592,585,39241,778,21580
2021-04-05,świętokrzyskie,SK,376,33261,4,1189,1312,196904,420,39661,1031,22611
2021-04-06,świętokrzyskie,SK,209,33470,4,1193,1226,198130,263,39924,626,23237
2021-04-07,świętokrzyskie,SK,485,33955,37,1230,2367,200497,535,40459,485,23722
2021-04-08,świętokrzyskie,SK,721,34676,35,1265,3183,203680,763,41222,629,24351
2021-04-09,świętokrzyskie,SK,712,35388,30,1295,2754,206434,767,41989,932,25283
2021-04-10,świętokrzyskie,SK,721,36109,27,1322,3236,209670,810,42799,904,26187
2021-04-11,świętokrzyskie,SK,475,36584,9,1331,2135,211805,512,43311,812,26999
2021-04-12,świętokrzyskie,SK,371,36955,0,1331,1792,213597,403,43714,807,27806
2021-04-13,świętokrzyskie,SK,487,37442,14,1345,2357,215954,545,44259,465,28271
2021-04-14,świętokrzyskie,SK,547,37989,50,1395,2695,218649,599,44858,331,28602
2021-04-15,świętokrzyskie,SK,659,38648,50,1445,2748,221397,691,45549,266,28868
2021-04-16,świętokrzyskie,SK,540,39188,17,1462,2234,223631,592,46141,538,29406
2021-04-17,świętokrzyskie,SK,438,39626,13,1475,2341,225972,482,46623,811,30217
2021-04-18,świętokrzyskie,SK,299,39925,12,1487,1741,227713,328,46951,837,31054
2021-04-19,świętokrzyskie,SK,249,40174,3,1490,1442,229155,318,47269,715,31769
2021-04-20,świętokrzyskie,SK,321,40495,18,1508,2021,231176,371,47640,391,32160
2021-04-21,świętokrzyskie,SK,371,40866,16,1524,2312,233488,452,48092,334,32494
2021-04-22,świętokrzyskie,SK,400,41266,21,1545,2150,235638,435,48527,510,33004
2021-04-23,świętokrzyskie,SK,320,41586,12,1557,1561,237199,352,48879,596,33600
2021-04-24,świętokrzyskie,SK,327,41913,7,1564,2313,239512,366,49245,620,34220
2021-04-25,świętokrzyskie,SK,152,42065,3,1567,1331,240843,181,49426,504,34724
2021-04-26,świętokrzyskie,SK,126,42191,0,1567,971,241814,176,49602,467,35191
2021-04-27,świętokrzyskie,SK,191,42382,29,1596,1985,243799,294,49896,274,35465
2021-04-28,świętokrzyskie,SK,214,42596,41,1637,1938,245737,245,50141,250,35715
2021-04-29,świętokrzyskie,SK,234,42830,24,1661,1662,247399,254,50395,358,36073
2021-04-30,świętokrzyskie,SK,177,43007,12,1673,1641,249040,222,50617,440,36513
2021-05-01,świętokrzyskie,SK,182,43189,34,1707,1679,250719,214,50831,354,36867
2021-05-02,świętokrzyskie,SK,126,43315,9,1716,1310,252029,140,50971,324,37191
2021-05-03,świętokrzyskie,SK,61,43376,1,1717,946,252975,73,51044,294,37485
2021-05-04,świętokrzyskie,SK,57,43433,3,1720,878,253853,71,51115,163,37648
2021-05-05,świętokrzyskie,SK,104,43537,11,1731,1438,255291,120,51235,121,37769
2021-05-06,świętokrzyskie,SK,172,43709,21,1752,1889,257180,187,51422,231,38000
2021-05-07,świętokrzyskie,SK,124,43833,26,1778,1593,258773,155,51577,234,38234
2021-05-08,świętokrzyskie,SK,119,43952,14,1792,1857,260630,134,51711,194,38428
2021-05-09,świętokrzyskie,SK,107,44059,5,1797,1411,262041,118,51829,201,38629
2021-05-10,świętokrzyskie,SK,48,44107,0,1797,951,262992,56,51885,192,38821
2021-05-11,świętokrzyskie,SK,80,44187,14,1811,1685,264677,87,51972,119,38940
2021-05-12,świętokrzyskie,SK,87,44274,7,1818,1688,266365,96,52068,68,39008
2021-05-13,świętokrzyskie,SK,101,44375,17,1835,1671,268036,119,52187,63,39071
2021-05-14,świętokrzyskie,SK,86,44461,12,1847,1557,269593,107,52294,144,39215
2021-05-15,świętokrzyskie,SK,98,44559,13,1860,1491,271084,105,52399,165,39380
2021-05-16,świętokrzyskie,SK,40,44599,7,1867,1291,272375,49,52448,144,39524
2021-05-17,świętokrzyskie,SK,37,44636,6,1873,905,273280,44,52492,120,39644
2021-05-18,świętokrzyskie,SK,48,44684,15,1888,1460,274740,55,52547,87,39731
2021-05-19,świętokrzyskie,SK,54,44738,14,1902,1551,276291,62,52609,56,39787
2021-05-20,świętokrzyskie,SK,63,44801,22,1924,1563,277854,72,52681,83,39870
2021-05-21,świętokrzyskie,SK,42,44843,11,1935,1339,279193,52,52733,103,39973
2021-05-22,świętokrzyskie,SK,35,44878,7,1942,1455,280648,46,52779,101,40074
2021-05-23,świętokrzyskie,SK,33,44911,2,1944,1207,281855,42,52821,97,40171
2021-05-24,świętokrzyskie,SK,15,44926,1,1945,953,282808,21,52842,100,40271
2021-05-25,świętokrzyskie,SK,28,44954,13,1958,1638,284446,34,52876,40,40311
2021-05-26,świętokrzyskie,SK,33,44987,3,1961,1661,286107,42,52918,48,40359
2021-05-27,świętokrzyskie,SK,30,45017,9,1970,1931,288038,46,52964,56,40415
2021-05-28,świętokrzyskie,SK,28,45045,4,1974,1379,289417,41,53005,54,40469
2021-05-29,świętokrzyskie,SK,27,45072,5,1979,1519,290936,33,53038,62,40531
2021-05-30,świętokrzyskie,SK,14,45086,1,1980,1358,292294,20,53058,39,40570
2021-05-31,świętokrzyskie,SK,13,45099,0,1980,844,293138,15,53073,47,40617
2021-06-01,świętokrzyskie,SK,26,45125,10,1990,1448,294586,30,53103,29,40646
2021-06-02,świętokrzyskie,SK,12,45137,8,1998,1534,296120,18,53121,18,40664
2021-06-03,świętokrzyskie,SK,12,45149,4,2002,1434,297554,15,53136,29,40693
2021-06-04,świętokrzyskie,SK,13,45162,1,2003,988,298542,15,53151,34,40727
2021-06-05,świętokrzyskie,SK,6,45168,1,2004,1312,299854,10,53161,25,40752
2021-06-06,świętokrzyskie,SK,4,45172,0,2004,1207,301061,11,53172,38,40790
2021-06-07,świętokrzyskie,SK,4,45176,0,2004,1016,302077,7,53179,27,40817
2021-06-08,świętokrzyskie,SK,16,45192,18,2022,1594,303671,19,53198,14,40831
2021-06-09,świętokrzyskie,SK,10,45202,2,2024,1558,305229,15,53213,14,40845
2021-06-10,świętokrzyskie,SK,15,45217,4,2028,1602,306831,15,53228,25,40870
2021-06-11,świętokrzyskie,SK,5,45222,6,2034,1513,308344,8,53236,15,40885
2021-06-12,świętokrzyskie,SK,5,45227,5,2039,1505,309849,7,53243,10,40895
2021-06-13,świętokrzyskie,SK,3,45230,0,2039,1399,311248,5,53248,15,40910
2021-06-14,świętokrzyskie,SK,5,45235,0,2039,958,312206,8,53256,13,40923
2021-06-15,świętokrzyskie,SK,7,45242,2,2041,1425,313631,10,53266,8,40931
2021-06-16,świętokrzyskie,SK,6,45248,6,2047,1479,315110,7,53273,8,40939
2021-06-17,świętokrzyskie,SK,9,45257,2,2049,1394,316504,10,53283,16,40955
2021-06-18,świętokrzyskie,SK,4,45261,2,2051,1185,317689,6,53289,12,40967
2021-06-19,świętokrzyskie,SK,8,45269,0,2051,1296,318985,10,53299,13,40980
2021-06-20,świętokrzyskie,SK,3,45272,0,2051,1164,320149,5,53304,7,40987
2021-06-21,świętokrzyskie,SK,4,45276,0,2051,740,320889,4,53308,5,40992
2021-06-22,świętokrzyskie,SK,9,45285,1,2052,1883,322772,16,53324,3,40995
2021-06-23,świętokrzyskie,SK,4,45289,2,2054,1742,324514,8,53332,8,41003
2021-06-24,świętokrzyskie,SK,4,45293,2,2056,1260,325774,4,53336,7,41010
2021-06-25,świętokrzyskie,SK,8,45301,2,2058,1269,327043,9,53345,5,41015
2021-06-26,świętokrzyskie,SK,4,45305,0,2058,996,328039,5,53350,6,41021
2021-06-27,świętokrzyskie,SK,1,45306,0,2058,997,329036,1,53351,4,41025
2021-06-28,świętokrzyskie,SK,3,45309,0,2058,702,329738,4,53355,11,41036
2021-06-29,świętokrzyskie,SK,7,45316,3,2061,1706,331444,8,53363,2,41038
2021-06-30,świętokrzyskie,SK,8,45324,2,2063,1582,333026,16,53379,6,41044
2021-07-01,świętokrzyskie,SK,4,45328,2,2065,1117,334143,6,53385,10,41054
2021-07-02,świętokrzyskie,SK,1,45329,2,2067,1296,335439,1,53386,4,41058
2021-07-03,świętokrzyskie,SK,3,45332,1,2068,1295,336734,3,53389,4,41062
2021-07-04,świętokrzyskie,SK,1,45333,0,2068,1178,337912,2,53391,8,41070
2021-07-05,świętokrzyskie,SK,4,45337,0,2068,728,338640,4,53395,4,41074
2021-07-06,świętokrzyskie,SK,2,45339,0,2068,1424,340064,4,53399,2,41076
2021-07-07,świętokrzyskie,SK,2,45341,0,2068,1302,341366,3,53402,4,41080
2021-07-08,świętokrzyskie,SK,4,45345,0,2068,1181,342547,5,53407,5,41085
2021-07-09,świętokrzyskie,SK,0,45345,1,2069,1238,343785,2,53409,0,41085
2021-07-10,świętokrzyskie,SK,0,45345,0,2069,1336,345121,2,53411,4,41089
2021-07-11,świętokrzyskie,SK,1,45346,0,2069,1021,346142,2,53413,1,41090
2021-07-12,świętokrzyskie,SK,3,45349,0,2069,843,346985,4,53417,3,41093
2021-07-13,świętokrzyskie,SK,0,45349,3,2072,1449,348434,1,53418,1,41094
2021-07-14,świętokrzyskie,SK,3,45352,0,2072,1302,349736,8,53426,16,41110
2021-07-15,świętokrzyskie,SK,3,45355,1,2073,1227,350963,4,53430,2,41112
2021-07-16,świętokrzyskie,SK,2,45357,1,2074,991,351954,3,53433,5,41117
2021-07-17,świętokrzyskie,SK,6,45363,0,2074,1344,353298,9,53442,4,41121
2021-07-18,świętokrzyskie,SK,5,45368,0,2074,1117,354415,6,53448,0,41121
2021-07-19,świętokrzyskie,SK,0,45368,0,2074,712,355127,0,53448,2,41123
2021-07-20,świętokrzyskie,SK,1,45369,1,2075,1457,356584,2,53450,5,41128
2021-07-21,świętokrzyskie,SK,2,45371,0,2075,1388,357972,4,53454,2,41130
2021-07-22,świętokrzyskie,SK,4,45375,1,2076,1262,359234,4,53458,2,41132
2021-07-23,świętokrzyskie,SK,1,45376,0,2076,1207,360441,2,53460,5,41137
2021-07-24,świętokrzyskie,SK,6,45382,0,2076,1216,361657,7,53467,6,41143
2021-07-25,świętokrzyskie,SK,0,45382,0,2076,1101,362758,0,53467,0,41143
2021-07-26,świętokrzyskie,SK,4,45386,0,2076,762,363520,5,53472,6,41149
2021-07-27,świętokrzyskie,SK,4,45390,0,2076,1434,364954,5,53477,6,41155
2021-07-28,świętokrzyskie,SK,1,45391,0,2076,1289,366243,2,53479,0,41155
2021-07-29,świętokrzyskie,SK,3,45394,0,2076,1263,367506,4,53483,1,41156
2021-07-30,świętokrzyskie,SK,2,45396,0,2076,1060,368566,5,53488,0,41156
2021-07-31,świętokrzyskie,SK,4,45400,0,2076,1385,369951,6,53494,5,41161
2021-08-01,świętokrzyskie,SK,1,45401,0,2076,963,370914,1,53495,1,41162
2021-08-02,świętokrzyskie,SK,5,45406,0,2076,793,371707,5,53500,4,41166
2021-08-03,świętokrzyskie,SK,4,45410,0,2076,1351,373058,7,53507,0,41166
2021-08-04,świętokrzyskie,SK,2,45412,0,2076,1305,374363,3,53510,3,41169
2021-08-05,świętokrzyskie,SK,5,45417,0,2076,1253,375616,10,53520,7,41176
2021-08-06,świętokrzyskie,SK,4,45421,0,2076,1193,376809,5,53525,4,41180
2021-08-07,świętokrzyskie,SK,3,45424,1,2077,1276,378085,5,53530,4,41184
2021-08-08,świętokrzyskie,SK,2,45426,0,2077,1080,379165,3,53533,3,41187
2021-08-09,świętokrzyskie,SK,3,45429,0,2077,715,379880,4,53537,5,41192
2021-08-10,świętokrzyskie,SK,7,45436,0,2077,1282,381162,8,53545,0,41192
2021-08-11,świętokrzyskie,SK,5,45441,0,2077,1369,382531,7,53552,7,41199
2021-08-12,świętokrzyskie,SK,6,45447,0,2077,1066,383597,8,53560,4,41203
2021-08-13,świętokrzyskie,SK,4,45451,0,2077,1166,384763,5,53565,3,41206
2021-08-14,świętokrzyskie,SK,6,45457,1,2078,1287,386050,6,53571,14,41220
2021-08-15,świętokrzyskie,SK,6,45463,0,2078,1038,387088,7,53578,4,41224
2021-08-16,świętokrzyskie,SK,1,45464,0,2078,727,387815,2,53580,5,41229
2021-08-17,świętokrzyskie,SK,9,45473,0,2078,1330,389145,10,53590,6,41235
2021-08-18,świętokrzyskie,SK,5,45478,0,2078,1229,390374,9,53599,2,41237
2021-08-19,świętokrzyskie,SK,1,45479,0,2078,1099,391473,5,53604,5,41242
2021-08-20,świętokrzyskie,SK,1,45480,1,2079,1112,392585,2,53606,9,41251
2021-08-21,świętokrzyskie,SK,7,45487,0,2079,1205,393790,8,53614,6,41257
2021-08-22,świętokrzyskie,SK,5,45492,0,2079,934,394724,5,53619,3,41260
2021-08-23,świętokrzyskie,SK,5,45497,0,2079,724,395448,5,53624,7,41267
2021-08-24,świętokrzyskie,SK,3,45500,0,2079,1288,396736,3,53627,12,41279
2021-08-25,świętokrzyskie,SK,6,45506,0,2079,1264,398000,8,53635,5,41284
2021-08-26,świętokrzyskie,SK,10,45516,0,2079,1110,399110,10,53645,11,41295
2021-08-27,świętokrzyskie,SK,6,45522,0,2079,1147,400257,9,53654,10,41305
2021-08-28,świętokrzyskie,SK,7,45529,1,2080,1178,401435,8,53662,5,41310
2021-08-29,świętokrzyskie,SK,7,45536,0,2080,1056,402491,19,53681,3,41313
2021-08-30,świętokrzyskie,SK,4,45540,0,2080,644,403135,6,53687,7,41320
2021-08-31,świętokrzyskie,SK,9,45549,0,2080,1359,404494,10,53697,9,41329
2021-09-01,świętokrzyskie,SK,9,45558,0,2080,1301,405795,13,53710,5,41334
2021-09-02,świętokrzyskie,SK,10,45568,0,2080,1149,406944,11,53721,1,41335
2021-09-03,świętokrzyskie,SK,4,45572,0,2080,1192,408136,6,53727,10,41345
2021-09-04,świętokrzyskie,SK,4,45576,2,2082,1126,409262,6,53733,8,41353
2021-09-05,świętokrzyskie,SK,9,45585,0,2082,941,410203,10,53743,7,41360
2021-09-06,świętokrzyskie,SK,5,45590,0,2082,724,410927,6,53749,8,41368
2021-09-07,świętokrzyskie,SK,9,45599,1,2083,1345,412272,13,53762,10,41378
2021-09-08,świętokrzyskie,SK,5,45604,2,2085,1274,413546,6,53768,8,41386
2021-09-09,świętokrzyskie,SK,4,45608,0,2085,1133,414679,6,53774,16,41402
2021-09-10,świętokrzyskie,SK,11,45619,1,2086,1161,415840,15,53789,9,41411
2021-09-11,świętokrzyskie,SK,12,45631,0,2086,1191,417031,15,53804,11,41422
2021-09-12,świętokrzyskie,SK,9,45640,0,2086,938,417969,10,53814,6,41428
2021-09-13,świętokrzyskie,SK,2,45642,0,2086,724,418693,2,53816,4,41432
2021-09-14,świętokrzyskie,SK,8,45650,2,2088,1289,419982,10,53826,17,41449
2021-09-15,świętokrzyskie,SK,13,45663,4,2092,1232,421214,15,53841,7,41456
2021-09-16,świętokrzyskie,SK,13,45676,0,2092,1238,422452,15,53856,16,41472
2021-09-17,świętokrzyskie,SK,5,45681,0,2092,982,423434,5,53861,8,41480
2021-09-18,świętokrzyskie,SK,15,45696,0,2092,1078,424512,16,53877,11,41491
2021-09-19,świętokrzyskie,SK,12,45708,0,2092,996,425508,13,53890,13,41504
2021-09-20,świętokrzyskie,SK,8,45716,0,2092,685,426193,15,53905,11,41515
2021-09-21,świętokrzyskie,SK,6,45722,0,2092,1305,427498,8,53913,10,41525
2021-09-22,świętokrzyskie,SK,6,45728,2,2094,1331,428829,9,53922,5,41530
2021-09-23,świętokrzyskie,SK,8,45736,0,2094,1123,429952,10,53932,10,41540
2021-09-24,świętokrzyskie,SK,6,45742,2,2096,1095,431047,9,53941,13,41553
2021-09-25,świętokrzyskie,SK,2,45744,0,2096,1201,432248,2,53943,15,41568
2021-09-26,świętokrzyskie,SK,7,45751,0,2096,791,433039,7,53950,6,41574
2021-09-27,świętokrzyskie,SK,9,45760,0,2096,676,433715,9,53959,15,41589
2021-09-28,świętokrzyskie,SK,9,45769,0,2096,1323,435038,11,53970,17,41606
2021-09-29,świętokrzyskie,SK,12,45781,0,2096,1249,436287,14,53984,13,41619
2021-09-30,świętokrzyskie,SK,21,45802,0,2096,1013,437300,24,54008,9,41628
2021-10-01,świętokrzyskie,SK,18,45820,1,2097,1127,438427,25,54033,7,41635
2021-10-02,świętokrzyskie,SK,22,45842,0,2097,1171,439598,23,54056,16,41651
2021-10-03,świętokrzyskie,SK,14,45856,0,2097,894,440492,16,54072,5,41656
2021-10-04,świętokrzyskie,SK,10,45866,0,2097,810,441302,15,54087,2,41658
2021-10-05,świętokrzyskie,SK,20,45886,0,2097,1262,442564,23,54110,8,41666
2021-10-06,świętokrzyskie,SK,38,45924,2,2099,1361,443925,38,54148,13,41679
2021-10-07,świętokrzyskie,SK,21,45945,0,2099,1160,445085,27,54175,13,41692
2021-10-08,świętokrzyskie,SK,28,45973,0,2099,1184,446269,34,54209,12,41704
2021-10-09,świętokrzyskie,SK,19,45992,0,2099,991,447260,23,54232,22,41726
2021-10-10,świętokrzyskie,SK,17,46009,0,2099,730,447990,19,54251,14,41740
2021-10-11,świętokrzyskie,SK,13,46022,0,2099,664,448654,16,54267,20,41760
2021-10-12,świętokrzyskie,SK,34,46056,3,2102,1262,449916,38,54305,11,41771
2021-10-13,świętokrzyskie,SK,43,46099,1,2103,1272,451188,51,54356,13,41784
2021-10-14,świętokrzyskie,SK,39,46138,0,2103,1241,452429,42,54398,24,41808
2021-10-15,świętokrzyskie,SK,36,46174,1,2104,1025,453454,41,54439,39,41847
2021-10-16,świętokrzyskie,SK,50,46224,1,2105,1216,454670,60,54499,20,41867
2021-10-17,świętokrzyskie,SK,32,46256,0,2105,974,455644,40,54539,23,41890
2021-10-18,świętokrzyskie,SK,34,46290,0,2105,744,456388,43,54582,23,41913
2021-10-19,świętokrzyskie,SK,71,46361,2,2107,1323,457711,82,54664,19,41932
2021-10-20,świętokrzyskie,SK,94,46455,2,2109,1520,459231,112,54776,17,41949
2021-10-21,świętokrzyskie,SK,96,46551,3,2112,1294,460525,109,54885,32,41981
2021-10-22,świętokrzyskie,SK,89,46640,1,2113,1342,461867,98,54983,51,42032
2021-10-23,świętokrzyskie,SK,109,46749,2,2115,1310,463177,125,55108,46,42078
2021-10-24,świętokrzyskie,SK,86,46835,0,2115,960,464137,101,55209,30,42108
2021-10-25,świętokrzyskie,SK,41,46876,0,2115,696,464833,49,55258,47,42155
2021-10-26,świętokrzyskie,SK,74,46950,2,2117,1391,466224,94,55352,42,42197
2021-10-27,świętokrzyskie,SK,125,47075,6,2123,1510,467734,138,55490,37,42234
2021-10-28,świętokrzyskie,SK,135,47210,4,2127,1441,469175,153,55643,75,42309
2021-10-29,świętokrzyskie,SK,136,47346,2,2129,1459,470634,152,55795,88,42397
2021-10-30,świętokrzyskie,SK,194,47540,2,2131,1449,472083,206,56001,99,42496
2021-10-31,świętokrzyskie,SK,110,47650,0,2131,1040,473123,128,56129,86,42582
2021-11-01,świętokrzyskie,SK,72,47722,0,2131,741,473864,85,56214,113,42695
2021-11-02,świętokrzyskie,SK,76,47798,0,2131,804,474668,92,56306,76,42771
2021-11-03,świętokrzyskie,SK,214,48012,5,2136,1677,476345,233,56539,48,42819
2021-11-04,świętokrzyskie,SK,277,48289,13,2149,1824,478169,305,56844,87,42906
2021-11-05,świętokrzyskie,SK,272,48561,5,2154,1855,480024,297,57141,121,43027
2021-11-06,świętokrzyskie,SK,284,48845,6,2160,1921,481945,310,57451,129,43156
2021-11-07,świętokrzyskie,SK,216,49061,0,2160,1293,483238,242,57693,148,43304
2021-11-08,świętokrzyskie,SK,107,49168,0,2160,1057,484295,124,57817,173,43477
2021-11-09,świętokrzyskie,SK,264,49432,6,2166,1921,486216,295,58112,110,43587
2021-11-10,świętokrzyskie,SK,307,49739,2,2168,1946,488162,335,58447,77,43664
2021-11-11,świętokrzyskie,SK,365,50104,5,2173,1988,490150,396,58843,87,43751
2021-11-12,świętokrzyskie,SK,228,50332,0,2173,1222,491372,249,59092,209,43960
2021-11-13,świętokrzyskie,SK,288,50620,10,2183,1848,493220,343,59435,302,44262
2021-11-14,świętokrzyskie,SK,256,50876,0,2183,1343,494563,280,59715,264,44526
2021-11-15,świętokrzyskie,SK,169,51045,0,2183,1132,495695,197,59912,296,44822
2021-11-16,świętokrzyskie,SK,405,51450,6,2189,2289,497984,441,60353,228,45050
2021-11-17,świętokrzyskie,SK,491,51941,22,2211,2451,500435,536,60889,123,45173
2021-11-18,świętokrzyskie,SK,487,52428,10,2221,2400,502835,537,61426,263,45436
2021-11-19,świętokrzyskie,SK,500,52928,2,2223,2105,504940,539,61965,331,45767
2021-11-20,świętokrzyskie,SK,425,53353,23,2246,2000,506940,474,62439,363,46130
2021-11-21,świętokrzyskie,SK,393,53746,0,2246,1640,508580,422,62861,227,46357
2021-11-22,świętokrzyskie,SK,241,53987,0,2246,1228,509808,264,63125,274,46631
2021-11-23,świętokrzyskie,SK,471,54458,9,2255,2300,512108,523,63648,295,46926
2021-11-24,świętokrzyskie,SK,503,54961,18,2273,2589,514697,552,64200,194,47120
2021-11-25,świętokrzyskie,SK,654,55615,15,2288,2775,517472,708,64908,389,47509
2021-11-26,świętokrzyskie,SK,575,56190,14,2302,2575,520047,625,65533,483,47992
2021-11-27,świętokrzyskie,SK,646,56836,13,2315,2442,522489,699,66232,544,48536
2021-11-28,świętokrzyskie,SK,367,57203,2,2317,1687,524176,414,66646,472,49008
2021-11-29,świętokrzyskie,SK,182,57385,0,2317,1158,525334,216,66862,442,49450
2021-11-30,świętokrzyskie,SK,604,57989,21,2338,2793,528127,660,67522,399,49849
2021-12-01,świętokrzyskie,SK,632,58621,27,2365,2761,530888,679,68201,245,50094
2021-12-02,świętokrzyskie,SK,638,59259,19,2384,2743,533631,710,68911,486,50580
2021-12-03,świętokrzyskie,SK,601,59860,16,2400,2435,536066,653,69564,553,51133
2021-12-04,świętokrzyskie,SK,639,60499,10,2410,2717,538783,688,70252,654,51787
2021-12-05,świętokrzyskie,SK,424,60923,0,2410,1735,540518,466,70718,571,52358
2021-12-06,świętokrzyskie,SK,300,61223,0,2410,1417,541935,349,71067,625,52983
2021-12-07,świętokrzyskie,SK,446,61669,12,2422,2516,544451,503,71570,388,53371
2021-12-08,świętokrzyskie,SK,652,62321,21,2443,2992,547443,709,72279,206,53577
2021-12-09,świętokrzyskie,SK,622,62943,7,2450,2704,550147,674,72953,667,54244
2021-12-10,świętokrzyskie,SK,550,63493,34,2484,2558,552705,608,73561,638,54882
2021-12-11,świętokrzyskie,SK,559,64052,23,2507,2586,555291,614,74175,642,55524
2021-12-12,świętokrzyskie,SK,439,64491,4,2511,1975,557266,476,74651,599,56123
2021-12-13,świętokrzyskie,SK,280,64771,0,2511,1473,558739,321,74972,645,56768
2021-12-14,świętokrzyskie,SK,424,65195,21,2532,2487,561226,468,75440,448,57216
2021-12-15,świętokrzyskie,SK,580,65775,19,2551,2786,564012,633,76073,293,57509
2021-12-16,świętokrzyskie,SK,533,66308,13,2564,2682,566694,600,76673,498,58007
2021-12-17,świętokrzyskie,SK,427,66735,28,2592,2468,569162,467,77140,687,58694
2021-12-18,świętokrzyskie,SK,412,67147,21,2613,2426,571588,461,77601,654,59348
2021-12-19,świętokrzyskie,SK,368,67515,0,2613,1782,573370,423,78024,561,59909
2021-12-20,świętokrzyskie,SK,191,67706,0,2613,1387,574757,224,78248,610,60519
2021-12-21,świętokrzyskie,SK,338,68044,12,2625,2324,577081,387,78635,414,60933
2021-12-22,świętokrzyskie,SK,412,68456,32,2657,2446,579527,456,79091,301,61234
2021-12-23,świętokrzyskie,SK,389,68845,10,2667,2190,581717,422,79513,446,61680
2021-12-24,świętokrzyskie,SK,359,69204,7,2674,2078,583795,397,79910,609,62289
2021-12-25,świętokrzyskie,SK,299,69503,6,2680,1533,585328,334,80244,536,62825
2021-12-26,świętokrzyskie,SK,168,69671,0,2680,1009,586337,185,80429,430,63255
2021-12-27,świętokrzyskie,SK,112,69783,1,2681,1055,587392,129,80558,457,63712
2021-12-28,świętokrzyskie,SK,234,70017,12,2693,2152,589544,268,80826,378,64090
2021-12-29,świętokrzyskie,SK,369,70386,51,2744,2385,591929,411,81237,227,64317
2021-12-30,świętokrzyskie,SK,334,70720,36,2780,2355,594284,386,81623,330,64647
2021-12-31,świętokrzyskie,SK,351,71071,17,2797,2339,596623,400,82023,448,65095
2022-01-01,świętokrzyskie,SK,381,71452,20,2817,2801,599424,428,82451,395,65490
2022-01-02,świętokrzyskie,SK,174,71626,0,2817,1435,600859,204,82655,339,65829
2022-01-03,świętokrzyskie,SK,146,71772,0,2817,1497,602356,180,82835,319,66148
2022-01-04,świętokrzyskie,SK,298,72070,15,2832,2682,605038,338,83173,183,66331
2022-01-05,świętokrzyskie,SK,367,72437,17,2849,2471,607509,416,83589,127,66458
2022-01-06,świętokrzyskie,SK,396,72833,24,2873,2727,610236,448,84037,272,66730
2022-01-07,świętokrzyskie,SK,256,73089,2,2875,1598,611834,295,84332,398,67128
2022-01-08,świętokrzyskie,SK,287,73376,15,2890,2047,613881,325,84657,334,67462
2022-01-09,świętokrzyskie,SK,279,73655,0,2890,1821,615702,318,84975,346,67808
2022-01-10,świętokrzyskie,SK,174,73829,0,2890,1496,617198,205,85180,384,68192
2022-01-11,świętokrzyskie,SK,275,74104,10,2900,2407,619605,320,85500,195,68387
2022-01-12,świętokrzyskie,SK,367,74471,35,2935,2528,622133,428,85928,165,68552
2022-01-13,świętokrzyskie,SK,348,74819,14,2949,2276,624409,394,86322,304,68856
2022-01-14,świętokrzyskie,SK,311,75130,15,2964,2029,626438,354,86676,399,69255
2022-01-15,świętokrzyskie,SK,395,75525,19,2983,2704,629142,476,87152,408,69663
2022-01-16,świętokrzyskie,SK,301,75826,5,2988,1780,630922,340,87492,285,69948
2022-01-17,świętokrzyskie,SK,202,76028,0,2988,1430,632352,225,87717,295,70243
2022-01-18,świętokrzyskie,SK,461,76489,18,3006,2488,634840,525,88242,315,70558
2022-01-19,świętokrzyskie,SK,585,77074,31,3037,2836,637676,679,88921,191,70749
2022-01-20,świętokrzyskie,SK,642,77716,16,3053,2962,640638,768,89689,315,71064
2022-01-21,świętokrzyskie,SK,715,78431,9,3062,2870,643508,839,90528,369,71433
2022-01-22,świętokrzyskie,SK,688,79119,14,3076,2875,646383,791,91319,396,71829
2022-01-23,świętokrzyskie,SK,529,79648,1,3077,2336,648719,601,91920,345,72174
2022-01-24,świętokrzyskie,SK,481,80129,0,3077,2085,650804,547,92467,430,72604
2022-01-25,świętokrzyskie,SK,876,81005,12,3089,3456,654260,1055,93522,339,72943
2022-01-26,świętokrzyskie,SK,984,81989,15,3104,3887,658147,1146,94668,212,73155
2022-01-27,świętokrzyskie,SK,1116,83105,10,3114,3800,661947,1287,95955,521,73676
2022-01-28,świętokrzyskie,SK,1040,84145,9,3123,3343,665290,1176,97131,700,74376
2022-01-29,świętokrzyskie,SK,998,85143,9,3132,3373,668663,1160,98291,728,75104
2022-01-30,świętokrzyskie,SK,874,86017,1,3133,2774,671437,997,99288,749,75853
2022-01-31,świętokrzyskie,SK,566,86583,0,3133,2136,673573,666,99954,784,76637
2022-02-01,świętokrzyskie,SK,962,87545,4,3137,3735,677308,1137,101091,596,77233
2022-02-02,świętokrzyskie,SK,1214,88759,18,3155,4179,681487,1403,102494,532,77765
2022-02-03,świętokrzyskie,SK,1206,89965,8,3163,3935,685422,1414,103908,981,78746
2022-02-04,świętokrzyskie,SK,1439,91404,2,3165,5277,690699,1661,105569,1091,79837
2022-02-05,świętokrzyskie,SK,997,92401,11,3176,3672,694371,1180,106749,1288,81125
2022-02-06,świętokrzyskie,SK,993,93394,0,3176,3263,697634,1122,107871,1094,82219
2022-02-07,świętokrzyskie,SK,554,93948,0,3176,2152,699786,649,108520,1263,83482
2022-02-08,świętokrzyskie,SK,1084,95032,9,3185,3876,703662,1160,109680,902,84384
2022-02-09,świętokrzyskie,SK,1319,96351,11,3196,4217,707879,1383,111063,670,85054
2022-02-10,świętokrzyskie,SK,1251,97602,21,3217,4066,711945,1315,112378,1225,86279
2022-02-11,świętokrzyskie,SK,1155,98757,23,3240,3821,715766,1233,113611,1539,87818
2022-02-12,świętokrzyskie,SK,1011,99768,24,3264,3620,719386,1079,114690,1341,89159
2022-02-13,świętokrzyskie,SK,597,100365,0,3264,2254,721640,635,115325,1428,90587
2022-02-14,świętokrzyskie,SK,424,100789,0,3264,2043,723683,469,115794,1121,91708
2022-02-15,świętokrzyskie,SK,714,101503,20,3284,3006,726689,778,116572,1090,92798
2022-02-16,świętokrzyskie,SK,847,102350,26,3310,3464,730153,936,117508,669,93467
2022-02-17,świętokrzyskie,SK,976,103326,11,3321,3831,733984,1070,118578,1139,94606
2022-02-18,świętokrzyskie,SK,652,103978,7,3328,2752,736736,719,119297,1400,96006
2022-02-19,świętokrzyskie,SK,661,104639,10,3338,3081,739817,715,120012,1249,97255
2022-02-20,świętokrzyskie,SK,516,105155,0,3338,2110,741927,560,120572,1068,98323
2022-02-21,świętokrzyskie,SK,229,105384,0,3338,1388,743315,252,120824,1043,99366
2022-02-22,świętokrzyskie,SK,629,106013,12,3350,3152,746467,690,121514,1490,100856
2022-02-23,świętokrzyskie,SK,634,106647,16,3366,3129,749596,695,122209,1276,102132
2022-02-24,świętokrzyskie,SK,515,107162,5,3371,2604,752200,565,122774,1289,103421
2022-02-25,świętokrzyskie,SK,466,107628,11,3382,2511,754711,517,123291,671,104092
2022-02-26,świętokrzyskie,SK,412,108040,11,3393,2222,756933,460,123751,533,104625
2022-02-27,świętokrzyskie,SK,233,108273,0,3393,1275,758208,258,124009,244,104869
2022-02-28,świętokrzyskie,SK,183,108456,0,3393,1100,759308,201,124210,659,105528
2022-03-01,świętokrzyskie,SK,389,108845,7,3400,2355,761663,426,124636,647,106175
2022-03-02,świętokrzyskie,SK,426,109271,22,3422,2423,764086,462,125098,559,106734
2022-03-03,świętokrzyskie,SK,391,109662,13,3435,2141,766227,423,125521,468,107202
2022-03-04,świętokrzyskie,SK,353,110015,6,3441,1984,768211,377,125898,425,107627
2022-03-05,świętokrzyskie,SK,407,110422,8,3449,2080,770291,445,126343,261,107888
2022-03-06,świętokrzyskie,SK,207,110629,0,3449,1371,771662,222,126565,185,108073
2022-03-07,świętokrzyskie,SK,122,110751,0,3449,1120,772782,136,126701,417,108490
2022-03-08,świętokrzyskie,SK,385,111136,15,3464,2482,775264,422,127123,474,108964
2022-03-09,świętokrzyskie,SK,359,111495,5,3469,2270,777534,384,127507,395,109359
2022-03-10,świętokrzyskie,SK,362,111857,13,3482,2125,779659,386,127893,393,109752
2022-03-11,świętokrzyskie,SK,330,112187,3,3485,1896,781555,373,128266,409,110161
2022-03-12,świętokrzyskie,SK,338,112525,16,3501,1927,783482,363,128629,229,110390
2022-03-13,świętokrzyskie,SK,149,112674,0,3501,1360,784842,158,128787,130,110520
2022-03-14,świętokrzyskie,SK,141,112815,0,3501,1116,785958,155,128942,393,110913
2022-03-15,świętokrzyskie,SK,366,113181,6,3507,2557,788515,395,129337,378,111291
2022-03-16,świętokrzyskie,SK,352,113533,6,3513,2299,790814,373,129710,373,111664
2022-03-17,świętokrzyskie,SK,357,113890,9,3522,2134,792948,381,130091,354,112018
2022-03-18,świętokrzyskie,SK,261,114151,5,3527,1861,794809,280,130371,335,112353
2022-03-19,świętokrzyskie,SK,279,114430,9,3536,2028,796837,310,130681,163,112516
2022-03-20,świętokrzyskie,SK,158,114588,0,3536,1229,798066,172,130853,144,112660
2022-03-21,świętokrzyskie,SK,82,114670,0,3536,1046,799112,98,130951,373,113033
2022-03-22,świętokrzyskie,SK,287,114957,14,3550,2442,801554,322,131273,359,113392
2022-03-23,świętokrzyskie,SK,239,115196,7,3557,1991,803545,261,131534,372,113764
2022-03-24,świętokrzyskie,SK,245,115441,4,3561,2072,805617,259,131793,327,114091
2022-03-25,świętokrzyskie,SK,205,115646,2,3563,1750,807367,236,132029,269,114360
2022-03-26,świętokrzyskie,SK,183,115829,4,3567,1798,809165,203,132232,170,114530
2022-03-27,świętokrzyskie,SK,60,115889,0,3567,1016,810181,68,132300,86,114616
2022-03-28,świętokrzyskie,SK,53,115942,0,3567,958,811139,69,132369,285,114901
2022-03-29,świętokrzyskie,SK,188,116130,5,3572,2052,813191,208,132577,272,115173
2022-03-30,świętokrzyskie,SK,141,116271,0,3572,1922,815113,166,132743,278,115451
2022-03-31,świętokrzyskie,SK,134,116405,5,3577,1848,816961,165,132908,197,115648
2022-04-01,świętokrzyskie,SK,93,116498,1,3578,1664,818625,111,133019,203,115851
2022-04-02,świętokrzyskie,SK,69,116567,5,3583,862,819487,78,133097,64,115915
2022-04-03,świętokrzyskie,SK,29,116596,0,3583,431,819918,38,133135,30,115945
2022-04-04,świętokrzyskie,SK,17,116613,0,3583,489,820407,23,133158,1,115946
2022-04-05,świętokrzyskie,SK,74,116687,2,3585,958,821365,85,133243,4,115950
2022-04-06,świętokrzyskie,SK,49,116736,4,3589,975,822340,64,133307,8,115958
2022-04-07,świętokrzyskie,SK,36,116772,0,3589,808,823148,58,133365,13,115971
2022-04-08,świętokrzyskie,SK,46,116818,0,3589,813,823961,57,133422,11,115982
2022-04-09,świętokrzyskie,SK,40,116858,5,3594,759,824720,44,133466,6,115988
2022-04-10,świętokrzyskie,SK,22,116880,0,3594,271,824991,24,133490,0,115988
2022-04-11,świętokrzyskie,SK,15,116895,0,3594,271,825262,21,133511,0,115988
2022-04-12,świętokrzyskie,SK,42,116937,3,3597,672,825934,50,133561,16,116004
2022-04-13,świętokrzyskie,SK,44,116981,0,3597,612,826546,52,133613,10,116014
2022-04-14,świętokrzyskie,SK,21,117002,0,3597,500,827046,30,133643,5,116019
2022-04-15,świętokrzyskie,SK,36,117038,0,3597,494,827540,43,133686,14,116033
2022-04-16,świętokrzyskie,SK,25,117063,0,3597,335,827875,32,133718,4,116037
2022-04-17,świętokrzyskie,SK,12,117075,0,3597,199,828074,13,133731,1,116038
2022-04-18,świętokrzyskie,SK,15,117090,0,3597,216,828290,17,133748,3,116041
2022-04-19,świętokrzyskie,SK,8,117098,0,3597,204,828494,10,133758,0,116041
2022-04-20,świętokrzyskie,SK,42,117140,1,3598,700,829194,49,133807,6,116047
2022-04-21,świętokrzyskie,SK,40,117180,0,3598,483,829677,48,133855,0,116047
2022-04-22,świętokrzyskie,SK,22,117202,0,3598,371,830048,24,133879,0,116047
2022-04-23,świętokrzyskie,SK,37,117239,2,3600,572,830620,43,133922,2,116049
2022-04-24,świętokrzyskie,SK,9,117248,0,3600,235,830855,13,133935,0,116049
2022-04-25,świętokrzyskie,SK,11,117259,0,3600,230,831085,13,133948,2,116051
2022-04-26,świętokrzyskie,SK,36,117295,11,3611,597,831682,40,133988,4,116055
2022-04-27,świętokrzyskie,SK,33,117328,3,3614,526,832208,37,134025,4,116059
2022-04-28,świętokrzyskie,SK,26,117354,0,3614,482,832690,37,134062,6,116065
2022-04-29,świętokrzyskie,SK,27,117381,1,3615,417,833107,31,134093,3,116068
2022-04-30,świętokrzyskie,SK,28,117409,0,3615,481,833588,34,134127,6,116074
2022-05-01,świętokrzyskie,SK,10,117419,0,3615,218,833806,10,134137,1,116075
2022-05-02,świętokrzyskie,SK,8,117427,0,3615,208,834014,9,134146,0,116075
2022-05-03,świętokrzyskie,SK,26,117453,1,3616,367,834381,32,134178,4,116079
2022-05-04,świętokrzyskie,SK,3,117456,0,3616,179,834560,3,134181,0,116079
2022-05-05,świętokrzyskie,SK,20,117476,1,3617,538,835098,24,134205,5,116084
2022-05-06,świętokrzyskie,SK,22,117498,1,3618,405,835503,25,134230,2,116086
2022-05-07,świętokrzyskie,SK,21,117519,0,3618,391,835894,25,134255,5,116091
2022-05-08,świętokrzyskie,SK,4,117523,0,3618,178,836072,4,134259,1,116092
2022-05-09,świętokrzyskie,SK,6,117529,0,3618,238,836310,6,134265,0,116092
2022-05-10,świętokrzyskie,SK,30,117559,0,3618,511,836821,31,134296,4,116096
2022-05-11,świętokrzyskie,SK,17,117576,0,3618,397,837218,19,134315,4,116100
2022-05-12,świętokrzyskie,SK,13,117589,0,3618,342,837560,16,134331,3,116103
2022-05-13,świętokrzyskie,SK,9,117598,0,3618,280,837840,11,134342,2,116105
2022-05-14,świętokrzyskie,SK,15,117613,1,3619,285,838125,17,134359,3,116108
2022-05-15,świętokrzyskie,SK,6,117619,0,3619,206,838331,7,134366,0,116108
2022-05-16,świętokrzyskie,SK,5,117624,0,3619,155,838486,5,134371,2,116110
2022-05-17,świętokrzyskie,SK,19,117643,1,3620,398,838884,20,134391,1,116111
2022-05-18,świętokrzyskie,SK,3,117646,0,3620,308,839192,4,134395,1,116112
2022-05-19,świętokrzyskie,SK,11,117657,0,3620,279,839471,12,134407,4,116116
2022-05-20,świętokrzyskie,SK,10,117667,2,3622,312,839783,10,134417,0,116116
2022-05-21,świętokrzyskie,SK,8,117675,1,3623,248,840031,9,134426,9,116125
2022-05-22,świętokrzyskie,SK,7,117682,0,3623,214,840245,10,134436,0,116125
2022-05-23,świętokrzyskie,SK,1,117683,0,3623,183,840428,1,134437,1,116126
2022-05-24,świętokrzyskie,SK,19,117702,0,3623,338,840766,22,134459,3,116129
2022-05-25,świętokrzyskie,SK,15,117717,1,3624,265,841031,19,134478,2,116131
2022-05-26,świętokrzyskie,SK,6,117723,2,3626,231,841262,8,134486,4,116135
2022-05-27,świętokrzyskie,SK,8,117731,1,3627,367,841629,11,134497,2,116137
2022-05-28,świętokrzyskie,SK,6,117737,0,3627,305,841934,10,134507,1,116138
2022-05-29,świętokrzyskie,SK,14,117751,0,3627,647,842581,16,134523,0,116138
2022-05-30,świętokrzyskie,SK,13,117764,0,3627,482,843063,17,134540,1,116139
2022-05-31,świętokrzyskie,SK,5,117769,0,3627,494,843557,7,134547,2,116141
2022-06-01,świętokrzyskie,SK,5,117774,0,3627,270,843827,6,134553,2,116143
2022-06-02,świętokrzyskie,SK,5,117779,0,3627,219,844046,5,134558,0,116143
2022-06-03,świętokrzyskie,SK,3,117782,2,3629,190,844236,3,134561,1,116144
2022-06-04,świętokrzyskie,SK,9,117791,0,3629,258,844494,10,134571,1,116145
2022-06-05,świętokrzyskie,SK,1,117792,0,3629,114,844608,1,134572,1,116146
2022-06-06,świętokrzyskie,SK,0,117792,0,3629,99,844707,0,134572,0,116146
2022-06-07,świętokrzyskie,SK,15,117807,0,3629,269,844976,15,134587,0,116146
2022-06-08,świętokrzyskie,SK,2,117809,0,3629,220,845196,6,134593,4,116150
2022-06-09,świętokrzyskie,SK,8,117817,0,3629,197,845393,8,134601,1,116151
2022-06-10,świętokrzyskie,SK,10,117827,0,3629,221,845614,12,134613,1,116152
2022-06-11,świętokrzyskie,SK,9,117836,0,3629,175,845789,10,134623,1,116153
2022-06-12,świętokrzyskie,SK,4,117840,0,3629,140,845929,4,134627,0,116153
2022-06-13,świętokrzyskie,SK,3,117843,0,3629,110,846039,3,134630,0,116153
2022-06-14,świętokrzyskie,SK,5,117848,0,3629,222,846261,7,134637,3,116156
2022-06-15,świętokrzyskie,SK,5,117853,1,3630,173,846434,5,134642,1,116157
2022-06-16,świętokrzyskie,SK,5,117858,0,3630,176,846610,6,134648,1,116158
2022-06-17,świętokrzyskie,SK,0,117858,0,3630,99,846709,0,134648,1,116159
2022-06-18,świętokrzyskie,SK,2,117860,0,3630,177,846886,2,134650,3,116162
2022-06-19,świętokrzyskie,SK,3,117863,0,3630,118,847004,3,134653,1,116163
2022-06-20,świętokrzyskie,SK,2,117865,0,3630,115,847119,3,134656,2,116165
2022-06-21,świętokrzyskie,SK,12,117877,0,3630,253,847372,15,134671,4,116169
2022-06-22,świętokrzyskie,SK,11,117888,0,3630,174,847546,12,134683,0,116169
2022-06-23,świętokrzyskie,SK,16,117904,0,3630,223,847769,24,134707,0,116169
2022-06-24,świętokrzyskie,SK,12,117916,0,3630,189,847958,13,134720,2,116171
2022-06-25,świętokrzyskie,SK,5,117921,2,3632,181,848139,7,134727,4,116175
2022-06-26,świętokrzyskie,SK,3,117924,0,3632,98,848237,3,134730,0,116175
2022-06-27,świętokrzyskie,SK,4,117928,0,3632,106,848343,4,134734,0,116175
2022-06-28,świętokrzyskie,SK,31,117959,0,3632,277,848620,32,134766,0,116175
2022-06-29,świętokrzyskie,SK,14,117973,0,3632,211,848831,16,134782,0,116175
2022-06-30,świętokrzyskie,SK,18,117991,0,3632,231,849062,20,134802,0,116175
2022-07-01,świętokrzyskie,SK,16,118007,0,3632,178,849240,20,134822,0,116175
2022-07-02,świętokrzyskie,SK,18,118025,0,3632,180,849420,19,134841,1,116176
2022-07-03,świętokrzyskie,SK,3,118028,0,3632,116,849536,3,134844,0,116176
2022-07-04,świętokrzyskie,SK,2,118030,0,3632,123,849659,3,134847,0,116176
2022-07-05,świętokrzyskie,SK,31,118061,0,3632,213,849872,34,134881,2,116178
2022-07-06,świętokrzyskie,SK,23,118084,0,3632,247,850119,26,134907,0,116178
2022-07-07,świętokrzyskie,SK,26,118110,0,3632,212,850331,30,134937,1,116179
2022-07-08,świętokrzyskie,SK,26,118136,0,3632,205,850536,27,134964,0,116179
2022-07-09,świętokrzyskie,SK,27,118163,0,3632,181,850717,33,134997,0,116179
2022-07-10,świętokrzyskie,SK,5,118168,0,3632,120,850837,6,135003,0,116179
2022-07-11,świętokrzyskie,SK,5,118173,0,3632,117,850954,5,135008,0,116179
2022-07-12,świętokrzyskie,SK,56,118229,0,3632,287,851241,64,135072,1,116180
2022-07-13,świętokrzyskie,SK,43,118272,1,3633,254,851495,45,135117,3,116183
2022-07-14,świętokrzyskie,SK,53,118325,1,3634,258,851753,54,135171,1,116184
2022-07-15,świętokrzyskie,SK,19,118344,0,3634,183,851936,24,135195,0,116184
2022-07-16,świętokrzyskie,SK,50,118394,0,3634,194,852130,54,135249,0,116184
2022-07-17,świętokrzyskie,SK,6,118400,0,3634,91,852221,6,135255,0,116184
2022-07-18,świętokrzyskie,SK,2,118402,0,3634,65,852286,2,135257,1,116185
2022-07-19,świętokrzyskie,SK,66,118468,0,3634,305,852591,68,135325,0,116185
2022-07-20,świętokrzyskie,SK,83,118551,0,3634,344,852935,88,135413,4,116189
2022-07-21,świętokrzyskie,SK,72,118623,0,3634,346,853281,75,135488,1,116190
2022-07-22,świętokrzyskie,SK,82,118705,0,3634,320,853601,85,135573,3,116193
2022-07-23,świętokrzyskie,SK,96,118801,1,3635,362,853963,110,135683,0,116193
2022-07-24,świętokrzyskie,SK,28,118829,0,3635,173,854136,30,135713,0,116193
2022-07-25,świętokrzyskie,SK,21,118850,0,3635,182,854318,22,135735,0,116193
2022-07-26,świętokrzyskie,SK,133,118983,0,3635,435,854753,137,135872,0,116193
2022-07-27,świętokrzyskie,SK,99,119082,0,3635,393,855146,107,135979,1,116194
2022-07-28,świętokrzyskie,SK,96,119178,2,3637,347,855493,99,136078,0,116194
2022-07-29,świętokrzyskie,SK,114,119292,0,3637,397,855890,130,136208,0,116194
2022-07-30,świętokrzyskie,SK,99,119391,0,3637,368,856258,101,136309,0,116194
2022-07-31,świętokrzyskie,SK,17,119408,0,3637,139,856397,17,136326,0,116194
2022-08-01,świętokrzyskie,SK,20,119428,0,3637,141,856538,21,136347,1,116195
2022-08-02,świętokrzyskie,SK,175,119603,2,3639,526,857064,187,136534,0,116195
2022-08-03,świętokrzyskie,SK,128,119731,1,3640,408,857472,136,136670,0,116195
2022-08-04,świętokrzyskie,SK,114,119845,0,3640,366,857838,121,136791,0,116195
2022-08-05,świętokrzyskie,SK,145,119990,1,3641,446,858284,169,136960,0,116195
2022-08-06,świętokrzyskie,SK,159,120149,0,3641,424,858708,163,137123,0,116195
2022-08-07,świętokrzyskie,SK,31,120180,0,3641,199,858907,36,137159,0,116195
2022-08-08,świętokrzyskie,SK,21,120201,0,3641,170,859077,22,137181,0,116195
2022-08-09,świętokrzyskie,SK,204,120405,1,3642,569,859646,226,137407,2,116197
2022-08-10,świętokrzyskie,SK,160,120565,2,3644,444,860090,166,137573,0,116197
2022-08-11,świętokrzyskie,SK,125,120690,2,3646,446,860536,131,137704,0,116197
2022-08-12,świętokrzyskie,SK,141,120831,0,3646,422,860958,172,137876,0,116197
2022-08-13,świętokrzyskie,SK,164,120995,1,3647,402,861360,171,138047,0,116197
2022-08-14,świętokrzyskie,SK,28,121023,0,3647,183,861543,32,138079,0,116197
2022-08-15,świętokrzyskie,SK,33,121056,0,3647,180,861723,38,138117,3,116200
2022-08-16,świętokrzyskie,SK,26,121082,0,3647,206,861929,29,138146,1,116201
2022-08-17,świętokrzyskie,SK,219,121301,1,3648,599,862528,227,138373,1,116202
2022-08-18,świętokrzyskie,SK,170,121471,1,3649,488,863016,184,138557,1,116203
2022-08-19,świętokrzyskie,SK,182,121653,0,3649,487,863503,189,138746,1,116204
2022-08-20,świętokrzyskie,SK,148,121801,1,3650,477,863980,169,138915,0,116204
2022-08-21,świętokrzyskie,SK,40,121841,0,3650,195,864175,44,138959,1,116205
2022-08-22,świętokrzyskie,SK,25,121866,0,3650,204,864379,26,138985,0,116205
2022-08-23,świętokrzyskie,SK,239,122105,2,3652,603,864982,252,139237,0,116205
2022-08-24,świętokrzyskie,SK,144,122249,0,3652,458,865440,156,139393,0,116205
2022-08-25,świętokrzyskie,SK,129,122378,2,3654,425,865865,154,139547,0,116205
2022-08-26,świętokrzyskie,SK,139,122517,4,3658,436,866301,150,139697,0,116205
2022-08-27,świętokrzyskie,SK,159,122676,0,3658,487,866788,178,139875,0,116205
2022-08-28,świętokrzyskie,SK,30,122706,0,3658,175,866963,33,139908,0,116205
2022-08-29,świętokrzyskie,SK,24,122730,0,3658,201,867164,27,139935,0,116205
2022-08-30,świętokrzyskie,SK,180,122910,1,3659,546,867710,193,140128,0,116205
2022-08-31,świętokrzyskie,SK,132,123042,2,3661,420,868130,153,140281,0,116205
2022-09-01,świętokrzyskie,SK,121,123163,2,3663,315,868445,129,140410,0,116205
2022-09-02,świętokrzyskie,SK,65,123228,0,3663,407,868852,85,140495,0,116205
2022-09-03,świętokrzyskie,SK,81,123309,0,3663,295,869147,89,140584,0,116205
2022-09-04,świętokrzyskie,SK,27,123336,0,3663,159,869306,30,140614,0,116205
2022-09-05,świętokrzyskie,SK,15,123351,0,3663,183,869489,20,140634,0,116205
2022-09-06,świętokrzyskie,SK,142,123493,1,3664,456,869945,152,140786,0,116205
2022-09-07,świętokrzyskie,SK,119,123612,0,3664,362,870307,126,140912,0,116205
2022-09-08,świętokrzyskie,SK,145,123757,1,3665,431,870738,155,141067,0,116205
2022-09-09,świętokrzyskie,SK,198,123955,0,3665,522,871260,211,141278,0,116205
2022-09-10,świętokrzyskie,SK,165,124120,1,3666,470,871730,178,141456,0,116205
2022-09-11,świętokrzyskie,SK,26,124146,0,3666,145,871875,29,141485,0,116205
2022-09-12,świętokrzyskie,SK,35,124181,0,3666,184,872059,37,141522,0,116205
2022-09-13,świętokrzyskie,SK,204,124385,0,3666,548,872607,212,141734,0,116205
2022-09-14,świętokrzyskie,SK,243,124628,3,3669,693,873300,265,141999,0,116205
2022-09-15,świętokrzyskie,SK,262,124890,0,3669,717,874017,278,142277,0,116205
2022-09-16,świętokrzyskie,SK,142,125032,0,3669,477,874494,173,142450,0,116205
2022-09-17,świętokrzyskie,SK,149,125181,0,3669,448,874942,156,142606,0,116205
2022-09-18,świętokrzyskie,SK,18,125199,0,3669,149,875091,21,142627,0,116205
2022-09-19,świętokrzyskie,SK,19,125218,0,3669,140,875231,22,142649,0,116205
2022-09-20,świętokrzyskie,SK,203,125421,0,3669,630,875861,212,142861,0,116205
2022-09-21,świętokrzyskie,SK,158,125579,0,3669,543,876404,178,143039,0,116205
2022-09-22,świętokrzyskie,SK,172,125751,0,3669,620,877024,177,143216,0,116205
2022-09-23,świętokrzyskie,SK,169,125920,0,3669,657,877681,198,143414,0,116205
2022-09-24,świętokrzyskie,SK,105,126025,0,3669,441,878122,115,143529,0,116205
2022-09-25,świętokrzyskie,SK,11,126036,0,3669,124,878246,15,143544,0,116205
2022-09-26,świętokrzyskie,SK,21,126057,0,3669,145,878391,24,143568,0,116205
2022-09-27,świętokrzyskie,SK,153,126210,1,3670,573,878964,165,143733,0,116205
2022-09-28,świętokrzyskie,SK,105,126315,0,3670,427,879391,111,143844,0,116205
2022-09-29,świętokrzyskie,SK,180,126495,4,3674,592,879983,190,144034,0,116205
2022-09-30,świętokrzyskie,SK,138,126633,1,3675,560,880543,158,144192,0,116205
2022-10-01,świętokrzyskie,SK,142,126775,2,3677,542,881085,160,144352,0,116205
2022-10-02,świętokrzyskie,SK,6,126781,0,3677,76,881161,8,144360,0,116205
2022-10-03,świętokrzyskie,SK,14,126795,0,3677,69,881230,15,144375,0,116205
2022-10-04,świętokrzyskie,SK,169,126964,0,3677,596,881826,185,144560,0,116205
2022-10-05,świętokrzyskie,SK,106,127070,1,3678,471,882297,116,144676,0,116205
2022-10-06,świętokrzyskie,SK,84,127154,0,3678,371,882668,99,144775,0,116205
2022-10-07,świętokrzyskie,SK,93,127247,1,3679,433,883101,106,144881,0,116205
2022-10-08,świętokrzyskie,SK,142,127389,0,3679,924,884025,162,145043,0,116205
2022-10-09,świętokrzyskie,SK,17,127406,0,3679,157,884182,21,145064,0,116205
2022-10-10,świętokrzyskie,SK,15,127421,0,3679,155,884337,19,145083,0,116205
2022-10-11,świętokrzyskie,SK,153,127574,2,3681,639,884976,164,145247,0,116205
2022-10-12,świętokrzyskie,SK,75,127649,0,3681,429,885405,79,145326,0,116205
2022-10-13,świętokrzyskie,SK,59,127708,0,3681,420,885825,74,145400,0,116205
2022-10-14,świętokrzyskie,SK,67,127775,0,3681,406,886231,76,145476,0,116205
2022-10-15,świętokrzyskie,SK,64,127839,0,3681,361,886592,70,145546,0,116205
2022-10-16,świętokrzyskie,SK,12,127851,0,3681,127,886719,14,145560,0,116205
2022-10-17,świętokrzyskie,SK,12,127863,0,3681,161,886880,15,145575,0,116205
2022-10-18,świętokrzyskie,SK,70,127933,0,3681,488,887368,74,145649,0,116205
2022-10-19,świętokrzyskie,SK,36,127969,0,3681,366,887734,40,145689,0,116205
2022-10-20,świętokrzyskie,SK,53,128022,1,3682,375,888109,61,145750,0,116205
2022-10-21,świętokrzyskie,SK,40,128062,2,3684,331,888440,44,145794,0,116205
2022-10-22,świętokrzyskie,SK,30,128092,1,3685,271,888711,33,145827,0,116205
2022-10-23,świętokrzyskie,SK,4,128096,0,3685,111,888822,6,145833,0,116205
2022-10-24,świętokrzyskie,SK,6,128102,0,3685,119,888941,8,145841,0,116205
2022-10-25,świętokrzyskie,SK,37,128139,3,3688,364,889305,40,145881,0,116205
2022-10-26,świętokrzyskie,SK,43,128182,0,3688,374,889679,48,145929,0,116205
2022-10-27,świętokrzyskie,SK,27,128209,1,3689,306,889985,31,145960,0,116205
2022-10-28,świętokrzyskie,SK,23,128232,1,3690,281,890266,26,145986,0,116205
2022-10-29,świętokrzyskie,SK,28,128260,2,3692,243,890509,29,146015,0,116205
2022-10-30,świętokrzyskie,SK,9,128269,0,3692,78,890587,9,146024,0,116205
2022-10-31,świętokrzyskie,SK,5,128274,0,3692,96,890683,6,146030,0,116205
2022-11-01,świętokrzyskie,SK,25,128299,0,3692,285,890968,31,146061,0,116205
2022-11-02,świętokrzyskie,SK,4,128303,0,3692,108,891076,6,146067,0,116205
2022-11-03,świętokrzyskie,SK,31,128334,1,3693,304,891380,32,146099,0,116205
2022-11-04,świętokrzyskie,SK,26,128360,2,3695,259,891639,29,146128,0,116205
2022-11-05,świętokrzyskie,SK,17,128377,0,3695,199,891838,18,146146,0,116205
2022-11-06,świętokrzyskie,SK,8,128385,0,3695,115,891953,9,146155,0,116205
2022-11-07,świętokrzyskie,SK,3,128388,0,3695,105,892058,4,146159,0,116205
2022-11-08,świętokrzyskie,SK,24,128412,0,3695,314,892372,25,146184,0,116205
2022-11-09,świętokrzyskie,SK,14,128426,0,3695,316,892688,17,146201,0,116205
2022-11-10,świętokrzyskie,SK,24,128450,2,3697,252,892940,31,146232,0,116205
2022-11-11,świętokrzyskie,SK,13,128463,0,3697,172,893112,14,146246,0,116205
2022-11-12,świętokrzyskie,SK,3,128466,0,3697,104,893216,7,146253,0,116205
2022-11-13,świętokrzyskie,SK,2,128468,0,3697,84,893300,2,146255,0,116205
2022-11-14,świętokrzyskie,SK,3,128471,0,3697,127,893427,3,146258,0,116205
2022-11-15,świętokrzyskie,SK,22,128493,0,3697,261,893688,24,146282,0,116205
2022-11-16,świętokrzyskie,SK,15,128508,2,3699,244,893932,17,146299,0,116205
2022-11-17,świętokrzyskie,SK,7,128515,0,3699,195,894127,10,146309,0,116205
2022-11-18,świętokrzyskie,SK,6,128521,2,3701,173,894300,7,146316,0,116205
2022-11-19,świętokrzyskie,SK,10,128531,1,3702,219,894519,12,146328,0,116205
2022-11-20,świętokrzyskie,SK,3,128534,0,3702,82,894601,3,146331,0,116205
2022-11-21,świętokrzyskie,SK,2,128536,0,3702,89,894690,2,146333,0,116205
2022-11-22,świętokrzyskie,SK,9,128545,0,3702,266,894956,10,146343,0,116205
2022-11-23,świętokrzyskie,SK,11,128556,1,3703,223,895179,11,146354,0,116205
2022-11-24,świętokrzyskie,SK,16,128572,0,3703,218,895397,17,146371,0,116205
2022-11-25,świętokrzyskie,SK,10,128582,0,3703,189,895586,11,146382,0,116205
2022-11-26,świętokrzyskie,SK,15,128597,0,3703,207,895793,15,146397,0,116205
2022-11-27,świętokrzyskie,SK,4,128601,0,3703,98,895891,6,146403,0,116205
2022-11-28,świętokrzyskie,SK,5,128606,0,3703,114,896005,7,146410,0,116205
2022-11-29,świętokrzyskie,SK,15,128621,0,3703,243,896248,16,146426,0,116205
2022-11-30,świętokrzyskie,SK,12,128633,0,3703,222,896470,15,146441,0,116205
2022-12-01,świętokrzyskie,SK,13,128646,0,3703,232,896702,13,146454,0,116205
2022-12-02,świętokrzyskie,SK,15,128661,0,3703,176,896878,16,146470,0,116205
2022-12-03,świętokrzyskie,SK,18,128679,0,3703,196,897074,20,146490,0,116205
2022-12-04,świętokrzyskie,SK,3,128682,0,3703,90,897164,4,146494,0,116205
2022-12-05,świętokrzyskie,SK,4,128686,0,3703,103,897267,4,146498,0,116205
2022-12-06,świętokrzyskie,SK,27,128713,1,3704,279,897546,27,146525,0,116205
2022-12-07,świętokrzyskie,SK,11,128724,0,3704,189,897735,11,146536,0,116205
2022-12-08,świętokrzyskie,SK,11,128735,0,3704,211,897946,13,146549,0,116205
2022-12-09,świętokrzyskie,SK,8,128743,0,3704,151,898097,10,146559,0,116205
2022-12-10,świętokrzyskie,SK,10,128753,0,3704,158,898255,12,146571,0,116205
2022-12-11,świętokrzyskie,SK,3,128756,0,3704,86,898341,4,146575,0,116205
2022-12-12,świętokrzyskie,SK,2,128758,0,3704,83,898424,4,146579,0,116205
2022-12-13,świętokrzyskie,SK,32,128790,0,3704,332,898756,33,146612,0,116205
2022-12-14,świętokrzyskie,SK,28,128818,0,3704,292,899048,29,146641,0,116205
2022-12-15,świętokrzyskie,SK,27,128845,0,3704,279,899327,28,146669,0,116205
2022-12-16,świętokrzyskie,SK,28,128873,0,3704,290,899617,32,146701,0,116205
2022-12-17,świętokrzyskie,SK,17,128890,0,3704,230,899847,21,146722,0,116205
2022-12-18,świętokrzyskie,SK,4,128894,0,3704,98,899945,4,146726,0,116205
2022-12-19,świętokrzyskie,SK,6,128900,0,3704,117,900062,6,146732,0,116205
2022-12-20,świętokrzyskie,SK,32,128932,0,3704,319,900381,35,146767,0,116205
2022-12-21,świętokrzyskie,SK,25,128957,1,3705,264,900645,29,146796,0,116205
2022-12-22,świętokrzyskie,SK,19,128976,1,3706,263,900908,30,146826,0,116205
2022-12-23,świętokrzyskie,SK,13,128989,0,3706,263,901171,18,146844,0,116205
2022-12-24,świętokrzyskie,SK,25,129014,0,3706,245,901416,30,146874,0,116205
2022-12-25,świętokrzyskie,SK,0,129014,0,3706,92,901508,0,146874,0,116205
2022-12-26,świętokrzyskie,SK,8,129022,0,3706,111,901619,10,146884,0,116205
2022-12-27,świętokrzyskie,SK,5,129027,0,3706,154,901773,6,146890,0,116205
2022-12-28,świętokrzyskie,SK,28,129055,0,3706,374,902147,33,146923,0,116205
2022-12-29,świętokrzyskie,SK,15,129070,0,3706,201,902348,19,146942,0,116205
2022-12-30,świętokrzyskie,SK,17,129087,0,3706,261,902609,19,146961,0,116205
2022-12-31,świętokrzyskie,SK,22,129109,0,3706,219,902828,24,146985,0,116205
2023-01-01,świętokrzyskie,SK,8,129117,0,3706,121,902949,8,146993,0,116205
2023-01-02,świętokrzyskie,SK,6,129123,0,3706,125,903074,7,147000,0,116205
2023-01-03,świętokrzyskie,SK,35,129158,0,3706,380,903454,38,147038,0,116205
2023-01-04,świętokrzyskie,SK,21,129179,2,3708,320,903774,24,147062,0,116205
2023-01-05,świętokrzyskie,SK,26,129205,0,3708,263,904037,27,147089,0,116205
2023-01-06,świętokrzyskie,SK,8,129213,0,3708,262,904299,9,147098,0,116205
2023-01-07,świętokrzyskie,SK,4,129217,0,3708,102,904401,4,147102,0,116205
2023-01-08,świętokrzyskie,SK,5,129222,0,3708,108,904509,6,147108,0,116205
2023-01-09,świętokrzyskie,SK,6,129228,0,3708,141,904650,8,147116,0,116205
2023-01-10,świętokrzyskie,SK,18,129246,1,3709,341,904991,20,147136,0,116205
2023-01-11,świętokrzyskie,SK,13,129259,2,3711,207,905198,15,147151,0,116205
2023-01-12,świętokrzyskie,SK,16,129275,0,3711,201,905399,17,147168,0,116205
2023-01-13,świętokrzyskie,SK,12,129287,0,3711,205,905604,13,147181,0,116205
2023-01-14,świętokrzyskie,SK,7,129294,0,3711,179,905783,8,147189,0,116205
2023-01-15,świętokrzyskie,SK,4,129298,0,3711,71,905854,5,147194,0,116205
2023-01-16,świętokrzyskie,SK,5,129303,0,3711,109,905963,5,147199,0,116205
2023-01-17,świętokrzyskie,SK,13,129316,2,3713,190,906153,14,147213,0,116205
2023-01-18,świętokrzyskie,SK,14,129330,0,3713,192,906345,18,147231,0,116205
2023-01-19,świętokrzyskie,SK,17,129347,0,3713,151,906496,20,147251,0,116205
2023-01-20,świętokrzyskie,SK,8,129355,1,3714,163,906659,9,147260,0,116205
2023-01-21,świętokrzyskie,SK,11,129366,0,3714,177,906836,11,147271,0,116205
2023-01-22,świętokrzyskie,SK,1,129367,0,3714,55,906891,1,147272,0,116205
2023-01-23,świętokrzyskie,SK,1,129368,0,3714,81,906972,1,147273,0,116205
2023-01-24,świętokrzyskie,SK,19,129387,0,3714,226,907198,22,147295,0,116205
2023-01-25,świętokrzyskie,SK,14,129401,0,3714,184,907382,19,147314,0,116205
2023-01-26,świętokrzyskie,SK,19,129420,0,3714,177,907559,21,147335,0,116205
2023-01-27,świętokrzyskie,SK,20,129440,1,3715,155,907714,21,147356,0,116205
2023-01-28,świętokrzyskie,SK,16,129456,0,3715,96,907810,18,147374,0,116205
2023-01-29,świętokrzyskie,SK,3,129459,0,3715,33,907843,3,147377,0,116205
2023-01-30,świętokrzyskie,SK,1,129460,0,3715,57,907900,2,147379,0,116205
2023-01-31,świętokrzyskie,SK,32,129492,0,3715,160,908060,34,147413,0,116205
2023-02-01,świętokrzyskie,SK,27,129519,0,3715,192,908252,28,147441,0,116205
2023-02-02,świętokrzyskie,SK,18,129537,0,3715,144,908396,18,147459,0,116205
2023-02-03,świętokrzyskie,SK,31,129568,0,3715,485,908881,37,147496,0,116205
2023-02-04,świętokrzyskie,SK,24,129592,1,3716,140,909021,26,147522,0,116205
2023-02-05,świętokrzyskie,SK,7,129599,0,3716,70,909091,7,147529,0,116205
2023-02-06,świętokrzyskie,SK,7,129606,0,3716,91,909182,7,147536,0,116205
2023-02-07,świętokrzyskie,SK,28,129634,0,3716,189,909371,31,147567,0,116205
2023-02-08,świętokrzyskie,SK,27,129661,0,3716,138,909509,29,147596,0,116205
2023-02-09,świętokrzyskie,SK,26,129687,0,3716,152,909661,26,147622,0,116205
2023-02-10,świętokrzyskie,SK,28,129715,1,3717,140,909801,30,147652,0,116205
2023-02-11,świętokrzyskie,SK,35,129750,1,3718,115,909916,39,147691,0,116205
2023-02-12,świętokrzyskie,SK,5,129755,0,3718,70,909986,6,147697,0,116205
2023-02-13,świętokrzyskie,SK,10,129765,0,3718,78,910064,12,147709,0,116205
2023-02-14,świętokrzyskie,SK,37,129802,0,3718,189,910253,37,147746,0,116205
2023-02-15,świętokrzyskie,SK,30,129832,5,3723,173,910426,36,147782,0,116205
2023-02-16,świętokrzyskie,SK,34,129866,0,3723,108,910534,34,147816,0,116205
2023-02-17,świętokrzyskie,SK,55,129921,2,3725,183,910717,68,147884,0,116205
2023-02-18,świętokrzyskie,SK,36,129957,0,3725,105,910822,38,147922,0,116205
2023-02-19,świętokrzyskie,SK,4,129961,0,3725,58,910880,7,147929,0,116205
2023-02-20,świętokrzyskie,SK,5,129966,0,3725,73,910953,6,147935,0,116205
2023-02-21,świętokrzyskie,SK,66,130032,0,3725,215,911168,72,148007,0,116205
2023-02-22,świętokrzyskie,SK,52,130084,0,3725,209,911377,55,148062,0,116205
2023-02-23,świętokrzyskie,SK,71,130155,0,3725,178,911555,73,148135,0,116205
2023-02-24,świętokrzyskie,SK,59,130214,1,3726,159,911714,65,148200,0,116205
2023-02-25,świętokrzyskie,SK,76,130290,0,3726,196,911910,82,148282,0,116205
2023-02-26,świętokrzyskie,SK,15,130305,0,3726,70,911980,17,148299,0,116205
2023-02-27,świętokrzyskie,SK,9,130314,0,3726,93,912073,9,148308,0,116205
2023-02-28,świętokrzyskie,SK,92,130406,0,3726,230,912303,97,148405,0,116205
2023-03-01,świętokrzyskie,SK,65,130471,0,3726,206,912509,73,148478,0,116205
2023-03-02,świętokrzyskie,SK,69,130540,0,3726,205,912714,75,148553,0,116205
2023-03-03,świętokrzyskie,SK,109,130649,0,3726,303,913017,116,148669,0,116205
2023-03-04,świętokrzyskie,SK,97,130746,0,3726,245,913262,99,148768,0,116205
2023-03-05,świętokrzyskie,SK,14,130760,0,3726,68,913330,16,148784,0,116205
2023-03-06,świętokrzyskie,SK,15,130775,0,3726,100,913430,17,148801,0,116205
2023-03-07,świętokrzyskie,SK,167,130942,0,3726,389,913819,172,148973,0,116205
2023-03-08,świętokrzyskie,SK,106,131048,0,3726,235,914054,109,149082,0,116205
2023-03-09,świętokrzyskie,SK,115,131163,0,3726,243,914297,122,149204,0,116205
2023-03-10,świętokrzyskie,SK,105,131268,0,3726,284,914581,110,149314,0,116205
2023-03-11,świętokrzyskie,SK,138,131406,1,3727,280,914861,143,149457,0,116205
2023-03-12,świętokrzyskie,SK,19,131425,0,3727,102,914963,22,149479,0,116205
2023-03-13,świętokrzyskie,SK,25,131450,0,3727,110,915073,27,149506,0,116205
2023-03-14,świętokrzyskie,SK,203,131653,0,3727,420,915493,212,149718,0,116205
2023-03-15,świętokrzyskie,SK,152,131805,1,3728,321,915814,158,149876,0,116205
2023-03-16,świętokrzyskie,SK,112,131917,1,3729,278,916092,120,149996,0,116205
2023-03-17,świętokrzyskie,SK,117,132034,0,3729,291,916383,128,150124,0,116205
2023-03-18,świętokrzyskie,SK,115,132149,1,3730,229,916612,121,150245,0,116205
2023-03-19,świętokrzyskie,SK,30,132179,0,3730,101,916713,34,150279,0,116205
2023-03-20,świętokrzyskie,SK,15,132194,0,3730,111,916824,20,150299,0,116205
2023-03-21,świętokrzyskie,SK,188,132382,0,3730,392,917216,200,150499,0,116205
2023-03-22,świętokrzyskie,SK,107,132489,1,3731,294,917510,120,150619,0,116205
2023-03-23,świętokrzyskie,SK,113,132602,0,3731,247,917757,114,150733,0,116205
2023-03-24,świętokrzyskie,SK,95,132697,1,3732,242,917999,104,150837,0,116205
2023-03-25,świętokrzyskie,SK,96,132793,0,3732,226,918225,102,150939,0,116205
2023-03-26,świętokrzyskie,SK,20,132813,0,3732,92,918317,22,150961,0,116205
2023-03-27,świętokrzyskie,SK,21,132834,0,3732,133,918450,26,150987,0,116205
2023-03-28,świętokrzyskie,SK,103,132937,0,3732,264,918714,112,151099,0,116205
2023-03-29,świętokrzyskie,SK,86,133023,3,3735,239,918953,91,151190,0,116205
2023-03-30,świętokrzyskie,SK,71,133094,3,3738,181,919134,78,151268,0,116205
2023-03-31,świętokrzyskie,SK,70,133164,0,3738,210,919344,74,151342,0,116205
2023-04-01,świętokrzyskie,SK,49,133213,0,3738,179,919523,59,151401,0,116205
2023-04-02,świętokrzyskie,SK,11,133224,0,3738,72,919595,12,151413,0,116205
2023-04-03,świętokrzyskie,SK,17,133241,0,3738,83,919678,19,151432,0,116205
2023-04-04,świętokrzyskie,SK,69,133310,0,3738,231,919909,80,151512,0,116205
2023-04-05,świętokrzyskie,SK,40,133350,2,3740,176,920085,45,151557,0,116205
2023-04-06,świętokrzyskie,SK,43,133393,1,3741,178,920263,54,151611,0,116205
2023-04-07,świętokrzyskie,SK,33,133426,2,3743,109,920372,35,151646,0,116205
2023-04-08,świętokrzyskie,SK,31,133457,0,3743,135,920507,39,151685,0,116205
2023-04-09,świętokrzyskie,SK,9,133466,0,3743,60,920567,10,151695,0,116205
2023-04-10,świętokrzyskie,SK,5,133471,0,3743,57,920624,9,151704,0,116205
2023-04-11,świętokrzyskie,SK,4,133475,0,3743,66,920690,6,151710,0,116205
2023-04-12,świętokrzyskie,SK,53,133528,0,3743,208,920898,56,151766,0,116205
2023-04-13,świętokrzyskie,SK,23,133551,2,3745,166,921064,29,151795,0,116205
2023-04-14,świętokrzyskie,SK,22,133573,1,3746,132,921196,26,151821,0,116205
2023-04-15,świętokrzyskie,SK,42,133615,0,3746,152,921348,44,151865,0,116205
2023-04-16,świętokrzyskie,SK,6,133621,0,3746,49,921397,7,151872,0,116205
2023-04-17,świętokrzyskie,SK,6,133627,0,3746,74,921471,6,151878,0,116205
2023-04-18,świętokrzyskie,SK,40,133667,0,3746,141,921612,46,151924,0,116205
2023-04-19,świętokrzyskie,SK,22,133689,1,3747,112,921724,23,151947,0,116205
2023-04-20,świętokrzyskie,SK,18,133707,1,3748,156,921880,18,151965,0,116205
2023-04-21,świętokrzyskie,SK,20,133727,0,3748,117,921997,22,151987,0,116205
2023-04-22,świętokrzyskie,SK,12,133739,0,3748,97,922094,16,152003,0,116205
2023-04-23,świętokrzyskie,SK,5,133744,0,3748,46,922140,5,152008,0,116205
2023-04-24,świętokrzyskie,SK,5,133749,0,3748,72,922212,6,152014,0,116205
2023-04-25,świętokrzyskie,SK,18,133767,0,3748,112,922324,19,152033,0,116205
2023-04-26,świętokrzyskie,SK,11,133778,0,3748,110,922434,14,152047,0,116205
2023-04-27,świętokrzyskie,SK,14,133792,0,3748,103,922537,14,152061,0,116205
2023-04-28,świętokrzyskie,SK,7,133799,0,3748,89,922626,9,152070,0,116205
2023-04-29,świętokrzyskie,SK,3,133802,0,3748,59,922685,4,152074,0,116205
2023-04-30,świętokrzyskie,SK,2,133804,0,3748,43,922728,3,152077,0,116205
2023-05-01,świętokrzyskie,SK,1,133805,0,3748,43,922771,1,152078,0,116205
2023-05-02,świętokrzyskie,SK,3,133808,0,3748,54,922825,3,152081,0,116205
2023-05-03,świętokrzyskie,SK,10,133818,0,3748,88,922913,11,152092,0,116205
2023-05-04,świętokrzyskie,SK,2,133820,0,3748,50,922963,2,152094,0,116205
2023-05-05,świętokrzyskie,SK,4,133824,0,3748,74,923037,5,152099,0,116205
2023-05-06,świętokrzyskie,SK,7,133831,0,3748,79,923116,7,152106,0,116205
2023-05-07,świętokrzyskie,SK,2,133833,0,3748,33,923149,2,152108,0,116205
2023-05-08,świętokrzyskie,SK,3,133836,0,3748,50,923199,3,152111,0,116205
2023-05-09,świętokrzyskie,SK,4,133840,0,3748,107,923306,7,152118,0,116205
2023-05-10,świętokrzyskie,SK,7,133847,1,3749,72,923378,8,152126,0,116205
2023-05-11,świętokrzyskie,SK,7,133854,0,3749,88,923466,8,152134,0,116205
2023-05-12,świętokrzyskie,SK,1,133855,0,3749,68,923534,2,152136,0,116205
2023-05-13,świętokrzyskie,SK,2,133857,1,3750,64,923598,2,152138,0,116205
2023-05-14,świętokrzyskie,SK,0,133857,0,3750,35,923633,0,152138,0,116205
2023-05-15,świętokrzyskie,SK,1,133858,0,3750,45,923678,2,152140,0,116205
2023-05-16,świętokrzyskie,SK,2,133860,0,3750,99,923777,4,152144,0,116205
2023-05-17,świętokrzyskie,SK,4,133864,0,3750,88,923865,4,152148,0,116205
2023-05-18,świętokrzyskie,SK,5,133869,0,3750,104,923969,6,152154,0,116205
2023-05-19,świętokrzyskie,SK,4,133873,0,3750,61,924030,4,152158,0,116205
2023-05-20,świętokrzyskie,SK,2,133875,0,3750,58,924088,6,152164,0,116205
2023-05-21,świętokrzyskie,SK,1,133876,0,3750,40,924128,2,152166,0,116205
2023-05-22,świętokrzyskie,SK,0,133876,0,3750,48,924176,0,152166,0,116205
2023-05-23,świętokrzyskie,SK,2,133878,1,3751,90,924266,7,152173,0,116205
2023-05-24,świętokrzyskie,SK,0,133878,0,3751,61,924327,0,152173,0,116205
2023-05-25,świętokrzyskie,SK,3,133881,0,3751,65,924392,6,152179,0,116205
2023-05-26,świętokrzyskie,SK,2,133883,0,3751,99,924491,7,152186,0,116205
2023-05-27,świętokrzyskie,SK,3,133886,0,3751,59,924550,3,152189,0,116205
2023-05-28,świętokrzyskie,SK,0,133886,0,3751,26,924576,0,152189,0,116205
2023-05-29,świętokrzyskie,SK,0,133886,0,3751,49,924625,0,152189,0,116205
2023-05-30,świętokrzyskie,SK,0,133886,0,3751,52,924677,1,152190,0,116205
2023-05-31,świętokrzyskie,SK,2,133888,0,3751,60,924737,5,152195,0,116205
2023-06-01,świętokrzyskie,SK,0,133888,0,3751,85,924822,0,152195,0,116205
2023-06-02,świętokrzyskie,SK,4,133892,0,3751,63,924885,5,152200,0,116205
2023-06-03,świętokrzyskie,SK,3,133895,0,3751,59,924944,7,152207,0,116205
2023-06-04,świętokrzyskie,SK,0,133895,0,3751,20,924964,0,152207,0,116205
2023-06-05,świętokrzyskie,SK,0,133895,0,3751,36,925000,0,152207,0,116205
2023-06-06,świętokrzyskie,SK,1,133896,0,3751,74,925074,2,152209,0,116205
2023-06-07,świętokrzyskie,SK,1,133897,0,3751,78,925152,2,152211,0,116205
2023-06-08,świętokrzyskie,SK,10,133907,0,3751,74,925226,16,152227,0,116205
2023-06-09,świętokrzyskie,SK,1,133908,0,3751,25,925251,1,152228,0,116205
2023-06-10,świętokrzyskie,SK,3,133911,0,3751,85,925336,3,152231,0,116205
2023-06-11,świętokrzyskie,SK,0,133911,0,3751,32,925368,0,152231,0,116205
2023-06-12,świętokrzyskie,SK,0,133911,0,3751,32,925400,0,152231,0,116205
2023-06-13,świętokrzyskie,SK,4,133915,0,3751,98,925498,14,152245,0,116205
2023-06-14,świętokrzyskie,SK,3,133918,0,3751,80,925578,5,152250,0,116205
2023-06-15,świętokrzyskie,SK,0,133918,0,3751,49,925627,3,152253,0,116205
2023-06-16,świętokrzyskie,SK,2,133920,0,3751,30,925657,3,152256,0,116205
2023-06-17,świętokrzyskie,SK,1,133921,0,3751,46,925703,1,152257,0,116205
2023-06-18,świętokrzyskie,SK,0,133921,0,3751,23,925726,0,152257,0,116205
2023-06-19,świętokrzyskie,SK,2,133923,0,3751,36,925762,3,152260,0,116205
2023-06-20,świętokrzyskie,SK,0,133923,0,3751,46,925808,1,152261,0,116205
2023-06-21,świętokrzyskie,SK,0,133923,0,3751,46,925854,0,152261,0,116205
2023-06-22,świętokrzyskie,SK,2,133925,0,3751,111,925965,4,152265,0,116205
2023-06-23,świętokrzyskie,SK,0,133925,0,3751,54,926019,0,152265,0,116205
2023-06-24,świętokrzyskie,SK,0,133925,0,3751,33,926052,1,152266,0,116205
2023-06-25,świętokrzyskie,SK,0,133925,0,3751,18,926070,0,152266,0,116205
2023-06-26,świętokrzyskie,SK,0,133925,0,3751,19,926089,0,152266,0,116205
2023-06-27,świętokrzyskie,SK,2,133927,0,3751,72,926161,3,152269,0,116205
2023-06-28,świętokrzyskie,SK,2,133929,0,3751,59,926220,2,152271,0,116205
2023-06-29,świętokrzyskie,SK,0,133929,0,3751,39,926259,0,152271,0,116205
2023-06-30,świętokrzyskie,SK,1,133930,0,3751,37,926296,1,152272,0,116205
2023-07-01,świętokrzyskie,SK,0,133930,0,3751,22,926318,1,152273,0,116205
2023-07-02,świętokrzyskie,SK,0,133930,0,3751,7,926325,0,152273,0,116205
2023-07-03,świętokrzyskie,SK,0,133930,0,3751,12,926337,0,152273,0,116205
2023-07-04,świętokrzyskie,SK,1,133931,0,3751,33,926370,2,152275,0,116205
2023-07-05,świętokrzyskie,SK,0,133931,0,3751,6,926376,0,152275,0,116205
2023-07-06,świętokrzyskie,SK,1,133932,0,3751,14,926390,1,152276,0,116205
2023-07-07,świętokrzyskie,SK,0,133932,0,3751,7,926397,0,152276,0,116205
2023-07-08,świętokrzyskie,SK,0,133932,0,3751,8,926405,0,152276,0,116205
2023-07-09,świętokrzyskie,SK,0,133932,0,3751,3,926408,0,152276,0,116205
2023-07-10,świętokrzyskie,SK,0,133932,0,3751,8,926416,0,152276,0,116205
2023-07-11,świętokrzyskie,SK,0,133932,0,3751,11,926427,0,152276,0,116205
2023-07-12,świętokrzyskie,SK,0,133932,0,3751,8,926435,0,152276,0,116205
2023-07-13,świętokrzyskie,SK,0,133932,0,3751,5,926440,0,152276,0,116205
2023-07-14,świętokrzyskie,SK,0,133932,0,3751,1,926441,0,152276,0,116205
2023-07-15,świętokrzyskie,SK,0,133932,0,3751,1,926442,0,152276,0,116205
2023-07-16,świętokrzyskie,SK,0,133932,0,3751,3,926445,0,152276,0,116205
2023-07-17,świętokrzyskie,SK,0,133932,0,3751,2,926447,0,152276,0,116205
2023-07-18,świętokrzyskie,SK,1,133933,0,3751,5,926452,1,152277,0,116205
2023-07-19,świętokrzyskie,SK,0,133933,0,3751,5,926457,0,152277,0,116205
2023-07-20,świętokrzyskie,SK,0,133933,0,3751,3,926460,0,152277,0,116205
2023-07-21,świętokrzyskie,SK,1,133934,0,3751,6,926466,1,152278,0,116205
2023-07-22,świętokrzyskie,SK,0,133934,0,3751,1,926467,0,152278,0,116205
2023-07-23,świętokrzyskie,SK,0,133934,0,3751,2,926469,0,152278,0,116205
2023-07-24,świętokrzyskie,SK,0,133934,0,3751,4,926473,0,152278,0,116205
2023-07-25,świętokrzyskie,SK,1,133935,0,3751,3,926476,1,152279,0,116205
2023-07-26,świętokrzyskie,SK,0,133935,0,3751,5,926481,0,152279,0,116205
2023-07-27,świętokrzyskie,SK,1,133936,0,3751,3,926484,1,152280,0,116205
2023-07-28,świętokrzyskie,SK,1,133937,0,3751,10,926494,1,152281,0,116205
2023-07-29,świętokrzyskie,SK,0,133937,0,3751,2,926496,0,152281,0,116205
2023-07-30,świętokrzyskie,SK,0,133937,0,3751,1,926497,0,152281,0,116205
2023-07-31,świętokrzyskie,SK,0,133937,0,3751,2,926499,0,152281,0,116205
2023-08-01,świętokrzyskie,SK,1,133938,0,3751,4,926503,1,152282,0,116205
2023-08-02,świętokrzyskie,SK,0,133938,0,3751,4,926507,0,152282,0,116205
2023-08-03,świętokrzyskie,SK,0,133938,0,3751,2,926509,0,152282,0,116205
2023-08-04,świętokrzyskie,SK,0,133938,0,3751,2,926511,0,152282,0,116205
2023-08-05,świętokrzyskie,SK,0,133938,0,3751,2,926513,0,152282,0,116205
2023-08-06,świętokrzyskie,SK,0,133938,0,3751,0,926513,0,152282,0,116205
2023-08-07,świętokrzyskie,SK,0,133938,0,3751,2,926515,0,152282,0,116205
2023-08-08,świętokrzyskie,SK,0,133938,0,3751,0,926515,0,152282,0,116205
2023-08-09,świętokrzyskie,SK,0,133938,0,3751,0,926515,0,152282,0,116205
2023-08-10,świętokrzyskie,SK,0,133938,0,3751,0,926515,0,152282,0,116205
2023-08-11,świętokrzyskie,SK,1,133939,0,3751,4,926519,1,152283,0,116205
2023-08-12,świętokrzyskie,SK,1,133940,0,3751,2,926521,1,152284,0,116205
2023-08-13,świętokrzyskie,SK,0,133940,0,3751,0,926521,0,152284,0,116205
2023-08-14,świętokrzyskie,SK,0,133940,0,3751,0,926521,0,152284,0,116205
2023-08-15,świętokrzyskie,SK,2,133942,0,3751,6,926527,2,152286,0,116205
2023-08-16,świętokrzyskie,SK,0,133942,0,3751,0,926527,0,152286,0,116205
2023-08-17,świętokrzyskie,SK,3,133945,0,3751,4,926531,3,152289,0,116205
2023-08-18,świętokrzyskie,SK,0,133945,0,3751,0,926531,0,152289,0,116205
2023-08-19,świętokrzyskie,SK,1,133946,0,3751,1,926532,1,152290,0,116205
2023-08-20,świętokrzyskie,SK,0,133946,0,3751,1,926533,0,152290,0,116205
2023-08-21,świętokrzyskie,SK,0,133946,0,3751,0,926533,0,152290,0,116205
2023-08-22,świętokrzyskie,SK,0,133946,0,3751,0,926533,0,152290,0,116205
2023-08-23,świętokrzyskie,SK,2,133948,0,3751,7,926540,2,152292,0,116205
2023-08-24,świętokrzyskie,SK,0,133948,0,3751,1,926541,0,152292,0,116205
2023-08-25,świętokrzyskie,SK,1,133949,0,3751,3,926544,1,152293,0,116205
2023-08-26,świętokrzyskie,SK,2,133951,0,3751,4,926548,2,152295,0,116205
2023-08-27,świętokrzyskie,SK,0,133951,0,3751,0,926548,0,152295,0,116205
2023-08-28,świętokrzyskie,SK,0,133951,0,3751,0,926548,0,152295,0,116205
2023-08-29,świętokrzyskie,SK,1,133952,0,3751,1,926549,1,152296,0,116205
2023-08-30,świętokrzyskie,SK,5,133957,0,3751,5,926554,5,152301,0,116205
2023-08-31,świętokrzyskie,SK,1,133958,0,3751,1,926555,1,152302,0,116205
2023-09-01,świętokrzyskie,SK,0,133958,0,3751,1,926556,0,152302,0,116205
2023-09-02,świętokrzyskie,SK,1,133959,0,3751,1,926557,1,152303,0,116205
2023-09-03,świętokrzyskie,SK,0,133959,0,3751,1,926558,0,152303,0,116205
2023-09-04,świętokrzyskie,SK,0,133959,0,3751,0,926558,0,152303,0,116205
2023-09-05,świętokrzyskie,SK,0,133959,0,3751,1,926559,0,152303,0,116205
2023-09-06,świętokrzyskie,SK,3,133962,0,3751,4,926563,3,152306,0,116205
2023-09-07,świętokrzyskie,SK,1,133963,0,3751,1,926564,1,152307,0,116205
2023-09-08,świętokrzyskie,SK,1,133964,0,3751,2,926566,1,152308,0,116205
2023-09-09,świętokrzyskie,SK,4,133968,0,3751,4,926570,4,152312,0,116205
2023-09-10,świętokrzyskie,SK,0,133968,0,3751,0,926570,0,152312,0,116205
2023-09-11,świętokrzyskie,SK,0,133968,0,3751,0,926570,0,152312,0,116205
2023-09-12,świętokrzyskie,SK,5,133973,0,3751,10,926580,5,152317,0,116205
2023-09-13,świętokrzyskie,SK,2,133975,0,3751,6,926586,2,152319,0,116205
2023-09-14,świętokrzyskie,SK,2,133977,0,3751,6,926592,2,152321,0,116205
2023-09-15,świętokrzyskie,SK,3,133980,0,3751,10,926602,3,152324,0,116205
2023-09-16,świętokrzyskie,SK,3,133983,0,3751,5,926607,3,152327,0,116205
2023-09-17,świętokrzyskie,SK,0,133983,0,3751,1,926608,0,152327,0,116205
2023-09-18,świętokrzyskie,SK,1,133984,0,3751,1,926609,1,152328,0,116205
2023-09-19,świętokrzyskie,SK,8,133992,0,3751,11,926620,8,152336,0,116205
2023-09-20,świętokrzyskie,SK,4,133996,0,3751,5,926625,5,152341,0,116205
2023-09-21,świętokrzyskie,SK,6,134002,0,3751,11,926636,6,152347,0,116205
2023-09-22,świętokrzyskie,SK,6,134008,0,3751,9,926645,6,152353,0,116205
2023-09-23,świętokrzyskie,SK,4,134012,0,3751,4,926649,4,152357,0,116205
2023-09-24,świętokrzyskie,SK,0,134012,0,3751,0,926649,0,152357,0,116205
2023-09-25,świętokrzyskie,SK,0,134012,0,3751,0,926649,0,152357,0,116205
2023-09-26,świętokrzyskie,SK,10,134022,0,3751,29,926678,10,152367,0,116205
2023-09-27,świętokrzyskie,SK,8,134030,0,3751,17,926695,8,152375,0,116205
2023-09-28,świętokrzyskie,SK,7,134037,0,3751,14,926709,7,152382,0,116205
2023-09-29,świętokrzyskie,SK,9,134046,0,3751,15,926724,9,152391,0,116205
2023-09-30,świętokrzyskie,SK,2,134048,0,3751,7,926731,2,152393,0,116205
2023-10-01,świętokrzyskie,SK,2,134050,0,3751,2,926733,2,152395,0,116205
2023-10-02,świętokrzyskie,SK,0,134050,0,3751,0,926733,0,152395,0,116205
2023-10-03,świętokrzyskie,SK,11,134061,0,3751,18,926751,11,152406,0,116205
2023-10-04,świętokrzyskie,SK,6,134067,0,3751,10,926761,6,152412,0,116205
2023-10-05,świętokrzyskie,SK,7,134074,0,3751,11,926772,7,152419,0,116205
2023-10-06,świętokrzyskie,SK,12,134086,0,3751,14,926786,12,152431,0,116205
2023-10-07,świętokrzyskie,SK,7,134093,0,3751,9,926795,7,152438,0,116205
2023-10-08,świętokrzyskie,SK,0,134093,0,3751,0,926795,0,152438,0,116205
2023-10-09,świętokrzyskie,SK,0,134093,0,3751,0,926795,0,152438,0,116205
2023-10-10,świętokrzyskie,SK,19,134112,0,3751,26,926821,19,152457,0,116205
2023-10-11,świętokrzyskie,SK,9,134121,0,3751,13,926834,9,152466,0,116205
2023-10-12,świętokrzyskie,SK,10,134131,0,3751,16,926850,10,152476,0,116205
2023-10-13,świętokrzyskie,SK,5,134136,0,3751,13,926863,6,152482,0,116205
2023-10-14,świętokrzyskie,SK,10,134146,0,3751,13,926876,10,152492,0,116205
2023-10-15,świętokrzyskie,SK,0,134146,0,3751,6,926882,0,152492,0,116205
2023-10-16,świętokrzyskie,SK,2,134148,0,3751,2,926884,2,152494,0,116205
2023-10-17,świętokrzyskie,SK,14,134162,0,3751,19,926903,14,152508,0,116205
2023-10-18,świętokrzyskie,SK,9,134171,0,3751,13,926916,9,152517,0,116205
2023-10-19,świętokrzyskie,SK,5,134176,0,3751,11,926927,5,152522,0,116205
2023-10-20,świętokrzyskie,SK,16,134192,0,3751,22,926949,17,152539,0,116205
2023-10-21,świętokrzyskie,SK,17,134209,0,3751,23,926972,17,152556,0,116205
2023-10-22,świętokrzyskie,SK,0,134209,0,3751,0,926972,0,152556,0,116205
2023-10-23,świętokrzyskie,SK,0,134209,0,3751,1,926973,0,152556,0,116205
2023-10-24,świętokrzyskie,SK,18,134227,0,3751,38,927011,20,152576,0,116205
2023-10-25,świętokrzyskie,SK,18,134245,0,3751,31,927042,19,152595,0,116205
2023-10-26,świętokrzyskie,SK,15,134260,0,3751,16,927058,15,152610,0,116205
2023-10-27,świętokrzyskie,SK,18,134278,0,3751,22,927080,21,152631,0,116205
2023-10-28,świętokrzyskie,SK,22,134300,0,3751,29,927109,24,152655,0,116205
2023-10-29,świętokrzyskie,SK,6,134306,0,3751,7,927116,6,152661,0,116205
2023-10-30,świętokrzyskie,SK,3,134309,0,3751,3,927119,3,152664,0,116205
2023-10-31,świętokrzyskie,SK,30,134339,0,3751,43,927162,33,152697,0,116205
2023-11-01,świętokrzyskie,SK,34,134373,0,3751,48,927210,40,152737,0,116205
2023-11-02,świętokrzyskie,SK,6,134379,0,3751,6,927216,6,152743,0,116205
2023-11-03,świętokrzyskie,SK,33,134412,0,3751,44,927260,36,152779,0,116205
2023-11-04,świętokrzyskie,SK,40,134452,0,3751,54,927314,42,152821,0,116205
2023-11-05,świętokrzyskie,SK,3,134455,0,3751,3,927317,3,152824,0,116205
2023-11-06,świętokrzyskie,SK,3,134458,0,3751,4,927321,4,152828,0,116205
2023-11-07,świętokrzyskie,SK,42,134500,0,3751,63,927384,42,152870,0,116205
2023-11-08,świętokrzyskie,SK,39,134539,0,3751,59,927443,40,152910,0,116205
2023-11-09,świętokrzyskie,SK,28,134567,0,3751,38,927481,28,152938,0,116205
2023-11-10,świętokrzyskie,SK,25,134592,3,3754,31,927512,26,152964,0,116205
2023-11-11,świętokrzyskie,SK,31,134623,0,3754,49,927561,35,152999,0,116205
2023-11-12,świętokrzyskie,SK,2,134625,0,3754,3,927564,2,153001,0,116205
2023-11-13,świętokrzyskie,SK,5,134630,0,3754,6,927570,6,153007,0,116205
2023-11-14,świętokrzyskie,SK,66,134696,0,3754,85,927655,69,153076,0,116205
2023-11-15,świętokrzyskie,SK,43,134739,1,3755,55,927710,44,153120,0,116205
2023-11-16,świętokrzyskie,SK,38,134777,0,3755,54,927764,40,153160,0,116205
2023-11-17,świętokrzyskie,SK,35,134812,0,3755,48,927812,37,153197,0,116205
2023-11-18,świętokrzyskie,SK,41,134853,0,3755,53,927865,41,153238,0,116205
2023-11-19,świętokrzyskie,SK,2,134855,0,3755,7,927872,3,153241,0,116205
2023-11-20,świętokrzyskie,SK,0,134855,0,3755,0,927872,0,153241,0,116205
2023-11-21,świętokrzyskie,SK,58,134913,0,3755,66,927938,59,153300,0,116205
2023-11-22,świętokrzyskie,SK,52,134965,0,3755,72,928010,55,153355,0,116205
2023-11-23,świętokrzyskie,SK,55,135020,3,3758,64,928074,55,153410,0,116205
2023-11-24,świętokrzyskie,SK,72,135092,0,3758,96,928170,76,153486,0,116205
2023-11-25,świętokrzyskie,SK,44,135136,0,3758,59,928229,46,153532,0,116205
2023-11-26,świętokrzyskie,SK,5,135141,0,3758,8,928237,5,153537,0,116205
2023-11-27,świętokrzyskie,SK,8,135149,0,3758,13,928250,8,153545,0,116205
2023-11-28,świętokrzyskie,SK,97,135246,0,3758,117,928367,98,153643,0,116205
2023-11-29,świętokrzyskie,SK,79,135325,0,3758,116,928483,80,153723,0,116205
2023-11-30,świętokrzyskie,SK,71,135396,0,3758,112,928595,74,153797,0,116205
2023-12-01,świętokrzyskie,SK,92,135488,0,3758,130,928725,96,153893,0,116205
2023-12-02,świętokrzyskie,SK,76,135564,0,3758,106,928831,77,153970,0,116205
2023-12-03,świętokrzyskie,SK,4,135568,0,3758,9,928840,4,153974,0,116205
2023-12-04,świętokrzyskie,SK,7,135575,0,3758,15,928855,7,153981,0,116205
2023-12-05,świętokrzyskie,SK,136,135711,0,3758,190,929045,140,154121,0,116205
2023-12-06,świętokrzyskie,SK,80,135791,0,3758,115,929160,80,154201,0,116205
2023-12-07,świętokrzyskie,SK,70,135861,0,3758,109,929269,70,154271,0,116205
2023-12-08,świętokrzyskie,SK,89,135950,0,3758,125,929394,89,154360,0,116205
2023-12-09,świętokrzyskie,SK,75,136025,0,3758,98,929492,75,154435,0,116205
2023-12-10,świętokrzyskie,SK,7,136032,0,3758,8,929500,7,154442,0,116205
2023-12-11,świętokrzyskie,SK,3,136035,0,3758,12,929512,3,154445,0,116205
2023-12-12,świętokrzyskie,SK,121,136156,2,3760,166,929678,122,154567,0,116205
2023-12-13,świętokrzyskie,SK,96,136252,0,3760,149,929827,99,154666,0,116205
2023-12-14,świętokrzyskie,SK,85,136337,0,3760,128,929955,86,154752,0,116205
2023-12-15,świętokrzyskie,SK,74,136411,1,3761,122,930077,75,154827,0,116205
2023-12-16,świętokrzyskie,SK,77,136488,2,3763,140,930217,80,154907,0,116205
2023-12-17,świętokrzyskie,SK,5,136493,0,3763,12,930229,5,154912,0,116205
2023-12-18,świętokrzyskie,SK,3,136496,0,3763,14,930243,3,154915,0,116205
2023-12-19,świętokrzyskie,SK,128,136624,0,3763,200,930443,130,155045,0,116205
2023-12-20,świętokrzyskie,SK,74,136698,0,3763,116,930559,75,155120,0,116205
2023-12-21,świętokrzyskie,SK,60,136758,0,3763,112,930671,60,155180,0,116205
2023-12-22,świętokrzyskie,SK,89,136847,1,3764,137,930808,89,155269,0,116205
2023-12-23,świętokrzyskie,SK,65,136912,0,3764,98,930906,69,155338,0,116205
2023-12-24,świętokrzyskie,SK,2,136914,0,3764,5,930911,2,155340,0,116205
2023-12-25,świętokrzyskie,SK,2,136916,0,3764,4,930915,2,155342,0,116205
2023-12-26,świętokrzyskie,SK,3,136919,0,3764,5,930920,3,155345,0,116205
2023-12-27,świętokrzyskie,SK,5,136924,0,3764,8,930928,5,155350,0,116205
2023-12-28,świętokrzyskie,SK,75,136999,1,3765,138,931066,75,155425,0,116205
2023-12-29,świętokrzyskie,SK,52,137051,0,3765,102,931168,53,155478,0,116205
2023-12-30,świętokrzyskie,SK,62,137113,0,3765,117,931285,62,155540,0,116205
2023-12-31,świętokrzyskie,SK,4,137117,0,3765,6,931291,4,155544,0,116205
2024-01-01,świętokrzyskie,SK,7,137124,0,3765,15,931306,8,155552,0,116205
2024-01-02,świętokrzyskie,SK,3,137127,0,3765,7,931313,3,155555,0,116205
2024-01-03,świętokrzyskie,SK,64,137191,0,3765,125,931438,65,155620,0,116205
2024-01-04,świętokrzyskie,SK,161,137352,0,3765,628,932066,179,155799,0,116205
2024-01-05,świętokrzyskie,SK,142,137494,1,3766,622,932688,156,155955,0,116205
2024-01-06,świętokrzyskie,SK,44,137538,0,3766,92,932780,44,155999,0,116205
2024-01-07,świętokrzyskie,SK,2,137540,0,3766,23,932803,2,156001,0,116205
2024-01-08,świętokrzyskie,SK,10,137550,0,3766,37,932840,10,156011,0,116205
2024-01-09,świętokrzyskie,SK,52,137602,0,3766,127,932967,56,156067,0,116205
2024-01-10,świętokrzyskie,SK,36,137638,0,3766,81,933048,38,156105,0,116205
2024-01-11,świętokrzyskie,SK,33,137671,0,3766,91,933139,34,156139,0,116205
2024-01-12,świętokrzyskie,SK,17,137688,2,3768,75,933214,18,156157,0,116205
2024-01-13,świętokrzyskie,SK,23,137711,1,3769,72,933286,24,156181,0,116205
2024-01-14,świętokrzyskie,SK,2,137713,0,3769,23,933309,2,156183,0,116205
2024-01-15,świętokrzyskie,SK,4,137717,0,3769,33,933342,4,156187,0,116205
2024-01-16,świętokrzyskie,SK,44,137761,1,3770,114,933456,46,156233,0,116205
2024-01-17,świętokrzyskie,SK,24,137785,0,3770,86,933542,27,156260,0,116205
2024-01-18,świętokrzyskie,SK,32,137817,0,3770,101,933643,33,156293,0,116205
2024-01-19,świętokrzyskie,SK,15,137832,0,3770,79,933722,15,156308,0,116205
2024-01-20,świętokrzyskie,SK,16,137848,0,3770,59,933781,16,156324,0,116205
2024-01-21,świętokrzyskie,SK,1,137849,0,3770,25,933806,1,156325,0,116205
2024-01-22,świętokrzyskie,SK,0,137849,0,3770,21,933827,0,156325,0,116205
2024-01-23,świętokrzyskie,SK,21,137870,1,3771,107,933934,21,156346,0,116205
2024-01-24,świętokrzyskie,SK,23,137893,0,3771,107,934041,23,156369,0,116205
2024-01-25,świętokrzyskie,SK,13,137906,0,3771,118,934159,14,156383,0,116205
2024-01-26,świętokrzyskie,SK,16,137922,0,3771,101,934260,16,156399,0,116205
2024-01-27,świętokrzyskie,SK,19,137941,0,3771,93,934353,20,156419,0,116205
2024-01-28,świętokrzyskie,SK,2,137943,0,3771,21,934374,2,156421,0,116205
2024-01-29,świętokrzyskie,SK,1,137944,0,3771,28,934402,1,156422,0,116205
2024-01-30,świętokrzyskie,SK,21,137965,0,3771,112,934514,21,156443,0,116205
2024-01-31,świętokrzyskie,SK,26,137991,0,3771,112,934626,27,156470,0,116205
2024-02-01,świętokrzyskie,SK,19,138010,0,3771,116,934742,19,156489,0,116205
2024-02-02,świętokrzyskie,SK,9,138019,0,3771,96,934838,9,156498,0,116205
2024-02-03,świętokrzyskie,SK,17,138036,0,3771,102,934940,17,156515,0,116205
2024-02-04,świętokrzyskie,SK,0,138036,0,3771,6,934946,0,156515,0,116205
2024-02-05,świętokrzyskie,SK,0,138036,0,3771,20,934966,0,156515,0,116205
2024-02-06,świętokrzyskie,SK,30,138066,0,3771,158,935124,30,156545,0,116205
2024-02-07,świętokrzyskie,SK,16,138082,0,3771,109,935233,17,156562,0,116205
2024-02-08,świętokrzyskie,SK,10,138092,0,3771,92,935325,11,156573,0,116205
2024-02-09,świętokrzyskie,SK,2,138094,0,3771,61,935386,2,156575,0,116205
2024-02-10,świętokrzyskie,SK,5,138099,0,3771,56,935442,5,156580,0,116205
2024-02-11,świętokrzyskie,SK,1,138100,0,3771,20,935462,1,156581,0,116205
2024-02-12,świętokrzyskie,SK,3,138103,0,3771,27,935489,3,156584,0,116205
2024-02-13,świętokrzyskie,SK,21,138124,0,3771,93,935582,21,156605,0,116205
2024-02-14,świętokrzyskie,SK,9,138133,0,3771,90,935672,9,156614,0,116205
2024-02-15,świętokrzyskie,SK,7,138140,0,3771,75,935747,7,156621,0,116205
2024-02-16,świętokrzyskie,SK,4,138144,0,3771,44,935791,4,156625,0,116205
2024-02-17,świętokrzyskie,SK,9,138153,0,3771,46,935837,9,156634,0,116205
2024-02-18,świętokrzyskie,SK,0,138153,0,3771,14,935851,0,156634,0,116205
2024-02-19,świętokrzyskie,SK,1,138154,0,3771,17,935868,1,156635,0,116205
2024-02-20,świętokrzyskie,SK,6,138160,0,3771,56,935924,6,156641,0,116205
2024-02-21,świętokrzyskie,SK,14,138174,0,3771,44,935968,14,156655,0,116205
2024-02-22,świętokrzyskie,SK,2,138176,0,3771,45,936013,2,156657,0,116205
2024-02-23,świętokrzyskie,SK,7,138183,0,3771,45,936058,7,156664,0,116205
2024-02-24,świętokrzyskie,SK,2,138185,0,3771,31,936089,3,156667,0,116205
2024-02-25,świętokrzyskie,SK,0,138185,0,3771,12,936101,0,156667,0,116205
2024-02-26,świętokrzyskie,SK,4,138189,0,3771,9,936110,4,156671,0,116205
2024-02-27,świętokrzyskie,SK,4,138193,0,3771,34,936144,4,156675,0,116205
2024-02-28,świętokrzyskie,SK,7,138200,1,3772,45,936189,7,156682,0,116205
2024-02-29,świętokrzyskie,SK,3,138203,0,3772,38,936227,3,156685,0,116205
2024-03-01,świętokrzyskie,SK,3,138206,0,3772,22,936249,3,156688,0,116205
2024-03-02,świętokrzyskie,SK,3,138209,0,3772,22,936271,3,156691,0,116205
2024-03-03,świętokrzyskie,SK,0,138209,0,3772,7,936278,0,156691,0,116205
2024-03-04,świętokrzyskie,SK,0,138209,0,3772,5,936283,0,156691,0,116205
2024-03-05,świętokrzyskie,SK,9,138218,0,3772,43,936326,15,156706,0,116205
2024-03-06,świętokrzyskie,SK,2,138220,0,3772,19,936345,2,156708,0,116205
2024-03-07,świętokrzyskie,SK,3,138223,0,3772,29,936374,3,156711,0,116205
2024-03-08,świętokrzyskie,SK,2,138225,0,3772,20,936394,3,156714,0,116205
2024-03-09,świętokrzyskie,SK,0,138225,0,3772,19,936413,0,156714,0,116205
2024-03-10,świętokrzyskie,SK,1,138226,0,3772,6,936419,1,156715,0,116205
2024-03-11,świętokrzyskie,SK,1,138227,0,3772,4,936423,1,156716,0,116205
2024-03-12,świętokrzyskie,SK,4,138231,0,3772,36,936459,4,156720,0,116205
2024-03-13,świętokrzyskie,SK,4,138235,0,3772,28,936487,4,156724,0,116205
2024-03-14,świętokrzyskie,SK,2,138237,0,3772,20,936507,2,156726,0,116205
2024-03-15,świętokrzyskie,SK,1,138238,0,3772,19,936526,1,156727,0,116205
2024-03-16,świętokrzyskie,SK,1,138239,0,3772,14,936540,1,156728,0,116205
2024-03-17,świętokrzyskie,SK,0,138239,0,3772,1,936541,0,156728,0,116205
2024-03-18,świętokrzyskie,SK,0,138239,0,3772,1,936542,0,156728,0,116205
2024-03-19,świętokrzyskie,SK,3,138242,0,3772,22,936564,3,156731,0,116205
2024-03-20,świętokrzyskie,SK,0,138242,0,3772,11,936575,0,156731,0,116205
2024-03-21,świętokrzyskie,SK,2,138244,0,3772,10,936585,2,156733,0,116205
2024-03-22,świętokrzyskie,SK,1,138245,0,3772,16,936601,1,156734,0,116205
2024-03-23,świętokrzyskie,SK,1,138246,0,3772,7,936608,1,156735,0,116205
2024-03-24,świętokrzyskie,SK,0,138246,0,3772,1,936609,0,156735,0,116205
2024-03-25,świętokrzyskie,SK,0,138246,0,3772,0,936609,0,156735,0,116205
2024-03-26,świętokrzyskie,SK,2,138248,0,3772,18,936627,3,156738,0,116205
2024-03-27,świętokrzyskie,SK,0,138248,0,3772,14,936641,0,156738,0,116205
2024-03-28,świętokrzyskie,SK,2,138250,0,3772,9,936650,2,156740,0,116205
2024-03-29,świętokrzyskie,SK,1,138251,0,3772,13,936663,2,156742,0,116205
2024-03-30,świętokrzyskie,SK,2,138253,0,3772,8,936671,2,156744,0,116205
2024-03-31,świętokrzyskie,SK,0,138253,0,3772,1,936672,0,156744,0,116205
2024-04-01,świętokrzyskie,SK,0,138253,0,3772,0,936672,0,156744,0,116205
2024-04-02,świętokrzyskie,SK,0,138253,0,3772,2,936674,0,156744,0,116205
2024-04-03,świętokrzyskie,SK,2,138255,0,3772,14,936688,2,156746,0,116205
2024-04-19,świętokrzyskie,SK,0,138255,0,3772,4,936692,0,156746,0,116205
2024-04-20,świętokrzyskie,SK,0,138255,0,3772,6,936698,0,156746,0,116205
2024-04-21,świętokrzyskie,SK,0,138255,0,3772,0,936698,0,156746,0,116205
2024-04-22,świętokrzyskie,SK,0,138255,0,3772,0,936698,0,156746,0,116205
2024-04-23,świętokrzyskie,SK,1,138256,0,3772,8,936706,1,156747,0,116205
2024-04-24,świętokrzyskie,SK,0,138256,0,3772,8,936714,0,156747,0,116205
2024-04-25,świętokrzyskie,SK,0,138256,0,3772,0,936714,0,156747,0,116205
2024-04-26,świętokrzyskie,SK,0,138256,0,3772,2,936716,0,156747,0,116205
2024-04-27,świętokrzyskie,SK,0,138256,0,3772,2,936718,0,156747,0,116205
2024-04-28,świętokrzyskie,SK,1,138257,0,3772,1,936719,1,156748,0,116205
2024-04-29,świętokrzyskie,SK,0,138257,0,3772,0,936719,0,156748,0,116205
2024-04-30,świętokrzyskie,SK,1,138258,0,3772,4,936723,1,156749,0,116205
2024-05-01,świętokrzyskie,SK,0,138258,0,3772,4,936727,0,156749,0,116205
2024-05-02,świętokrzyskie,SK,0,138258,0,3772,0,936727,0,156749,0,116205
2024-05-03,świętokrzyskie,SK,0,138258,0,3772,2,936729,0,156749,0,116205
2024-05-04,świętokrzyskie,SK,0,138258,0,3772,0,936729,0,156749,0,116205
2024-05-05,świętokrzyskie,SK,0,138258,0,3772,1,936730,0,156749,0,116205
2024-05-06,świętokrzyskie,SK,0,138258,0,3772,1,936731,0,156749,0,116205
2024-05-07,świętokrzyskie,SK,0,138258,0,3772,7,936738,0,156749,0,116205
2024-05-08,świętokrzyskie,SK,1,138259,0,3772,2,936740,1,156750,0,116205
2024-05-09,świętokrzyskie,SK,0,138259,0,3772,4,936744,0,156750,0,116205
2024-05-10,świętokrzyskie,SK,0,138259,0,3772,2,936746,0,156750,0,116205
2024-05-11,świętokrzyskie,SK,0,138259,0,3772,3,936749,0,156750,0,116205
2024-05-12,świętokrzyskie,SK,1,138260,0,3772,1,936750,1,156751,0,116205
2024-05-13,świętokrzyskie,SK,0,138260,0,3772,0,936750,0,156751,0,116205
2024-05-14,świętokrzyskie,SK,1,138261,0,3772,2,936752,1,156752,0,116205
2024-05-15,świętokrzyskie,SK,0,138261,0,3772,4,936756,0,156752,0,116205
2024-05-16,świętokrzyskie,SK,0,138261,0,3772,2,936758,0,156752,0,116205
2024-05-17,świętokrzyskie,SK,2,138263,0,3772,3,936761,2,156754,0,116205
2024-05-18,świętokrzyskie,SK,1,138264,0,3772,9,936770,1,156755,0,116205
2024-05-19,świętokrzyskie,SK,1,138265,0,3772,1,936771,1,156756,0,116205
2024-05-20,świętokrzyskie,SK,0,138265,0,3772,0,936771,0,156756,0,116205
2024-05-21,świętokrzyskie,SK,0,138265,0,3772,2,936773,0,156756,0,116205
2024-05-22,świętokrzyskie,SK,2,138267,0,3772,5,936778,2,156758,0,116205
2024-05-23,świętokrzyskie,SK,1,138268,0,3772,8,936786,1,156759,0,116205
2024-05-24,świętokrzyskie,SK,1,138269,0,3772,4,936790,1,156760,0,116205
2024-05-25,świętokrzyskie,SK,0,138269,0,3772,2,936792,0,156760,0,116205
2024-05-26,świętokrzyskie,SK,0,138269,0,3772,0,936792,0,156760,0,116205
2024-05-27,świętokrzyskie,SK,0,138269,0,3772,0,936792,0,156760,0,116205
2024-05-28,świętokrzyskie,SK,0,138269,0,3772,2,936794,0,156760,0,116205
2024-05-29,świętokrzyskie,SK,0,138269,0,3772,2,936796,0,156760,0,116205
2024-05-30,świętokrzyskie,SK,0,138269,0,3772,1,936797,0,156760,0,116205
2024-05-31,świętokrzyskie,SK,0,138269,0,3772,0,936797,0,156760,0,116205
2024-06-01,świętokrzyskie,SK,0,138269,0,3772,0,936797,0,156760,0,116205
2024-06-02,świętokrzyskie,SK,0,138269,0,3772,0,936797,0,156760,0,116205
2024-06-03,świętokrzyskie,SK,0,138269,0,3772,0,936797,0,156760,0,116205
2024-06-04,świętokrzyskie,SK,1,138270,0,3772,3,936800,1,156761,0,116205
2024-06-05,świętokrzyskie,SK,1,138271,0,3772,4,936804,1,156762,0,116205
2024-06-06,świętokrzyskie,SK,0,138271,0,3772,3,936807,0,156762,0,116205
2024-06-07,świętokrzyskie,SK,1,138272,0,3772,4,936811,1,156763,0,116205
2024-06-08,świętokrzyskie,SK,1,138273,0,3772,5,936816,1,156764,0,116205
2024-06-09,świętokrzyskie,SK,0,138273,0,3772,0,936816,0,156764,0,116205
2024-06-10,świętokrzyskie,SK,0,138273,0,3772,0,936816,0,156764,0,116205
2024-06-11,świętokrzyskie,SK,3,138276,0,3772,5,936821,3,156767,0,116205
2024-06-12,świętokrzyskie,SK,3,138279,0,3772,4,936825,3,156770,0,116205
2024-06-13,świętokrzyskie,SK,2,138281,0,3772,3,936828,2,156772,0,116205
2024-06-14,świętokrzyskie,SK,2,138283,0,3772,3,936831,2,156774,0,116205
2024-06-15,świętokrzyskie,SK,1,138284,0,3772,4,936835,1,156775,0,116205
2024-06-16,świętokrzyskie,SK,0,138284,0,3772,0,936835,0,156775,0,116205
2024-06-17,świętokrzyskie,SK,0,138284,0,3772,0,936835,0,156775,0,116205
2024-06-18,świętokrzyskie,SK,2,138286,0,3772,5,936840,2,156777,0,116205
2024-06-19,świętokrzyskie,SK,3,138289,0,3772,6,936846,3,156780,0,116205
2024-06-20,świętokrzyskie,SK,2,138291,0,3772,4,936850,2,156782,0,116205
2024-06-21,świętokrzyskie,SK,1,138292,0,3772,5,936855,1,156783,0,116205
2024-06-22,świętokrzyskie,SK,2,138294,0,3772,3,936858,2,156785,0,116205
2024-06-23,świętokrzyskie,SK,0,138294,0,3772,1,936859,0,156785,0,116205
2024-06-24,świętokrzyskie,SK,0,138294,0,3772,0,936859,0,156785,0,116205
2024-06-25,świętokrzyskie,SK,5,138299,0,3772,8,936867,5,156790,0,116205
2024-06-26,świętokrzyskie,SK,2,138301,0,3772,6,936873,2,156792,0,116205
2024-06-27,świętokrzyskie,SK,0,138301,0,3772,1,936874,0,156792,0,116205
2024-06-28,świętokrzyskie,SK,8,138309,0,3772,9,936883,8,156800,0,116205
2024-06-29,świętokrzyskie,SK,1,138310,0,3772,3,936886,2,156802,0,116205
2024-06-30,świętokrzyskie,SK,0,138310,0,3772,0,936886,0,156802,0,116205
2024-07-01,świętokrzyskie,SK,0,138310,0,3772,0,936886,0,156802,0,116205
2020-11-24,podlaskie,PD,309,309,19,19,1236,1236,335,335,0,0
2020-11-25,podlaskie,PD,449,758,13,32,1236,2472,469,804,0,0
2020-11-26,podlaskie,PD,467,1225,24,56,1223,3695,495,1299,0,0
2020-11-27,podlaskie,PD,490,1715,25,81,1472,5167,516,1815,0,0
2020-11-28,podlaskie,PD,481,2196,15,96,1560,6727,510,2325,0,0
2020-11-29,podlaskie,PD,310,2506,11,107,881,7608,341,2666,0,0
2020-11-30,podlaskie,PD,122,2628,2,109,404,8012,128,2794,0,0
2020-12-01,podlaskie,PD,215,2843,5,114,966,8978,236,3030,0,0
2020-12-02,podlaskie,PD,389,3232,5,119,1382,10360,418,3448,0,0
2020-12-03,podlaskie,PD,356,3588,26,145,1187,11547,377,3825,0,0
2020-12-04,podlaskie,PD,373,3961,11,156,1281,12828,426,4251,0,0
2020-12-05,podlaskie,PD,285,4246,24,180,1228,14056,307,4558,0,0
2020-12-06,podlaskie,PD,220,4466,24,204,809,14865,237,4795,0,0
2020-12-07,podlaskie,PD,154,4620,5,209,457,15322,169,4964,0,0
2020-12-08,podlaskie,PD,196,4816,2,211,1125,16447,244,5208,0,0
2020-12-09,podlaskie,PD,360,5176,12,223,1220,17667,386,5594,0,0
2020-12-10,podlaskie,PD,367,5543,5,228,1342,19009,403,5997,0,0
2020-12-11,podlaskie,PD,312,5855,40,268,1392,20401,363,6360,0,0
2020-12-12,podlaskie,PD,358,6213,13,281,1496,21897,397,6757,0,0
2020-12-13,podlaskie,PD,233,6446,8,289,837,22734,265,7022,0,0
2020-12-14,podlaskie,PD,82,6528,0,289,436,23170,95,7117,0,0
2020-12-15,podlaskie,PD,172,6700,5,294,1194,24364,212,7329,0,0
2020-12-16,podlaskie,PD,369,7069,29,323,1476,25840,405,7734,0,0
2020-12-17,podlaskie,PD,230,7299,10,333,1195,27035,255,7989,0,0
2020-12-18,podlaskie,PD,265,7564,12,345,1113,28148,292,8281,0,0
2020-12-19,podlaskie,PD,341,7905,9,354,1205,29353,369,8650,0,0
2020-12-20,podlaskie,PD,180,8085,9,363,828,30181,195,8845,0,0
2020-12-21,podlaskie,PD,99,8184,1,364,410,30591,113,8958,0,0
2020-12-22,podlaskie,PD,176,8360,4,368,946,31537,208,9166,0,0
2020-12-23,podlaskie,PD,330,8690,7,375,1277,32814,369,9535,0,0
2020-12-24,podlaskie,PD,325,9015,11,386,1290,34104,347,9882,187,187
2020-12-25,podlaskie,PD,242,9257,6,392,727,34831,260,10142,378,565
2020-12-26,podlaskie,PD,115,9372,2,394,410,35241,130,10272,200,765
2020-12-27,podlaskie,PD,93,9465,1,395,379,35620,112,10384,249,1014
2020-12-28,podlaskie,PD,70,9535,1,396,356,35976,87,10471,261,1275
2020-12-29,podlaskie,PD,203,9738,8,404,1030,37006,233,10704,229,1504
2020-12-30,podlaskie,PD,426,10164,16,420,1357,38363,441,11145,77,1581
2020-12-31,podlaskie,PD,356,10520,28,448,1169,39532,380,11525,168,1749
2021-01-01,podlaskie,PD,306,10826,10,458,1225,40757,320,11845,380,2129
2021-01-02,podlaskie,PD,173,10999,11,469,598,41355,181,12026,286,2415
2021-01-03,podlaskie,PD,171,11170,0,469,657,42012,187,12213,225,2640
2021-01-04,podlaskie,PD,80,11250,3,472,388,42400,89,12302,126,2766
2021-01-05,podlaskie,PD,189,11439,7,479,1077,43477,215,12517,109,2875
2021-01-06,podlaskie,PD,477,11916,15,494,1560,45037,498,13015,125,3000
2021-01-08,podlaskie,PD,293,12209,6,500,1228,46265,314,13329,389,3389
2021-01-09,podlaskie,PD,298,12507,17,517,1435,47700,335,13664,368,3757
2021-01-10,podlaskie,PD,239,12746,8,525,866,48566,256,13920,290,4047
2021-01-11,podlaskie,PD,75,12821,0,525,441,49007,88,14008,174,4221
2021-01-12,podlaskie,PD,143,12964,2,527,1385,50392,164,14172,187,4408
2021-01-13,podlaskie,PD,333,13297,26,553,2391,52783,350,14522,116,4524
2021-01-14,podlaskie,PD,291,13588,6,559,2087,54870,317,14839,186,4710
2021-01-15,podlaskie,PD,276,13864,7,566,1835,56705,290,15129,479,5189
2021-01-16,podlaskie,PD,210,14074,4,570,1563,58268,230,15359,312,5501
2021-01-17,podlaskie,PD,121,14195,2,572,775,59043,136,15495,242,5743
2021-01-18,podlaskie,PD,69,14264,0,572,398,59441,85,15580,328,6071
2021-01-19,podlaskie,PD,126,14390,3,575,1245,60686,149,15729,247,6318
2021-01-20,podlaskie,PD,329,14719,19,594,1194,61880,348,16077,83,6401
2021-01-21,podlaskie,PD,226,14945,3,597,981,62861,242,16319,155,6556
2021-01-22,podlaskie,PD,229,15174,10,607,1176,64037,249,16568,297,6853
2021-01-23,podlaskie,PD,217,15391,13,620,1239,65276,236,16804,325,7178
2021-01-24,podlaskie,PD,161,15552,9,629,601,65877,180,16984,259,7437
2021-01-25,podlaskie,PD,94,15646,1,630,450,66327,105,17089,230,7667
2021-01-26,podlaskie,PD,145,15791,0,630,1033,67360,163,17252,153,7820
2021-01-27,podlaskie,PD,317,16108,16,646,1414,68774,342,17594,101,7921
2021-01-28,podlaskie,PD,209,16317,8,654,1006,69780,221,17815,117,8038
2021-01-29,podlaskie,PD,254,16571,21,675,1247,71027,272,18087,298,8336
2021-01-30,podlaskie,PD,251,16822,14,689,1253,72280,276,18363,267,8603
2021-01-31,podlaskie,PD,187,17009,11,700,757,73037,205,18568,209,8812
2021-02-01,podlaskie,PD,82,17091,1,701,464,73501,93,18661,203,9015
2021-02-02,podlaskie,PD,150,17241,2,703,1014,74515,179,18840,202,9217
2021-02-03,podlaskie,PD,237,17478,10,713,1267,75782,263,19103,120,9337
2021-02-04,podlaskie,PD,298,17776,16,729,1254,77036,324,19427,146,9483
2021-02-05,podlaskie,PD,219,17995,16,745,1010,78046,244,19671,287,9770
2021-02-06,podlaskie,PD,217,18212,8,753,1194,79240,233,19904,266,10036
2021-02-07,podlaskie,PD,133,18345,7,760,640,79880,146,20050,216,10252
2021-02-08,podlaskie,PD,90,18435,0,760,495,80375,102,20152,236,10488
2021-02-09,podlaskie,PD,200,18635,4,764,1061,81436,225,20377,199,10687
2021-02-10,podlaskie,PD,295,18930,13,777,1445,82881,323,20700,79,10766
2021-02-11,podlaskie,PD,252,19182,11,788,1260,84141,270,20970,174,10940
2021-02-12,podlaskie,PD,266,19448,10,798,1267,85408,289,21259,238,11178
2021-02-13,podlaskie,PD,292,19740,10,808,1254,86662,315,21574,339,11517
2021-02-14,podlaskie,PD,146,19886,10,818,764,87426,162,21736,204,11721
2021-02-15,podlaskie,PD,59,19945,0,818,434,87860,69,21805,219,11940
2021-02-16,podlaskie,PD,197,20142,2,820,1142,89002,220,22025,166,12106
2021-02-17,podlaskie,PD,361,20503,16,836,1464,90466,400,22425,74,12180
2021-02-18,podlaskie,PD,265,20768,15,851,1379,91845,292,22717,221,12401
2021-02-19,podlaskie,PD,271,21039,12,863,1153,92998,287,23004,286,12687
2021-02-20,podlaskie,PD,315,21354,14,877,1465,94463,335,23339,280,12967
2021-02-21,podlaskie,PD,215,21569,7,884,816,95279,234,23573,230,13197
2021-02-22,podlaskie,PD,79,21648,4,888,490,95769,92,23665,276,13473
2021-02-23,podlaskie,PD,193,21841,4,892,1023,96792,213,23878,155,13628
2021-02-24,podlaskie,PD,449,22290,20,912,1792,98584,481,24359,71,13699
2021-02-25,podlaskie,PD,403,22693,18,930,1404,99988,431,24790,233,13932
2021-02-26,podlaskie,PD,353,23046,10,940,1424,101412,368,25158,332,14264
2021-02-27,podlaskie,PD,327,23373,11,951,1491,102903,351,25509,293,14557
2021-02-28,podlaskie,PD,216,23589,14,965,925,103828,226,25735,269,14826
2021-03-01,podlaskie,PD,102,23691,0,965,488,104316,107,25842,310,15136
2021-03-02,podlaskie,PD,307,23998,7,972,1321,105637,337,26179,219,15355
2021-03-03,podlaskie,PD,461,24459,21,993,1608,107245,483,26662,94,15449
2021-03-04,podlaskie,PD,438,24897,9,1002,1555,108800,462,27124,223,15672
2021-03-05,podlaskie,PD,405,25302,11,1013,1394,110194,433,27557,430,16102
2021-03-06,podlaskie,PD,448,25750,11,1024,1587,111781,476,28033,439,16541
2021-03-07,podlaskie,PD,253,26003,15,1039,860,112641,273,28306,315,16856
2021-03-08,podlaskie,PD,83,26086,1,1040,609,113250,103,28409,300,17156
2021-03-09,podlaskie,PD,303,26389,3,1043,1409,114659,336,28745,227,17383
2021-03-10,podlaskie,PD,518,26907,15,1058,1928,116587,539,29284,117,17500
2021-03-11,podlaskie,PD,450,27357,16,1074,1584,118171,481,29765,300,17800
2021-03-12,podlaskie,PD,471,27828,14,1088,1576,119747,493,30258,420,18220
2021-03-13,podlaskie,PD,428,28256,3,1091,1524,121271,449,30707,474,18694
2021-03-14,podlaskie,PD,273,28529,14,1105,973,122244,292,30999,365,19059
2021-03-15,podlaskie,PD,192,28721,0,1105,695,122939,209,31208,438,19497
2021-03-16,podlaskie,PD,303,29024,3,1108,1360,124299,336,31544,294,19791
2021-03-17,podlaskie,PD,621,29645,23,1131,2084,126383,659,32203,112,19903
2021-03-18,podlaskie,PD,486,30131,11,1142,1732,128115,526,32729,298,20201
2021-03-19,podlaskie,PD,473,30604,10,1152,1647,129762,501,33230,519,20720
2021-03-20,podlaskie,PD,522,31126,18,1170,1884,131646,560,33790,441,21161
2021-03-21,podlaskie,PD,350,31476,7,1177,1061,132707,365,34155,474,21635
2021-03-22,podlaskie,PD,166,31642,2,1179,681,133388,183,34338,398,22033
2021-03-23,podlaskie,PD,355,31997,3,1182,1503,134891,385,34723,312,22345
2021-03-24,podlaskie,PD,689,32686,18,1200,2167,137058,726,35449,214,22559
2021-03-25,podlaskie,PD,577,33263,17,1217,1921,138979,611,36060,305,22864
2021-03-26,podlaskie,PD,529,33792,13,1230,1998,140977,578,36638,568,23432
2021-03-27,podlaskie,PD,559,34351,17,1247,1979,142956,579,37217,551,23983
2021-03-28,podlaskie,PD,356,34707,5,1252,1259,144215,381,37598,454,24437
2021-03-29,podlaskie,PD,180,34887,1,1253,810,145025,203,37801,458,24895
2021-03-30,podlaskie,PD,349,35236,5,1258,1575,146600,375,38176,428,25323
2021-03-31,podlaskie,PD,672,35908,22,1280,2169,148769,722,38898,159,25482
2021-04-01,podlaskie,PD,508,36416,16,1296,1964,150733,535,39433,401,25883
2021-04-02,podlaskie,PD,447,36863,9,1305,1854,152587,475,39908,624,26507
2021-04-03,podlaskie,PD,438,37301,8,1313,1729,154316,479,40387,622,27129
2021-04-04,podlaskie,PD,356,37657,8,1321,1194,155510,368,40755,474,27603
2021-04-05,podlaskie,PD,127,37784,0,1321,673,156183,174,40929,558,28161
2021-04-06,podlaskie,PD,92,37876,1,1322,644,156827,106,41035,381,28542
2021-04-07,podlaskie,PD,277,38153,11,1333,1803,158630,314,41349,248,28790
2021-04-08,podlaskie,PD,533,38686,12,1345,2275,160905,563,41912,363,29153
2021-04-09,podlaskie,PD,556,39242,18,1363,2284,163189,588,42500,645,29798
2021-04-10,podlaskie,PD,507,39749,28,1391,2204,165393,533,43033,542,30340
2021-04-11,podlaskie,PD,349,40098,10,1401,1683,167076,368,43401,390,30730
2021-04-12,podlaskie,PD,167,40265,1,1402,1033,168109,175,43576,483,31213
2021-04-13,podlaskie,PD,264,40529,7,1409,1653,169762,295,43871,360,31573
2021-04-14,podlaskie,PD,539,41068,23,1432,2246,172008,571,44442,155,31728
2021-04-15,podlaskie,PD,374,41442,17,1449,1762,173770,396,44838,129,31857
2021-04-16,podlaskie,PD,344,41786,14,1463,1608,175378,363,45201,246,32103
2021-04-17,podlaskie,PD,349,42135,10,1473,1927,177305,378,45579,588,32691
2021-04-18,podlaskie,PD,214,42349,6,1479,1104,178409,240,45819,537,33228
2021-04-19,podlaskie,PD,135,42484,2,1481,807,179216,148,45967,480,33708
2021-04-20,podlaskie,PD,142,42626,8,1489,1537,180753,159,46126,377,34085
2021-04-21,podlaskie,PD,260,42886,15,1504,1683,182436,280,46406,178,34263
2021-04-22,podlaskie,PD,219,43105,29,1533,1464,183900,237,46643,291,34554
2021-04-23,podlaskie,PD,167,43272,6,1539,1216,185116,178,46821,518,35072
2021-04-24,podlaskie,PD,172,43444,11,1550,1500,186616,189,47010,400,35472
2021-04-25,podlaskie,PD,95,43539,10,1560,918,187534,106,47116,318,35790
2021-04-26,podlaskie,PD,43,43582,0,1560,536,188070,50,47166,342,36132
2021-04-27,podlaskie,PD,103,43685,12,1572,1481,189551,113,47279,251,36383
2021-04-28,podlaskie,PD,147,43832,17,1589,1382,190933,161,47440,150,36533
2021-04-29,podlaskie,PD,164,43996,9,1598,1445,192378,180,47620,161,36694
2021-04-30,podlaskie,PD,109,44105,9,1607,1177,193555,117,47737,256,36950
2021-05-01,podlaskie,PD,97,44202,7,1614,1143,194698,116,47853,248,37198
2021-05-02,podlaskie,PD,73,44275,1,1615,807,195505,83,47936,200,37398
2021-05-03,podlaskie,PD,34,44309,0,1615,520,196025,41,47977,147,37545
2021-05-04,podlaskie,PD,32,44341,1,1616,631,196656,38,48015,91,37636
2021-05-05,podlaskie,PD,64,44405,6,1622,1175,197831,81,48096,71,37707
2021-05-06,podlaskie,PD,112,44517,9,1631,1492,199323,130,48226,114,37821
2021-05-07,podlaskie,PD,128,44645,8,1639,1369,200692,136,48362,158,37979
2021-05-08,podlaskie,PD,101,44746,8,1647,1363,202055,111,48473,165,38144
2021-05-09,podlaskie,PD,77,44823,7,1654,947,203002,80,48553,116,38260
2021-05-10,podlaskie,PD,48,44871,0,1654,778,203780,63,48616,79,38339
2021-05-11,podlaskie,PD,43,44914,2,1656,1314,205094,50,48666,84,38423
2021-05-12,podlaskie,PD,111,45025,9,1665,1411,206505,123,48789,34,38457
2021-05-13,podlaskie,PD,75,45100,7,1672,1307,207812,89,48878,36,38493
2021-05-14,podlaskie,PD,78,45178,3,1675,1311,209123,90,48968,100,38593
2021-05-15,podlaskie,PD,70,45248,2,1677,1343,210466,77,49045,117,38710
2021-05-16,podlaskie,PD,60,45308,5,1682,1085,211551,61,49106,114,38824
2021-05-17,podlaskie,PD,27,45335,0,1682,605,212156,30,49136,104,38928
2021-05-18,podlaskie,PD,48,45383,4,1686,1356,213512,55,49191,55,38983
2021-05-19,podlaskie,PD,86,45469,2,1688,1483,214995,90,49281,50,39033
2021-05-20,podlaskie,PD,68,45537,1,1689,1250,216245,72,49353,52,39085
2021-05-21,podlaskie,PD,38,45575,5,1694,1281,217526,47,49400,121,39206
2021-05-22,podlaskie,PD,39,45614,4,1698,1304,218830,51,49451,99,39305
2021-05-23,podlaskie,PD,28,45642,3,1701,939,219769,32,49483,64,39369
2021-05-24,podlaskie,PD,9,45651,0,1701,624,220393,13,49496,82,39451
2021-05-25,podlaskie,PD,22,45673,2,1703,1552,221945,28,49524,60,39511
2021-05-26,podlaskie,PD,40,45713,9,1712,1312,223257,43,49567,32,39543
2021-05-27,podlaskie,PD,32,45745,2,1714,1422,224679,41,49608,44,39587
2021-05-28,podlaskie,PD,30,45775,5,1719,1089,225768,32,49640,93,39680
2021-05-29,podlaskie,PD,21,45796,0,1719,1512,227280,24,49664,60,39740
2021-05-30,podlaskie,PD,17,45813,4,1723,895,228175,20,49684,37,39777
2021-05-31,podlaskie,PD,11,45824,0,1723,809,228984,14,49698,38,39815
2021-06-01,podlaskie,PD,17,45841,1,1724,1533,230517,20,49718,33,39848
2021-06-02,podlaskie,PD,26,45867,3,1727,1188,231705,27,49745,18,39866
2021-06-03,podlaskie,PD,19,45886,1,1728,1068,232773,21,49766,35,39901
2021-06-04,podlaskie,PD,12,45898,3,1731,798,233571,12,49778,35,39936
2021-06-05,podlaskie,PD,6,45904,1,1732,1106,234677,9,49787,22,39958
2021-06-06,podlaskie,PD,5,45909,0,1732,909,235586,6,49793,33,39991
2021-06-07,podlaskie,PD,9,45918,0,1732,696,236282,9,49802,27,40018
2021-06-08,podlaskie,PD,4,45922,3,1735,1467,237749,8,49810,14,40032
2021-06-09,podlaskie,PD,7,45929,4,1739,1263,239012,12,49822,16,40048
2021-06-10,podlaskie,PD,14,45943,2,1741,1098,240110,17,49839,17,40065
2021-06-11,podlaskie,PD,9,45952,2,1743,1213,241323,12,49851,25,40090
2021-06-12,podlaskie,PD,5,45957,1,1744,1180,242503,10,49861,16,40106
2021-06-13,podlaskie,PD,6,45963,1,1745,993,243496,7,49868,12,40118
2021-06-14,podlaskie,PD,1,45964,0,1745,677,244173,2,49870,7,40125
2021-06-15,podlaskie,PD,5,45969,1,1746,1387,245560,9,49879,6,40131
2021-06-16,podlaskie,PD,7,45976,1,1747,1223,246783,8,49887,9,40140
2021-06-17,podlaskie,PD,5,45981,1,1748,1064,247847,7,49894,9,40149
2021-06-18,podlaskie,PD,1,45982,0,1748,1006,248853,2,49896,7,40156
2021-06-19,podlaskie,PD,9,45991,0,1748,1072,249925,10,49906,16,40172
2021-06-20,podlaskie,PD,5,45996,1,1749,756,250681,6,49912,8,40180
2021-06-21,podlaskie,PD,6,46002,0,1749,582,251263,6,49918,9,40189
2021-06-22,podlaskie,PD,3,46005,0,1749,1652,252915,5,49923,8,40197
2021-06-23,podlaskie,PD,6,46011,1,1750,1553,254468,6,49929,1,40198
2021-06-24,podlaskie,PD,10,46021,0,1750,1219,255687,15,49944,6,40204
2021-06-25,podlaskie,PD,3,46024,0,1750,935,256622,3,49947,5,40209
2021-06-26,podlaskie,PD,2,46026,0,1750,945,257567,4,49951,10,40219
2021-06-27,podlaskie,PD,0,46026,0,1750,610,258177,0,49951,3,40222
2021-06-28,podlaskie,PD,0,46026,0,1750,516,258693,2,49953,7,40229
2021-06-29,podlaskie,PD,4,46030,0,1750,1303,259996,7,49960,7,40236
2021-06-30,podlaskie,PD,5,46035,0,1750,1069,261065,6,49966,4,40240
2021-07-01,podlaskie,PD,1,46036,1,1751,941,262006,2,49968,4,40244
2021-07-02,podlaskie,PD,1,46037,0,1751,927,262933,1,49969,3,40247
2021-07-03,podlaskie,PD,3,46040,0,1751,1098,264031,3,49972,7,40254
2021-07-04,podlaskie,PD,0,46040,0,1751,707,264738,1,49973,2,40256
2021-07-05,podlaskie,PD,0,46040,0,1751,444,265182,0,49973,2,40258
2021-07-06,podlaskie,PD,9,46049,0,1751,1241,266423,14,49987,0,40258
2021-07-07,podlaskie,PD,4,46053,0,1751,972,267395,6,49993,3,40261
2021-07-08,podlaskie,PD,8,46061,0,1751,903,268298,10,50003,5,40266
2021-07-09,podlaskie,PD,2,46063,0,1751,899,269197,3,50006,7,40273
2021-07-10,podlaskie,PD,3,46066,0,1751,1014,270211,5,50011,1,40274
2021-07-11,podlaskie,PD,3,46069,0,1751,685,270896,4,50015,2,40276
2021-07-12,podlaskie,PD,3,46072,0,1751,522,271418,3,50018,2,40278
2021-07-13,podlaskie,PD,5,46077,1,1752,1098,272516,5,50023,1,40279
2021-07-14,podlaskie,PD,3,46080,1,1753,958,273474,6,50029,3,40282
2021-07-15,podlaskie,PD,7,46087,0,1753,956,274430,8,50037,10,40292
2021-07-16,podlaskie,PD,9,46096,0,1753,851,275281,14,50051,7,40299
2021-07-17,podlaskie,PD,2,46098,0,1753,1013,276294,5,50056,6,40305
2021-07-18,podlaskie,PD,0,46098,0,1753,699,276993,1,50057,0,40305
2021-07-19,podlaskie,PD,4,46102,0,1753,465,277458,6,50063,3,40308
2021-07-20,podlaskie,PD,6,46108,0,1753,1186,278644,6,50069,2,40310
2021-07-21,podlaskie,PD,5,46113,0,1753,1003,279647,7,50076,4,40314
2021-07-22,podlaskie,PD,5,46118,0,1753,874,280521,8,50084,4,40318
2021-07-23,podlaskie,PD,2,46120,0,1753,834,281355,3,50087,3,40321
2021-07-24,podlaskie,PD,3,46123,0,1753,1030,282385,3,50090,7,40328
2021-07-25,podlaskie,PD,4,46127,0,1753,747,283132,6,50096,11,40339
2021-07-26,podlaskie,PD,5,46132,0,1753,521,283653,5,50101,3,40342
2021-07-27,podlaskie,PD,4,46136,1,1754,1029,284682,6,50107,3,40345
2021-07-28,podlaskie,PD,5,46141,0,1754,983,285665,7,50114,4,40349
2021-07-29,podlaskie,PD,9,46150,0,1754,983,286648,12,50126,5,40354
2021-07-30,podlaskie,PD,6,46156,0,1754,911,287559,7,50133,7,40361
2021-07-31,podlaskie,PD,5,46161,0,1754,1060,288619,8,50141,3,40364
2021-08-01,podlaskie,PD,2,46163,0,1754,807,289426,3,50144,2,40366
2021-08-02,podlaskie,PD,3,46166,0,1754,533,289959,4,50148,2,40368
2021-08-03,podlaskie,PD,7,46173,0,1754,1166,291125,9,50157,6,40374
2021-08-04,podlaskie,PD,11,46184,0,1754,922,292047,11,50168,8,40382
2021-08-05,podlaskie,PD,5,46189,0,1754,897,292944,6,50174,5,40387
2021-08-06,podlaskie,PD,8,46197,0,1754,925,293869,8,50182,7,40394
2021-08-07,podlaskie,PD,11,46208,0,1754,1174,295043,13,50195,7,40401
2021-08-08,podlaskie,PD,4,46212,0,1754,712,295755,4,50199,6,40407
2021-08-09,podlaskie,PD,3,46215,0,1754,687,296442,3,50202,5,40412
2021-08-10,podlaskie,PD,2,46217,0,1754,1182,297624,2,50204,2,40414
2021-08-11,podlaskie,PD,5,46222,1,1755,1105,298729,5,50209,5,40419
2021-08-12,podlaskie,PD,8,46230,1,1756,1004,299733,8,50217,7,40426
2021-08-13,podlaskie,PD,13,46243,1,1757,1005,300738,16,50233,12,40438
2021-08-14,podlaskie,PD,27,46270,0,1757,1212,301950,29,50262,10,40448
2021-08-15,podlaskie,PD,5,46275,0,1757,905,302855,5,50267,9,40457
2021-08-16,podlaskie,PD,3,46278,0,1757,583,303438,3,50270,12,40469
2021-08-17,podlaskie,PD,18,46296,0,1757,1361,304799,22,50292,11,40480
2021-08-18,podlaskie,PD,12,46308,0,1757,1100,305899,13,50305,5,40485
2021-08-19,podlaskie,PD,7,46315,0,1757,1020,306919,8,50313,33,40518
2021-08-20,podlaskie,PD,11,46326,0,1757,992,307911,12,50325,6,40524
2021-08-21,podlaskie,PD,14,46340,0,1757,1162,309073,16,50341,7,40531
2021-08-22,podlaskie,PD,6,46346,0,1757,952,310025,8,50349,2,40533
2021-08-23,podlaskie,PD,4,46350,0,1757,509,310534,4,50353,5,40538
2021-08-24,podlaskie,PD,8,46358,0,1757,1317,311851,10,50363,6,40544
2021-08-25,podlaskie,PD,15,46373,1,1758,1113,312964,18,50381,13,40557
2021-08-26,podlaskie,PD,10,46383,0,1758,1018,313982,11,50392,20,40577
2021-08-27,podlaskie,PD,8,46391,0,1758,878,314860,9,50401,8,40585
2021-08-28,podlaskie,PD,12,46403,0,1758,1107,315967,14,50415,7,40592
2021-08-29,podlaskie,PD,13,46416,0,1758,775,316742,13,50428,5,40597
2021-08-30,podlaskie,PD,7,46423,0,1758,608,317350,8,50436,13,40610
2021-08-31,podlaskie,PD,16,46439,0,1758,1336,318686,22,50458,16,40626
2021-09-01,podlaskie,PD,25,46464,0,1758,1099,319785,30,50488,4,40630
2021-09-02,podlaskie,PD,11,46475,0,1758,1022,320807,11,50499,9,40639
2021-09-03,podlaskie,PD,20,46495,0,1758,1077,321884,21,50520,14,40653
2021-09-04,podlaskie,PD,12,46507,0,1758,1044,322928,13,50533,15,40668
2021-09-05,podlaskie,PD,18,46525,0,1758,787,323715,21,50554,12,40680
2021-09-06,podlaskie,PD,8,46533,0,1758,599,324314,9,50563,10,40690
2021-09-07,podlaskie,PD,24,46557,2,1760,1206,325520,30,50593,9,40699
2021-09-08,podlaskie,PD,30,46587,0,1760,1105,326625,35,50628,12,40711
2021-09-09,podlaskie,PD,40,46627,0,1760,1046,327671,46,50674,16,40727
2021-09-10,podlaskie,PD,20,46647,0,1760,1036,328707,27,50701,30,40757
2021-09-11,podlaskie,PD,26,46673,0,1760,1079,329786,27,50728,11,40768
2021-09-12,podlaskie,PD,22,46695,0,1760,813,330599,24,50752,21,40789
2021-09-13,podlaskie,PD,8,46703,0,1760,549,331148,9,50761,11,40800
2021-09-14,podlaskie,PD,30,46733,0,1760,1255,332403,36,50797,17,40817
2021-09-15,podlaskie,PD,34,46767,2,1762,1099,333502,42,50839,9,40826
2021-09-16,podlaskie,PD,31,46798,0,1762,1115,334617,34,50873,23,40849
2021-09-17,podlaskie,PD,47,46845,0,1762,907,335524,52,50925,31,40880
2021-09-18,podlaskie,PD,41,46886,0,1762,1163,336687,47,50972,22,40902
2021-09-19,podlaskie,PD,22,46908,1,1763,853,337540,25,50997,21,40923
2021-09-20,podlaskie,PD,14,46922,0,1763,489,338029,15,51012,22,40945
2021-09-21,podlaskie,PD,48,46970,1,1764,1191,339220,54,51066,25,40970
2021-09-22,podlaskie,PD,52,47022,1,1765,1141,340361,59,51125,13,40983
2021-09-23,podlaskie,PD,41,47063,0,1765,1097,341458,46,51171,29,41012
2021-09-24,podlaskie,PD,65,47128,1,1766,1076,342534,73,51244,41,41053
2021-09-25,podlaskie,PD,66,47194,0,1766,1099,343633,74,51318,35,41088
2021-09-26,podlaskie,PD,37,47231,0,1766,809,344442,44,51362,50,41138
2021-09-27,podlaskie,PD,20,47251,0,1766,461,344903,22,51384,37,41175
2021-09-28,podlaskie,PD,52,47303,2,1768,1371,346274,60,51444,29,41204
2021-09-29,podlaskie,PD,114,47417,3,1771,1283,347557,122,51566,20,41224
2021-09-30,podlaskie,PD,74,47491,1,1772,1165,348722,80,51646,48,41272
2021-10-01,podlaskie,PD,105,47596,1,1773,1251,349973,118,51764,52,41324
2021-10-02,podlaskie,PD,91,47687,0,1773,1265,351238,101,51865,48,41372
2021-10-03,podlaskie,PD,70,47757,1,1774,803,352041,79,51944,62,41434
2021-10-04,podlaskie,PD,59,47816,0,1774,629,352670,67,52011,54,41488
2021-10-05,podlaskie,PD,121,47937,1,1775,1378,354048,138,52149,43,41531
2021-10-06,podlaskie,PD,268,48205,6,1781,1553,355601,301,52450,33,41564
2021-10-07,podlaskie,PD,182,48387,2,1783,1455,357056,202,52652,66,41630
2021-10-08,podlaskie,PD,190,48577,1,1784,1443,358499,202,52854,87,41717
2021-10-09,podlaskie,PD,223,48800,0,1784,1382,359881,252,53106,88,41805
2021-10-10,podlaskie,PD,132,48932,0,1784,897,360778,148,53254,89,41894
2021-10-11,podlaskie,PD,75,49007,0,1784,541,361319,85,53339,98,41992
2021-10-12,podlaskie,PD,233,49240,4,1788,1563,362882,255,53594,77,42069
2021-10-13,podlaskie,PD,261,49501,6,1794,1765,364647,290,53884,70,42139
2021-10-14,podlaskie,PD,313,49814,2,1796,1905,366552,333,54217,119,42258
2021-10-15,podlaskie,PD,320,50134,4,1800,1842,368394,341,54558,279,42537
2021-10-16,podlaskie,PD,338,50472,3,1803,1599,369993,366,54924,181,42718
2021-10-17,podlaskie,PD,248,50720,1,1804,1248,371241,266,55190,203,42921
2021-10-18,podlaskie,PD,139,50859,0,1804,726,371967,161,55351,210,43131
2021-10-19,podlaskie,PD,353,51212,4,1808,1869,373836,380,55731,140,43271
2021-10-20,podlaskie,PD,585,51797,3,1811,2283,376119,631,56362,79,43350
2021-10-21,podlaskie,PD,521,52318,6,1817,2112,378231,553,56915,239,43589
2021-10-22,podlaskie,PD,579,52897,9,1826,2250,380481,616,57531,270,43859
2021-10-23,podlaskie,PD,537,53434,9,1835,2251,382732,584,58115,336,44195
2021-10-24,podlaskie,PD,438,53872,1,1836,1368,384100,469,58584,284,44479
2021-10-25,podlaskie,PD,253,54125,0,1836,1061,385161,272,58856,307,44786
2021-10-26,podlaskie,PD,572,54697,13,1849,2320,387481,620,59476,251,45037
2021-10-27,podlaskie,PD,803,55500,10,1859,2795,390276,867,60343,157,45194
2021-10-28,podlaskie,PD,753,56253,10,1869,2843,393119,813,61156,358,45552
2021-10-29,podlaskie,PD,760,57013,5,1874,2566,395685,805,61961,553,46105
2021-10-30,podlaskie,PD,693,57706,6,1880,2276,397961,746,62707,571,46676
2021-10-31,podlaskie,PD,572,58278,1,1881,1732,399693,616,63323,554,47230
2021-11-01,podlaskie,PD,316,58594,0,1881,1090,400783,347,63670,587,47817
2021-11-02,podlaskie,PD,290,58884,0,1881,1017,401800,321,63991,418,48235
2021-11-03,podlaskie,PD,707,59591,2,1883,2755,404555,773,64764,278,48513
2021-11-04,podlaskie,PD,1101,60692,43,1926,3429,407984,1185,65949,602,49115
2021-11-05,podlaskie,PD,966,61658,12,1938,3027,411011,1034,66983,855,49970
2021-11-06,podlaskie,PD,991,62649,17,1955,3075,414086,1047,68030,783,50753
2021-11-07,podlaskie,PD,636,63285,1,1956,1957,416043,676,68706,719,51472
2021-11-08,podlaskie,PD,347,63632,0,1956,1204,417247,384,69090,679,52151
2021-11-09,podlaskie,PD,639,64271,10,1966,2502,419749,699,69789,619,52770
2021-11-10,podlaskie,PD,1056,65327,20,1986,3205,422954,1108,70897,352,53122
2021-11-11,podlaskie,PD,906,66233,31,2017,3030,425984,974,71871,352,53474
2021-11-12,podlaskie,PD,512,66745,5,2022,1483,427467,558,72429,665,54139
2021-11-13,podlaskie,PD,671,67416,10,2032,2347,429814,726,73155,1166,55305
2021-11-14,podlaskie,PD,630,68046,6,2038,1689,431503,669,73824,921,56226
2021-11-15,podlaskie,PD,333,68379,0,2038,1170,432673,370,74194,976,57202
2021-11-16,podlaskie,PD,724,69103,21,2059,2581,435254,801,74995,690,57892
2021-11-17,podlaskie,PD,983,70086,27,2086,2956,438210,1057,76052,422,58314
2021-11-18,podlaskie,PD,888,70974,33,2119,2799,441009,954,77006,703,59017
2021-11-19,podlaskie,PD,811,71785,18,2137,2671,443680,861,77867,1096,60113
2021-11-20,podlaskie,PD,743,72528,28,2165,2934,446614,800,78667,906,61019
2021-11-21,podlaskie,PD,538,73066,3,2168,1700,448314,585,79252,533,61552
2021-11-22,podlaskie,PD,302,73368,0,2168,1116,449430,332,79584,673,62225
2021-11-23,podlaskie,PD,621,73989,35,2203,2457,451887,684,80268,668,62893
2021-11-24,podlaskie,PD,863,74852,33,2236,2822,454709,917,81185,402,63295
2021-11-25,podlaskie,PD,727,75579,26,2262,2728,457437,806,81991,811,64106
2021-11-26,podlaskie,PD,656,76235,33,2295,2692,460129,719,82710,938,65044
2021-11-27,podlaskie,PD,638,76873,17,2312,2626,462755,688,83398,966,66010
2021-11-28,podlaskie,PD,402,77275,4,2316,1543,464298,433,83831,783,66793
2021-11-29,podlaskie,PD,192,77467,0,2316,1022,465320,227,84058,707,67500
2021-11-30,podlaskie,PD,476,77943,47,2363,2520,467840,520,84578,604,68104
2021-12-01,podlaskie,PD,671,78614,27,2390,2775,470615,717,85295,348,68452
2021-12-02,podlaskie,PD,567,79181,33,2423,2597,473212,610,85905,644,69096
2021-12-03,podlaskie,PD,562,79743,22,2445,2331,475543,602,86507,856,69952
2021-12-04,podlaskie,PD,469,80212,24,2469,2274,477817,518,87025,822,70774
2021-12-05,podlaskie,PD,308,80520,0,2469,1363,479180,333,87358,664,71438
2021-12-06,podlaskie,PD,148,80668,0,2469,1014,480194,170,87528,629,72067
2021-12-07,podlaskie,PD,307,80975,18,2487,2231,482425,358,87886,466,72533
2021-12-08,podlaskie,PD,539,81514,43,2530,2533,484958,574,88460,245,72778
2021-12-09,podlaskie,PD,400,81914,29,2559,2142,487100,439,88899,520,73298
2021-12-10,podlaskie,PD,422,82336,30,2589,2291,489391,463,89362,661,73959
2021-12-11,podlaskie,PD,309,82645,11,2600,2008,491399,335,89697,612,74571
2021-12-12,podlaskie,PD,189,82834,5,2605,1188,492587,202,89899,554,75125
2021-12-13,podlaskie,PD,112,82946,1,2606,788,493375,123,90022,485,75610
2021-12-14,podlaskie,PD,275,83221,18,2624,2209,495584,304,90326,343,75953
2021-12-15,podlaskie,PD,371,83592,18,2642,2316,497900,395,90721,192,76145
2021-12-16,podlaskie,PD,276,83868,25,2667,2069,499969,296,91017,332,76477
2021-12-17,podlaskie,PD,226,84094,14,2681,2113,502082,250,91267,547,77024
2021-12-18,podlaskie,PD,252,84346,12,2693,2063,504145,287,91554,460,77484
2021-12-19,podlaskie,PD,171,84517,3,2696,1235,505380,186,91740,422,77906
2021-12-20,podlaskie,PD,79,84596,1,2697,1064,506444,93,91833,312,78218
2021-12-21,podlaskie,PD,212,84808,13,2710,1944,508388,232,92065,222,78440
2021-12-22,podlaskie,PD,227,85035,15,2725,2041,510429,249,92314,135,78575
2021-12-23,podlaskie,PD,169,85204,25,2750,1847,512276,195,92509,290,78865
2021-12-24,podlaskie,PD,189,85393,16,2766,1648,513924,208,92717,393,79258
2021-12-25,podlaskie,PD,120,85513,4,2770,955,514879,138,92855,275,79533
2021-12-26,podlaskie,PD,59,85572,0,2770,659,515538,62,92917,227,79760
2021-12-27,podlaskie,PD,63,85635,0,2770,771,516309,72,92989,254,80014
2021-12-28,podlaskie,PD,171,85806,13,2783,2072,518381,192,93181,200,80214
2021-12-29,podlaskie,PD,256,86062,23,2806,2285,520666,288,93469,98,80312
2021-12-30,podlaskie,PD,169,86231,21,2827,2014,522680,191,93660,222,80534
2021-12-31,podlaskie,PD,200,86431,11,2838,1910,524590,233,93893,232,80766
2022-01-01,podlaskie,PD,160,86591,22,2860,1494,526084,174,94067,200,80966
2022-01-02,podlaskie,PD,65,86656,3,2863,858,526942,76,94143,180,81146
2022-01-03,podlaskie,PD,104,86760,0,2863,1192,528134,116,94259,124,81270
2022-01-04,podlaskie,PD,231,86991,2,2865,2450,530584,254,94513,88,81358
2022-01-05,podlaskie,PD,297,87288,13,2878,2630,533214,337,94850,72,81430
2022-01-06,podlaskie,PD,267,87555,9,2887,2104,535318,300,95150,181,81611
2022-01-07,podlaskie,PD,118,87673,3,2890,1049,536367,133,95283,264,81875
2022-01-08,podlaskie,PD,201,87874,4,2894,2002,538369,224,95507,182,82057
2022-01-09,podlaskie,PD,211,88085,0,2894,1569,539938,242,95749,216,82273
2022-01-10,podlaskie,PD,55,88140,0,2894,901,540839,71,95820,158,82431
2022-01-11,podlaskie,PD,237,88377,8,2902,2369,543208,277,96097,90,82521
2022-01-12,podlaskie,PD,280,88657,16,2918,2147,545355,317,96414,126,82647
2022-01-13,podlaskie,PD,279,88936,8,2926,2139,547494,324,96738,251,82898
2022-01-14,podlaskie,PD,224,89160,13,2939,1929,549423,257,96995,293,83191
2022-01-15,podlaskie,PD,257,89417,10,2949,1898,551321,284,97279,302,83493
2022-01-16,podlaskie,PD,222,89639,1,2950,1276,552597,243,97522,123,83616
2022-01-17,podlaskie,PD,121,89760,1,2951,1035,553632,148,97670,214,83830
2022-01-18,podlaskie,PD,374,90134,4,2955,2462,556094,438,98108,240,84070
2022-01-19,podlaskie,PD,517,90651,10,2965,2759,558853,635,98743,71,84141
2022-01-20,podlaskie,PD,595,91246,5,2970,2533,561386,712,99455,250,84391
2022-01-21,podlaskie,PD,584,91830,7,2977,2991,564377,703,100158,309,84700
2022-01-22,podlaskie,PD,817,92647,6,2983,3648,568025,936,101094,313,85013
2022-01-23,podlaskie,PD,453,93100,1,2984,1916,569941,537,101631,245,85258
2022-01-24,podlaskie,PD,376,93476,0,2984,1582,571523,443,102074,259,85517
2022-01-25,podlaskie,PD,919,94395,3,2987,3576,575099,1137,103211,244,85761
2022-01-26,podlaskie,PD,1258,95653,9,2996,3845,578944,1499,104710,146,85907
2022-01-27,podlaskie,PD,1187,96840,8,3004,4209,583153,1395,106105,421,86328
2022-01-28,podlaskie,PD,1207,98047,6,3010,4214,587367,1448,107553,595,86923
2022-01-29,podlaskie,PD,1258,99305,8,3018,4417,591784,1480,109033,724,87647
2022-01-30,podlaskie,PD,754,100059,1,3019,2564,594348,882,109915,684,88331
2022-01-31,podlaskie,PD,488,100547,0,3019,1863,596211,573,110488,861,89192
2022-02-01,podlaskie,PD,1079,101626,6,3025,3887,600098,1279,111767,559,89751
2022-02-02,podlaskie,PD,1444,103070,5,3030,4607,604705,1683,113450,499,90250
2022-02-03,podlaskie,PD,1274,104344,12,3042,4224,608929,1519,114969,1034,91284
2022-02-04,podlaskie,PD,1106,105450,6,3048,3920,612849,1303,116272,1442,92726
2022-02-05,podlaskie,PD,1025,106475,4,3052,3822,616671,1195,117467,1367,94093
2022-02-06,podlaskie,PD,561,107036,1,3053,2334,619005,668,118135,1373,95466
2022-02-07,podlaskie,PD,408,107444,0,3053,1843,620848,485,118620,1432,96898
2022-02-08,podlaskie,PD,962,108406,7,3060,3674,624522,1020,119640,926,97824
2022-02-09,podlaskie,PD,1142,109548,9,3069,3902,628424,1212,120852,695,98519
2022-02-10,podlaskie,PD,903,110451,10,3079,3299,631723,948,121800,1333,99852
2022-02-11,podlaskie,PD,735,111186,5,3084,2944,634667,790,122590,1622,101474
2022-02-12,podlaskie,PD,767,111953,8,3092,2998,637665,814,123404,1445,102919
2022-02-13,podlaskie,PD,397,112350,0,3092,1610,639275,430,123834,1202,104121
2022-02-14,podlaskie,PD,228,112578,0,3092,1438,640713,277,124111,1153,105274
2022-02-15,podlaskie,PD,594,113172,5,3097,2630,643343,671,124782,720,105994
2022-02-16,podlaskie,PD,737,113909,8,3105,2854,646197,775,125557,580,106574
2022-02-17,podlaskie,PD,660,114569,8,3113,2939,649136,744,126301,943,107517
2022-02-18,podlaskie,PD,652,115221,6,3119,2844,651980,722,127023,1085,108602
2022-02-19,podlaskie,PD,487,115708,8,3127,2475,654455,547,127570,935,109537
2022-02-20,podlaskie,PD,292,116000,1,3128,1384,655839,331,127901,682,110219
2022-02-21,podlaskie,PD,218,116218,0,3128,1310,657149,256,128157,799,111018
2022-02-22,podlaskie,PD,462,116680,10,3138,2849,659998,516,128673,1146,112164
2022-02-23,podlaskie,PD,448,117128,20,3158,2776,662774,513,129186,919,113083
2022-02-24,podlaskie,PD,446,117574,6,3164,2595,665369,492,129678,1063,114146
2022-02-25,podlaskie,PD,319,117893,8,3172,2106,667475,342,130020,523,114669
2022-02-26,podlaskie,PD,368,118261,5,3177,2068,669543,401,130421,351,115020
2022-02-27,podlaskie,PD,150,118411,2,3179,1045,670588,171,130592,197,115217
2022-02-28,podlaskie,PD,119,118530,0,3179,1036,671624,151,130743,470,115687
2022-03-01,podlaskie,PD,307,118837,7,3186,2271,673895,349,131092,489,116176
2022-03-02,podlaskie,PD,344,119181,6,3192,2255,676150,389,131481,456,116632
2022-03-03,podlaskie,PD,346,119527,6,3198,2055,678205,385,131866,348,116980
2022-03-04,podlaskie,PD,241,119768,4,3202,1719,679924,272,132138,385,117365
2022-03-05,podlaskie,PD,283,120051,4,3206,1910,681834,320,132458,202,117567
2022-03-06,podlaskie,PD,129,120180,0,3206,1050,682884,170,132628,132,117699
2022-03-07,podlaskie,PD,87,120267,0,3206,1143,684027,112,132740,295,117994
2022-03-08,podlaskie,PD,335,120602,6,3212,2483,686510,381,133121,351,118345
2022-03-09,podlaskie,PD,328,120930,6,3218,2090,688600,364,133485,363,118708
2022-03-10,podlaskie,PD,268,121198,3,3221,2099,690699,301,133786,257,118965
2022-03-11,podlaskie,PD,227,121425,4,3225,1671,692370,249,134035,294,119259
2022-03-12,podlaskie,PD,240,121665,1,3226,1647,694017,259,134294,169,119428
2022-03-13,podlaskie,PD,114,121779,0,3226,951,694968,127,134421,104,119532
2022-03-14,podlaskie,PD,84,121863,0,3226,820,695788,96,134517,326,119858
2022-03-15,podlaskie,PD,252,122115,3,3229,2398,698186,283,134800,348,120206
2022-03-16,podlaskie,PD,252,122367,3,3232,1991,700177,276,135076,281,120487
2022-03-17,podlaskie,PD,242,122609,2,3234,1868,702045,267,135343,241,120728
2022-03-18,podlaskie,PD,209,122818,0,3234,1641,703686,231,135574,241,120969
2022-03-19,podlaskie,PD,223,123041,4,3238,1591,705277,242,135816,129,121098
2022-03-20,podlaskie,PD,95,123136,0,3238,796,706073,103,135919,91,121189
2022-03-21,podlaskie,PD,59,123195,0,3238,775,706848,67,135986,261,121450
2022-03-22,podlaskie,PD,198,123393,4,3242,1877,708725,223,136209,268,121718
2022-03-23,podlaskie,PD,230,123623,0,3242,1734,710459,259,136468,249,121967
2022-03-24,podlaskie,PD,171,123794,4,3246,1646,712105,188,136656,215,122182
2022-03-25,podlaskie,PD,132,123926,3,3249,1464,713569,143,136799,240,122422
2022-03-26,podlaskie,PD,149,124075,3,3252,1307,714876,160,136959,109,122531
2022-03-27,podlaskie,PD,63,124138,0,3252,661,715537,64,137023,62,122593
2022-03-28,podlaskie,PD,25,124163,0,3252,640,716177,29,137052,202,122795
2022-03-29,podlaskie,PD,128,124291,3,3255,1911,718088,143,137195,233,123028
2022-03-30,podlaskie,PD,124,124415,6,3261,1243,719331,131,137326,213,123241
2022-03-31,podlaskie,PD,100,124515,2,3263,1373,720704,118,137444,141,123382
2022-04-01,podlaskie,PD,98,124613,2,3265,1207,721911,108,137552,151,123533
2022-04-02,podlaskie,PD,38,124651,4,3269,599,722510,51,137603,55,123588
2022-04-03,podlaskie,PD,13,124664,1,3270,222,722732,17,137620,18,123606
2022-04-04,podlaskie,PD,13,124677,0,3270,352,723084,17,137637,1,123607
2022-04-05,podlaskie,PD,62,124739,1,3271,604,723688,66,137703,3,123610
2022-04-06,podlaskie,PD,36,124775,2,3273,398,724086,37,137740,5,123615
2022-04-07,podlaskie,PD,39,124814,1,3274,433,724519,45,137785,2,123617
2022-04-08,podlaskie,PD,26,124840,1,3275,369,724888,33,137818,2,123619
2022-04-09,podlaskie,PD,31,124871,0,3275,414,725302,35,137853,3,123622
2022-04-10,podlaskie,PD,7,124878,0,3275,159,725461,7,137860,1,123623
2022-04-11,podlaskie,PD,12,124890,0,3275,109,725570,14,137874,0,123623
2022-04-12,podlaskie,PD,54,124944,1,3276,508,726078,63,137937,9,123632
2022-04-13,podlaskie,PD,35,124979,0,3276,429,726507,44,137981,3,123635
2022-04-14,podlaskie,PD,29,125008,1,3277,400,726907,40,138021,4,123639
2022-04-15,podlaskie,PD,29,125037,0,3277,307,727214,32,138053,1,123640
2022-04-16,podlaskie,PD,34,125071,1,3278,359,727573,37,138090,2,123642
2022-04-17,podlaskie,PD,9,125080,0,3278,106,727679,12,138102,0,123642
2022-04-18,podlaskie,PD,18,125098,0,3278,78,727757,19,138121,0,123642
2022-04-19,podlaskie,PD,14,125112,0,3278,94,727851,14,138135,1,123643
2022-04-20,podlaskie,PD,59,125171,0,3278,2988,730839,64,138199,3,123646
2022-04-21,podlaskie,PD,37,125208,0,3278,426,731265,40,138239,3,123649
2022-04-22,podlaskie,PD,41,125249,0,3278,377,731642,44,138283,3,123652
2022-04-23,podlaskie,PD,48,125297,0,3278,425,732067,51,138334,1,123653
2022-04-24,podlaskie,PD,13,125310,0,3278,236,732303,14,138348,0,123653
2022-04-25,podlaskie,PD,11,125321,0,3278,112,732415,11,138359,0,123653
2022-04-26,podlaskie,PD,49,125370,0,3278,488,732903,53,138412,6,123659
2022-04-27,podlaskie,PD,41,125411,2,3280,463,733366,47,138459,9,123668
2022-04-28,podlaskie,PD,33,125444,3,3283,396,733762,35,138494,2,123670
2022-04-29,podlaskie,PD,35,125479,0,3283,358,734120,39,138533,9,123679
2022-04-30,podlaskie,PD,36,125515,0,3283,350,734470,41,138574,3,123682
2022-05-01,podlaskie,PD,11,125526,0,3283,176,734646,17,138591,0,123682
2022-05-02,podlaskie,PD,6,125532,0,3283,96,734742,6,138597,0,123682
2022-05-03,podlaskie,PD,36,125568,0,3283,369,735111,40,138637,1,123683
2022-05-04,podlaskie,PD,6,125574,0,3283,82,735193,7,138644,0,123683
2022-05-05,podlaskie,PD,35,125609,1,3284,488,735681,38,138682,4,123687
2022-05-06,podlaskie,PD,30,125639,0,3284,347,736028,34,138716,1,123688
2022-05-07,podlaskie,PD,30,125669,1,3285,339,736367,33,138749,4,123692
2022-05-08,podlaskie,PD,5,125674,0,3285,136,736503,6,138755,0,123692
2022-05-09,podlaskie,PD,1,125675,0,3285,110,736613,1,138756,0,123692
2022-05-10,podlaskie,PD,34,125709,0,3285,378,736991,39,138795,0,123692
2022-05-11,podlaskie,PD,27,125736,0,3285,273,737264,31,138826,1,123693
2022-05-12,podlaskie,PD,29,125765,0,3285,332,737596,36,138862,3,123696
2022-05-13,podlaskie,PD,13,125778,0,3285,314,737910,20,138882,1,123697
2022-05-14,podlaskie,PD,17,125795,1,3286,289,738199,22,138904,0,123697
2022-05-15,podlaskie,PD,13,125808,0,3286,165,738364,20,138924,1,123698
2022-05-16,podlaskie,PD,4,125812,0,3286,90,738454,5,138929,0,123698
2022-05-17,podlaskie,PD,22,125834,0,3286,373,738827,25,138954,2,123700
2022-05-18,podlaskie,PD,15,125849,1,3287,343,739170,21,138975,0,123700
2022-05-19,podlaskie,PD,12,125861,0,3287,294,739464,14,138989,0,123700
2022-05-20,podlaskie,PD,10,125871,0,3287,251,739715,12,139001,1,123701
2022-05-21,podlaskie,PD,18,125889,0,3287,283,739998,26,139027,0,123701
2022-05-22,podlaskie,PD,2,125891,0,3287,125,740123,2,139029,0,123701
2022-05-23,podlaskie,PD,1,125892,0,3287,83,740206,1,139030,1,123702
2022-05-24,podlaskie,PD,17,125909,0,3287,341,740547,19,139049,5,123707
2022-05-25,podlaskie,PD,9,125918,0,3287,275,740822,11,139060,2,123709
2022-05-26,podlaskie,PD,9,125927,0,3287,248,741070,10,139070,2,123711
2022-05-27,podlaskie,PD,11,125938,0,3287,231,741301,14,139084,0,123711
2022-05-28,podlaskie,PD,13,125951,0,3287,278,741579,15,139099,0,123711
2022-05-29,podlaskie,PD,1,125952,0,3287,124,741703,2,139101,0,123711
2022-05-30,podlaskie,PD,3,125955,0,3287,62,741765,3,139104,0,123711
2022-05-31,podlaskie,PD,17,125972,0,3287,253,742018,20,139124,0,123711
2022-06-01,podlaskie,PD,12,125984,0,3287,218,742236,14,139138,1,123712
2022-06-02,podlaskie,PD,9,125993,0,3287,201,742437,10,139148,0,123712
2022-06-03,podlaskie,PD,13,126006,0,3287,156,742593,13,139161,1,123713
2022-06-04,podlaskie,PD,6,126012,0,3287,156,742749,8,139169,3,123716
2022-06-05,podlaskie,PD,3,126015,0,3287,72,742821,3,139172,0,123716
2022-06-06,podlaskie,PD,3,126018,0,3287,50,742871,3,139175,0,123716
2022-06-07,podlaskie,PD,11,126029,0,3287,174,743045,11,139186,0,123716
2022-06-08,podlaskie,PD,3,126032,0,3287,146,743191,5,139191,0,123716
2022-06-09,podlaskie,PD,11,126043,0,3287,180,743371,11,139202,1,123717
2022-06-10,podlaskie,PD,10,126053,0,3287,115,743486,10,139212,1,123718
2022-06-11,podlaskie,PD,11,126064,0,3287,170,743656,13,139225,0,123718
2022-06-12,podlaskie,PD,7,126071,0,3287,65,743721,8,139233,0,123718
2022-06-13,podlaskie,PD,0,126071,0,3287,28,743749,0,139233,0,123718
2022-06-14,podlaskie,PD,16,126087,2,3289,126,743875,17,139250,0,123718
2022-06-15,podlaskie,PD,14,126101,0,3289,118,743993,16,139266,0,123718
2022-06-16,podlaskie,PD,8,126109,0,3289,110,744103,8,139274,1,123719
2022-06-17,podlaskie,PD,1,126110,0,3289,13,744116,1,139275,0,123719
2022-06-18,podlaskie,PD,7,126117,0,3289,103,744219,12,139287,0,123719
2022-06-19,podlaskie,PD,1,126118,0,3289,53,744272,2,139289,1,123720
2022-06-20,podlaskie,PD,0,126118,0,3289,34,744306,1,139290,0,123720
2022-06-21,podlaskie,PD,14,126132,1,3290,114,744420,16,139306,0,123720
2022-06-22,podlaskie,PD,10,126142,0,3290,117,744537,11,139317,0,123720
2022-06-23,podlaskie,PD,8,126150,0,3290,105,744642,8,139325,1,123721
2022-06-24,podlaskie,PD,11,126161,1,3291,94,744736,11,139336,0,123721
2022-06-25,podlaskie,PD,8,126169,0,3291,122,744858,9,139345,0,123721
2022-06-26,podlaskie,PD,2,126171,0,3291,39,744897,3,139348,0,123721
2022-06-27,podlaskie,PD,1,126172,0,3291,10,744907,1,139349,0,123721
2022-06-28,podlaskie,PD,15,126187,0,3291,106,745013,17,139366,1,123722
2022-06-29,podlaskie,PD,11,126198,0,3291,106,745119,11,139377,0,123722
2022-06-30,podlaskie,PD,12,126210,0,3291,138,745257,12,139389,0,123722
2022-07-01,podlaskie,PD,11,126221,0,3291,101,745358,13,139402,0,123722
2022-07-02,podlaskie,PD,17,126238,0,3291,76,745434,17,139419,1,123723
2022-07-03,podlaskie,PD,4,126242,0,3291,55,745489,9,139428,0,123723
2022-07-04,podlaskie,PD,3,126245,0,3291,33,745522,3,139431,1,123724
2022-07-05,podlaskie,PD,36,126281,0,3291,163,745685,37,139468,0,123724
2022-07-06,podlaskie,PD,36,126317,1,3292,147,745832,36,139504,1,123725
2022-07-07,podlaskie,PD,22,126339,0,3292,111,745943,25,139529,0,123725
2022-07-08,podlaskie,PD,21,126360,0,3292,122,746065,25,139554,0,123725
2022-07-09,podlaskie,PD,25,126385,0,3292,132,746197,25,139579,0,123725
2022-07-10,podlaskie,PD,2,126387,0,3292,30,746227,2,139581,0,123725
2022-07-11,podlaskie,PD,2,126389,0,3292,48,746275,2,139583,0,123725
2022-07-12,podlaskie,PD,51,126440,0,3292,201,746476,52,139635,0,123725
2022-07-13,podlaskie,PD,43,126483,0,3292,178,746654,46,139681,0,123725
2022-07-14,podlaskie,PD,49,126532,0,3292,189,746843,50,139731,0,123725
2022-07-15,podlaskie,PD,24,126556,0,3292,139,746982,27,139758,1,123726
2022-07-16,podlaskie,PD,31,126587,0,3292,168,747150,32,139790,0,123726
2022-07-17,podlaskie,PD,4,126591,0,3292,27,747177,5,139795,0,123726
2022-07-18,podlaskie,PD,5,126596,0,3292,20,747197,6,139801,0,123726
2022-07-19,podlaskie,PD,79,126675,0,3292,222,747419,83,139884,0,123726
2022-07-20,podlaskie,PD,79,126754,0,3292,272,747691,86,139970,0,123726
2022-07-21,podlaskie,PD,86,126840,0,3292,231,747922,88,140058,0,123726
2022-07-22,podlaskie,PD,96,126936,0,3292,319,748241,103,140161,0,123726
2022-07-23,podlaskie,PD,118,127054,0,3292,289,748530,122,140283,0,123726
2022-07-24,podlaskie,PD,14,127068,0,3292,45,748575,14,140297,0,123726
2022-07-25,podlaskie,PD,11,127079,0,3292,41,748616,11,140308,0,123726
2022-07-26,podlaskie,PD,176,127255,0,3292,412,749028,185,140493,0,123726
2022-07-27,podlaskie,PD,139,127394,1,3293,347,749375,150,140643,0,123726
2022-07-28,podlaskie,PD,135,127529,0,3293,353,749728,149,140792,0,123726
2022-07-29,podlaskie,PD,129,127658,0,3293,362,750090,138,140930,1,123727
2022-07-30,podlaskie,PD,144,127802,0,3293,340,750430,156,141086,1,123728
2022-07-31,podlaskie,PD,16,127818,0,3293,65,750495,17,141103,0,123728
2022-08-01,podlaskie,PD,15,127833,0,3293,46,750541,16,141119,0,123728
2022-08-02,podlaskie,PD,239,128072,0,3293,488,751029,250,141369,0,123728
2022-08-03,podlaskie,PD,148,128220,1,3294,430,751459,155,141524,0,123728
2022-08-04,podlaskie,PD,173,128393,1,3295,419,751878,191,141715,0,123728
2022-08-05,podlaskie,PD,164,128557,1,3296,416,752294,180,141895,0,123728
2022-08-06,podlaskie,PD,180,128737,0,3296,442,752736,195,142090,0,123728
2022-08-07,podlaskie,PD,34,128771,0,3296,100,752836,36,142126,0,123728
2022-08-08,podlaskie,PD,17,128788,0,3296,95,752931,19,142145,0,123728
2022-08-09,podlaskie,PD,288,129076,2,3298,579,753510,304,142449,0,123728
2022-08-10,podlaskie,PD,209,129285,0,3298,508,754018,224,142673,0,123728
2022-08-11,podlaskie,PD,208,129493,1,3299,479,754497,226,142899,0,123728
2022-08-12,podlaskie,PD,186,129679,0,3299,422,754919,193,143092,0,123728
2022-08-13,podlaskie,PD,224,129903,0,3299,555,755474,240,143332,0,123728
2022-08-14,podlaskie,PD,34,129937,0,3299,103,755577,38,143370,0,123728
2022-08-15,podlaskie,PD,36,129973,0,3299,106,755683,39,143409,0,123728
2022-08-16,podlaskie,PD,33,130006,0,3299,110,755793,39,143448,0,123728
2022-08-17,podlaskie,PD,383,130389,1,3300,780,756573,392,143840,1,123729
2022-08-18,podlaskie,PD,253,130642,2,3302,582,757155,264,144104,2,123731
2022-08-19,podlaskie,PD,245,130887,2,3304,560,757715,259,144363,3,123734
2022-08-20,podlaskie,PD,252,131139,3,3307,551,758266,261,144624,2,123736
2022-08-21,podlaskie,PD,33,131172,0,3307,107,758373,35,144659,0,123736
2022-08-22,podlaskie,PD,27,131199,0,3307,88,758461,28,144687,0,123736
2022-08-23,podlaskie,PD,293,131492,2,3309,670,759131,307,144994,0,123736
2022-08-24,podlaskie,PD,207,131699,1,3310,497,759628,221,145215,0,123736
2022-08-25,podlaskie,PD,202,131901,0,3310,542,760170,216,145431,0,123736
2022-08-26,podlaskie,PD,132,132033,0,3310,368,760538,147,145578,0,123736
2022-08-27,podlaskie,PD,174,132207,2,3312,419,760957,191,145769,0,123736
2022-08-28,podlaskie,PD,10,132217,0,3312,66,761023,11,145780,0,123736
2022-08-29,podlaskie,PD,23,132240,0,3312,102,761125,34,145814,0,123736
2022-08-30,podlaskie,PD,235,132475,0,3312,608,761733,252,146066,0,123736
2022-08-31,podlaskie,PD,141,132616,2,3314,468,762201,158,146224,0,123736
2022-09-01,podlaskie,PD,152,132768,2,3316,424,762625,169,146393,0,123736
2022-09-02,podlaskie,PD,82,132850,1,3317,233,762858,86,146479,0,123736
2022-09-03,podlaskie,PD,73,132923,0,3317,257,763115,87,146566,0,123736
2022-09-04,podlaskie,PD,9,132932,0,3317,33,763148,10,146576,0,123736
2022-09-05,podlaskie,PD,16,132948,0,3317,49,763197,16,146592,0,123736
2022-09-06,podlaskie,PD,147,133095,0,3317,389,763586,156,146748,0,123736
2022-09-07,podlaskie,PD,81,133176,0,3317,274,763860,91,146839,0,123736
2022-09-08,podlaskie,PD,118,133294,1,3318,334,764194,122,146961,0,123736
2022-09-09,podlaskie,PD,148,133442,0,3318,429,764623,156,147117,0,123736
2022-09-10,podlaskie,PD,112,133554,1,3319,312,764935,124,147241,0,123736
2022-09-11,podlaskie,PD,28,133582,0,3319,76,765011,30,147271,0,123736
2022-09-12,podlaskie,PD,17,133599,0,3319,69,765080,18,147289,0,123736
2022-09-13,podlaskie,PD,166,133765,1,3320,544,765624,177,147466,0,123736
2022-09-14,podlaskie,PD,259,134024,4,3324,706,766330,271,147737,0,123736
2022-09-15,podlaskie,PD,237,134261,0,3324,660,766990,269,148006,0,123736
2022-09-16,podlaskie,PD,129,134390,1,3325,395,767385,138,148144,0,123736
2022-09-17,podlaskie,PD,123,134513,0,3325,337,767722,138,148282,0,123736
2022-09-18,podlaskie,PD,12,134525,0,3325,69,767791,13,148295,0,123736
2022-09-19,podlaskie,PD,16,134541,0,3325,72,767863,17,148312,0,123736
2022-09-20,podlaskie,PD,184,134725,1,3326,654,768517,199,148511,0,123736
2022-09-21,podlaskie,PD,109,134834,1,3327,453,768970,121,148632,0,123736
2022-09-22,podlaskie,PD,199,135033,4,3331,665,769635,245,148877,0,123736
2022-09-23,podlaskie,PD,186,135219,0,3331,553,770188,202,149079,0,123736
2022-09-24,podlaskie,PD,126,135345,2,3333,417,770605,163,149242,0,123736
2022-09-25,podlaskie,PD,12,135357,0,3333,51,770656,14,149256,0,123736
2022-09-26,podlaskie,PD,10,135367,0,3333,72,770728,15,149271,0,123736
2022-09-27,podlaskie,PD,137,135504,3,3336,560,771288,142,149413,0,123736
2022-09-28,podlaskie,PD,115,135619,1,3337,415,771703,128,149541,0,123736
2022-09-29,podlaskie,PD,158,135777,1,3338,558,772261,176,149717,0,123736
2022-09-30,podlaskie,PD,132,135909,4,3342,511,772772,140,149857,0,123736
2022-10-01,podlaskie,PD,133,136042,0,3342,484,773256,141,149998,0,123736
2022-10-02,podlaskie,PD,12,136054,0,3342,43,773299,13,150011,0,123736
2022-10-03,podlaskie,PD,14,136068,0,3342,61,773360,15,150026,0,123736
2022-10-04,podlaskie,PD,171,136239,4,3346,652,774012,183,150209,0,123736
2022-10-05,podlaskie,PD,106,136345,4,3350,497,774509,110,150319,0,123736
2022-10-06,podlaskie,PD,98,136443,1,3351,441,774950,118,150437,0,123736
2022-10-07,podlaskie,PD,101,136544,0,3351,394,775344,103,150540,0,123736
2022-10-08,podlaskie,PD,116,136660,0,3351,483,775827,129,150669,0,123736
2022-10-09,podlaskie,PD,10,136670,0,3351,59,775886,10,150679,0,123736
2022-10-10,podlaskie,PD,7,136677,0,3351,66,775952,8,150687,0,123736
2022-10-11,podlaskie,PD,111,136788,4,3355,584,776536,117,150804,0,123736
2022-10-12,podlaskie,PD,90,136878,2,3357,455,776991,99,150903,0,123736
2022-10-13,podlaskie,PD,62,136940,1,3358,373,777364,67,150970,0,123736
2022-10-14,podlaskie,PD,65,137005,0,3358,352,777716,74,151044,0,123736
2022-10-15,podlaskie,PD,42,137047,1,3359,271,777987,45,151089,0,123736
2022-10-16,podlaskie,PD,9,137056,0,3359,58,778045,11,151100,0,123736
2022-10-17,podlaskie,PD,6,137062,0,3359,77,778122,6,151106,0,123736
2022-10-18,podlaskie,PD,81,137143,0,3359,571,778693,94,151200,0,123736
2022-10-19,podlaskie,PD,63,137206,1,3360,398,779091,68,151268,0,123736
2022-10-20,podlaskie,PD,48,137254,2,3362,307,779398,55,151323,0,123736
2022-10-21,podlaskie,PD,33,137287,4,3366,276,779674,36,151359,0,123736
2022-10-22,podlaskie,PD,29,137316,1,3367,252,779926,33,151392,0,123736
2022-10-23,podlaskie,PD,6,137322,0,3367,56,779982,6,151398,0,123736
2022-10-24,podlaskie,PD,2,137324,0,3367,44,780026,2,151400,0,123736
2022-10-25,podlaskie,PD,51,137375,0,3367,402,780428,60,151460,0,123736
2022-10-26,podlaskie,PD,25,137400,1,3368,298,780726,26,151486,0,123736
2022-10-27,podlaskie,PD,24,137424,1,3369,305,781031,35,151521,0,123736
2022-10-28,podlaskie,PD,21,137445,1,3370,262,781293,23,151544,0,123736
2022-10-29,podlaskie,PD,23,137468,1,3371,246,781539,25,151569,0,123736
2022-10-30,podlaskie,PD,6,137474,0,3371,46,781585,6,151575,0,123736
2022-10-31,podlaskie,PD,2,137476,0,3371,51,781636,2,151577,0,123736
2022-11-01,podlaskie,PD,29,137505,0,3371,301,781937,31,151608,0,123736
2022-11-02,podlaskie,PD,2,137507,0,3371,39,781976,2,151610,0,123736
2022-11-03,podlaskie,PD,26,137533,1,3372,333,782309,28,151638,0,123736
2022-11-04,podlaskie,PD,12,137545,0,3372,257,782566,13,151651,0,123736
2022-11-05,podlaskie,PD,19,137564,4,3376,225,782791,20,151671,0,123736
2022-11-06,podlaskie,PD,2,137566,0,3376,41,782832,2,151673,0,123736
2022-11-07,podlaskie,PD,2,137568,0,3376,44,782876,2,151675,0,123736
2022-11-08,podlaskie,PD,20,137588,0,3376,318,783194,21,151696,0,123736
2022-11-09,podlaskie,PD,11,137599,0,3376,246,783440,13,151709,0,123736
2022-11-10,podlaskie,PD,24,137623,0,3376,243,783683,26,151735,0,123736
2022-11-11,podlaskie,PD,15,137638,0,3376,244,783927,17,151752,0,123736
2022-11-12,podlaskie,PD,3,137641,0,3376,42,783969,3,151755,0,123736
2022-11-13,podlaskie,PD,5,137646,0,3376,33,784002,5,151760,0,123736
2022-11-14,podlaskie,PD,1,137647,0,3376,69,784071,1,151761,0,123736
2022-11-15,podlaskie,PD,31,137678,0,3376,338,784409,32,151793,0,123736
2022-11-16,podlaskie,PD,18,137696,1,3377,235,784644,24,151817,0,123736
2022-11-17,podlaskie,PD,23,137719,0,3377,233,784877,23,151840,0,123736
2022-11-18,podlaskie,PD,11,137730,2,3379,265,785142,18,151858,0,123736
2022-11-19,podlaskie,PD,15,137745,0,3379,156,785298,17,151875,0,123736
2022-11-20,podlaskie,PD,3,137748,0,3379,39,785337,3,151878,0,123736
2022-11-21,podlaskie,PD,3,137751,0,3379,52,785389,3,151881,0,123736
2022-11-22,podlaskie,PD,19,137770,0,3379,299,785688,23,151904,0,123736
2022-11-23,podlaskie,PD,7,137777,1,3380,236,785924,9,151913,0,123736
2022-11-24,podlaskie,PD,27,137804,0,3380,259,786183,30,151943,0,123736
2022-11-25,podlaskie,PD,13,137817,0,3380,196,786379,16,151959,0,123736
2022-11-26,podlaskie,PD,18,137835,1,3381,173,786552,20,151979,0,123736
2022-11-27,podlaskie,PD,5,137840,0,3381,57,786609,5,151984,0,123736
2022-11-28,podlaskie,PD,0,137840,0,3381,46,786655,0,151984,0,123736
2022-11-29,podlaskie,PD,31,137871,2,3383,327,786982,32,152016,0,123736
2022-11-30,podlaskie,PD,22,137893,0,3383,305,787287,23,152039,0,123736
2022-12-01,podlaskie,PD,20,137913,0,3383,240,787527,21,152060,0,123736
2022-12-02,podlaskie,PD,26,137939,0,3383,263,787790,30,152090,0,123736
2022-12-03,podlaskie,PD,18,137957,0,3383,235,788025,22,152112,0,123736
2022-12-04,podlaskie,PD,2,137959,0,3383,36,788061,2,152114,0,123736
2022-12-05,podlaskie,PD,1,137960,0,3383,48,788109,2,152116,0,123736
2022-12-06,podlaskie,PD,30,137990,0,3383,359,788468,32,152148,0,123736
2022-12-07,podlaskie,PD,36,138026,0,3383,288,788756,39,152187,0,123736
2022-12-08,podlaskie,PD,20,138046,0,3383,262,789018,24,152211,0,123736
2022-12-09,podlaskie,PD,9,138055,0,3383,170,789188,10,152221,0,123736
2022-12-10,podlaskie,PD,17,138072,0,3383,244,789432,23,152244,0,123736
2022-12-11,podlaskie,PD,5,138077,0,3383,56,789488,5,152249,0,123736
2022-12-12,podlaskie,PD,7,138084,0,3383,68,789556,9,152258,0,123736
2022-12-13,podlaskie,PD,36,138120,0,3383,442,789998,36,152294,0,123736
2022-12-14,podlaskie,PD,23,138143,0,3383,385,790383,23,152317,0,123736
2022-12-15,podlaskie,PD,18,138161,1,3384,297,790680,20,152337,0,123736
2022-12-16,podlaskie,PD,15,138176,0,3384,247,790927,16,152353,0,123736
2022-12-17,podlaskie,PD,22,138198,2,3386,298,791225,23,152376,0,123736
2022-12-18,podlaskie,PD,1,138199,0,3386,66,791291,1,152377,0,123736
2022-12-19,podlaskie,PD,4,138203,0,3386,49,791340,5,152382,0,123736
2022-12-20,podlaskie,PD,45,138248,1,3387,475,791815,46,152428,0,123736
2022-12-21,podlaskie,PD,22,138270,1,3388,309,792124,24,152452,0,123736
2022-12-22,podlaskie,PD,21,138291,0,3388,274,792398,21,152473,0,123736
2022-12-23,podlaskie,PD,22,138313,0,3388,328,792726,23,152496,0,123736
2022-12-24,podlaskie,PD,10,138323,0,3388,216,792942,10,152506,0,123736
2022-12-25,podlaskie,PD,5,138328,0,3388,78,793020,5,152511,0,123736
2022-12-26,podlaskie,PD,3,138331,0,3388,98,793118,3,152514,0,123736
2022-12-27,podlaskie,PD,3,138334,0,3388,64,793182,3,152517,0,123736
2022-12-28,podlaskie,PD,22,138356,0,3388,354,793536,26,152543,0,123736
2022-12-29,podlaskie,PD,18,138374,1,3389,310,793846,19,152562,0,123736
2022-12-30,podlaskie,PD,17,138391,0,3389,237,794083,18,152580,0,123736
2022-12-31,podlaskie,PD,20,138411,0,3389,259,794342,23,152603,0,123736
2023-01-01,podlaskie,PD,9,138420,0,3389,73,794415,10,152613,0,123736
2023-01-02,podlaskie,PD,4,138424,0,3389,62,794477,4,152617,0,123736
2023-01-03,podlaskie,PD,18,138442,0,3389,294,794771,18,152635,0,123736
2023-01-04,podlaskie,PD,14,138456,0,3389,277,795048,15,152650,0,123736
2023-01-05,podlaskie,PD,9,138465,0,3389,192,795240,9,152659,0,123736
2023-01-06,podlaskie,PD,13,138478,0,3389,214,795454,15,152674,0,123736
2023-01-07,podlaskie,PD,2,138480,0,3389,44,795498,2,152676,0,123736
2023-01-08,podlaskie,PD,1,138481,0,3389,49,795547,1,152677,0,123736
2023-01-09,podlaskie,PD,1,138482,0,3389,53,795600,1,152678,0,123736
2023-01-10,podlaskie,PD,10,138492,0,3389,232,795832,10,152688,0,123736
2023-01-11,podlaskie,PD,7,138499,0,3389,208,796040,7,152695,0,123736
2023-01-12,podlaskie,PD,11,138510,0,3389,169,796209,15,152710,0,123736
2023-01-13,podlaskie,PD,14,138524,0,3389,171,796380,14,152724,0,123736
2023-01-14,podlaskie,PD,9,138533,0,3389,112,796492,9,152733,0,123736
2023-01-15,podlaskie,PD,0,138533,0,3389,16,796508,0,152733,0,123736
2023-01-16,podlaskie,PD,4,138537,0,3389,39,796547,4,152737,0,123736
2023-01-17,podlaskie,PD,14,138551,0,3389,187,796734,15,152752,0,123736
2023-01-18,podlaskie,PD,12,138563,0,3389,172,796906,13,152765,0,123736
2023-01-19,podlaskie,PD,14,138577,0,3389,185,797091,16,152781,0,123736
2023-01-20,podlaskie,PD,5,138582,0,3389,138,797229,7,152788,0,123736
2023-01-21,podlaskie,PD,7,138589,0,3389,124,797353,8,152796,0,123736
2023-01-22,podlaskie,PD,4,138593,0,3389,40,797393,5,152801,0,123736
2023-01-23,podlaskie,PD,1,138594,0,3389,34,797427,1,152802,0,123736
2023-01-24,podlaskie,PD,23,138617,1,3390,201,797628,23,152825,0,123736
2023-01-25,podlaskie,PD,13,138630,0,3390,138,797766,13,152838,0,123736
2023-01-26,podlaskie,PD,17,138647,0,3390,181,797947,17,152855,0,123736
2023-01-27,podlaskie,PD,20,138667,0,3390,128,798075,21,152876,0,123736
2023-01-28,podlaskie,PD,14,138681,0,3390,132,798207,15,152891,0,123736
2023-01-29,podlaskie,PD,0,138681,0,3390,18,798225,0,152891,0,123736
2023-01-30,podlaskie,PD,1,138682,0,3390,22,798247,1,152892,0,123736
2023-01-31,podlaskie,PD,30,138712,0,3390,245,798492,37,152929,0,123736
2023-02-01,podlaskie,PD,29,138741,3,3393,209,798701,31,152960,0,123736
2023-02-02,podlaskie,PD,24,138765,0,3393,171,798872,25,152985,0,123736
2023-02-03,podlaskie,PD,20,138785,0,3393,215,799087,22,153007,0,123736
2023-02-04,podlaskie,PD,20,138805,0,3393,168,799255,21,153028,0,123736
2023-02-05,podlaskie,PD,1,138806,0,3393,32,799287,1,153029,0,123736
2023-02-06,podlaskie,PD,4,138810,0,3393,48,799335,5,153034,0,123736
2023-02-07,podlaskie,PD,38,138848,0,3393,253,799588,42,153076,0,123736
2023-02-08,podlaskie,PD,42,138890,1,3394,221,799809,44,153120,0,123736
2023-02-09,podlaskie,PD,39,138929,0,3394,232,800041,39,153159,0,123736
2023-02-10,podlaskie,PD,28,138957,1,3395,136,800177,28,153187,0,123736
2023-02-11,podlaskie,PD,23,138980,0,3395,144,800321,25,153212,0,123736
2023-02-12,podlaskie,PD,7,138987,0,3395,46,800367,7,153219,0,123736
2023-02-13,podlaskie,PD,5,138992,0,3395,50,800417,6,153225,0,123736
2023-02-14,podlaskie,PD,45,139037,0,3395,207,800624,48,153273,0,123736
2023-02-15,podlaskie,PD,32,139069,0,3395,191,800815,33,153306,0,123736
2023-02-16,podlaskie,PD,54,139123,0,3395,268,801083,59,153365,0,123736
2023-02-17,podlaskie,PD,55,139178,0,3395,203,801286,57,153422,0,123736
2023-02-18,podlaskie,PD,50,139228,0,3395,166,801452,50,153472,0,123736
2023-02-19,podlaskie,PD,8,139236,0,3395,32,801484,8,153480,0,123736
2023-02-20,podlaskie,PD,1,139237,0,3395,26,801510,1,153481,0,123736
2023-02-21,podlaskie,PD,117,139354,0,3395,393,801903,125,153606,0,123736
2023-02-22,podlaskie,PD,93,139447,0,3395,297,802200,111,153717,0,123736
2023-02-23,podlaskie,PD,131,139578,1,3396,334,802534,139,153856,0,123736
2023-02-24,podlaskie,PD,65,139643,0,3396,252,802786,69,153925,0,123736
2023-02-25,podlaskie,PD,90,139733,0,3396,299,803085,111,154036,0,123736
2023-02-26,podlaskie,PD,11,139744,0,3396,44,803129,15,154051,0,123736
2023-02-27,podlaskie,PD,7,139751,0,3396,74,803203,8,154059,0,123736
2023-02-28,podlaskie,PD,124,139875,0,3396,380,803583,132,154191,0,123736
2023-03-01,podlaskie,PD,97,139972,0,3396,349,803932,109,154300,0,123736
2023-03-02,podlaskie,PD,93,140065,0,3396,288,804220,96,154396,0,123736
2023-03-03,podlaskie,PD,136,140201,0,3396,345,804565,150,154546,0,123736
2023-03-04,podlaskie,PD,126,140327,0,3396,341,804906,134,154680,0,123736
2023-03-05,podlaskie,PD,15,140342,0,3396,59,804965,16,154696,0,123736
2023-03-06,podlaskie,PD,15,140357,0,3396,67,805032,18,154714,0,123736
2023-03-07,podlaskie,PD,193,140550,2,3398,506,805538,201,154915,0,123736
2023-03-08,podlaskie,PD,171,140721,1,3399,471,806009,181,155096,0,123736
2023-03-09,podlaskie,PD,160,140881,1,3400,408,806417,185,155281,0,123736
2023-03-10,podlaskie,PD,150,141031,0,3400,382,806799,163,155444,0,123736
2023-03-11,podlaskie,PD,143,141174,0,3400,361,807160,166,155610,0,123736
2023-03-12,podlaskie,PD,9,141183,0,3400,84,807244,11,155621,0,123736
2023-03-13,podlaskie,PD,19,141202,0,3400,92,807336,21,155642,0,123736
2023-03-14,podlaskie,PD,199,141401,1,3401,593,807929,209,155851,0,123736
2023-03-15,podlaskie,PD,159,141560,1,3402,458,808387,164,156015,0,123736
2023-03-16,podlaskie,PD,122,141682,0,3402,386,808773,139,156154,0,123736
2023-03-17,podlaskie,PD,138,141820,1,3403,375,809148,157,156311,0,123736
2023-03-18,podlaskie,PD,142,141962,0,3403,337,809485,147,156458,0,123736
2023-03-19,podlaskie,PD,15,141977,0,3403,79,809564,16,156474,0,123736
2023-03-20,podlaskie,PD,12,141989,0,3403,78,809642,12,156486,0,123736
2023-03-21,podlaskie,PD,181,142170,2,3405,505,810147,202,156688,0,123736
2023-03-22,podlaskie,PD,123,142293,3,3408,451,810598,132,156820,0,123736
2023-03-23,podlaskie,PD,102,142395,1,3409,365,810963,115,156935,0,123736
2023-03-24,podlaskie,PD,94,142489,1,3410,361,811324,104,157039,0,123736
2023-03-25,podlaskie,PD,129,142618,0,3410,342,811666,141,157180,0,123736
2023-03-26,podlaskie,PD,9,142627,0,3410,44,811710,10,157190,0,123736
2023-03-27,podlaskie,PD,7,142634,0,3410,62,811772,7,157197,0,123736
2023-03-28,podlaskie,PD,132,142766,1,3411,468,812240,145,157342,0,123736
2023-03-29,podlaskie,PD,86,142852,1,3412,350,812590,90,157432,0,123736
2023-03-30,podlaskie,PD,70,142922,2,3414,315,812905,73,157505,0,123736
2023-03-31,podlaskie,PD,77,142999,0,3414,400,813305,88,157593,0,123736
2023-04-01,podlaskie,PD,68,143067,0,3414,209,813514,78,157671,0,123736
2023-04-02,podlaskie,PD,12,143079,0,3414,56,813570,14,157685,0,123736
2023-04-03,podlaskie,PD,9,143088,0,3414,63,813633,9,157694,0,123736
2023-04-04,podlaskie,PD,80,143168,0,3414,343,813976,87,157781,0,123736
2023-04-05,podlaskie,PD,55,143223,0,3414,290,814266,59,157840,0,123736
2023-04-06,podlaskie,PD,67,143290,1,3415,256,814522,72,157912,0,123736
2023-04-07,podlaskie,PD,58,143348,0,3415,222,814744,69,157981,0,123736
2023-04-08,podlaskie,PD,46,143394,0,3415,213,814957,49,158030,0,123736
2023-04-09,podlaskie,PD,6,143400,0,3415,55,815012,7,158037,0,123736
2023-04-10,podlaskie,PD,6,143406,0,3415,49,815061,6,158043,0,123736
2023-04-11,podlaskie,PD,8,143414,0,3415,84,815145,8,158051,0,123736
2023-04-12,podlaskie,PD,93,143507,0,3415,317,815462,101,158152,0,123736
2023-04-13,podlaskie,PD,49,143556,0,3415,237,815699,54,158206,0,123736
2023-04-14,podlaskie,PD,59,143615,0,3415,212,815911,60,158266,0,123736
2023-04-15,podlaskie,PD,32,143647,0,3415,155,816066,35,158301,0,123736
2023-04-16,podlaskie,PD,5,143652,0,3415,29,816095,5,158306,0,123736
2023-04-17,podlaskie,PD,4,143656,0,3415,36,816131,5,158311,0,123736
2023-04-18,podlaskie,PD,51,143707,1,3416,297,816428,54,158365,0,123736
2023-04-19,podlaskie,PD,28,143735,0,3416,245,816673,35,158400,0,123736
2023-04-20,podlaskie,PD,26,143761,0,3416,182,816855,28,158428,0,123736
2023-04-21,podlaskie,PD,22,143783,0,3416,152,817007,26,158454,0,123736
2023-04-22,podlaskie,PD,21,143804,0,3416,177,817184,21,158475,0,123736
2023-04-23,podlaskie,PD,4,143808,0,3416,33,817217,4,158479,0,123736
2023-04-24,podlaskie,PD,2,143810,0,3416,46,817263,2,158481,0,123736
2023-04-25,podlaskie,PD,28,143838,3,3419,200,817463,28,158509,0,123736
2023-04-26,podlaskie,PD,16,143854,0,3419,173,817636,22,158531,0,123736
2023-04-27,podlaskie,PD,20,143874,0,3419,158,817794,22,158553,0,123736
2023-04-28,podlaskie,PD,19,143893,1,3420,127,817921,19,158572,0,123736
2023-04-29,podlaskie,PD,13,143906,0,3420,119,818040,14,158586,0,123736
2023-04-30,podlaskie,PD,1,143907,0,3420,34,818074,1,158587,0,123736
2023-05-01,podlaskie,PD,2,143909,0,3420,58,818132,2,158589,0,123736
2023-05-02,podlaskie,PD,0,143909,0,3420,30,818162,0,158589,0,123736
2023-05-03,podlaskie,PD,9,143918,0,3420,99,818261,9,158598,0,123736
2023-05-04,podlaskie,PD,4,143922,0,3420,42,818303,5,158603,0,123736
2023-05-05,podlaskie,PD,22,143944,0,3420,196,818499,24,158627,0,123736
2023-05-06,podlaskie,PD,6,143950,0,3420,103,818602,6,158633,0,123736
2023-05-07,podlaskie,PD,1,143951,0,3420,25,818627,1,158634,0,123736
2023-05-08,podlaskie,PD,2,143953,0,3420,47,818674,2,158636,0,123736
2023-05-09,podlaskie,PD,6,143959,1,3421,123,818797,6,158642,0,123736
2023-05-10,podlaskie,PD,9,143968,0,3421,99,818896,9,158651,0,123736
2023-05-11,podlaskie,PD,14,143982,1,3422,104,819000,14,158665,0,123736
2023-05-12,podlaskie,PD,4,143986,0,3422,116,819116,4,158669,0,123736
2023-05-13,podlaskie,PD,8,143994,0,3422,94,819210,9,158678,0,123736
2023-05-14,podlaskie,PD,1,143995,0,3422,25,819235,1,158679,0,123736
2023-05-15,podlaskie,PD,1,143996,0,3422,40,819275,1,158680,0,123736
2023-05-16,podlaskie,PD,10,144006,1,3423,125,819400,10,158690,0,123736
2023-05-17,podlaskie,PD,6,144012,0,3423,115,819515,7,158697,0,123736
2023-05-18,podlaskie,PD,16,144028,0,3423,113,819628,17,158714,0,123736
2023-05-19,podlaskie,PD,5,144033,0,3423,99,819727,16,158730,0,123736
2023-05-20,podlaskie,PD,5,144038,0,3423,64,819791,5,158735,0,123736
2023-05-21,podlaskie,PD,0,144038,0,3423,16,819807,0,158735,0,123736
2023-05-22,podlaskie,PD,1,144039,0,3423,30,819837,1,158736,0,123736
2023-05-23,podlaskie,PD,23,144062,0,3423,175,820012,25,158761,0,123736
2023-05-24,podlaskie,PD,8,144070,1,3424,84,820096,8,158769,0,123736
2023-05-25,podlaskie,PD,9,144079,0,3424,77,820173,9,158778,0,123736
2023-05-26,podlaskie,PD,4,144083,0,3424,78,820251,8,158786,0,123736
2023-05-27,podlaskie,PD,6,144089,0,3424,90,820341,9,158795,0,123736
2023-05-28,podlaskie,PD,0,144089,0,3424,47,820388,2,158797,0,123736
2023-05-29,podlaskie,PD,1,144090,0,3424,30,820418,2,158799,0,123736
2023-05-30,podlaskie,PD,2,144092,0,3424,100,820518,4,158803,0,123736
2023-05-31,podlaskie,PD,2,144094,0,3424,72,820590,5,158808,0,123736
2023-06-01,podlaskie,PD,3,144097,0,3424,75,820665,5,158813,0,123736
2023-06-02,podlaskie,PD,4,144101,0,3424,67,820732,5,158818,0,123736
2023-06-03,podlaskie,PD,3,144104,0,3424,42,820774,4,158822,0,123736
2023-06-04,podlaskie,PD,0,144104,0,3424,9,820783,1,158823,0,123736
2023-06-05,podlaskie,PD,0,144104,0,3424,19,820802,0,158823,0,123736
2023-06-06,podlaskie,PD,1,144105,0,3424,72,820874,2,158825,0,123736
2023-06-07,podlaskie,PD,3,144108,0,3424,52,820926,4,158829,0,123736
2023-06-08,podlaskie,PD,4,144112,0,3424,85,821011,4,158833,0,123736
2023-06-09,podlaskie,PD,0,144112,0,3424,20,821031,0,158833,0,123736
2023-06-10,podlaskie,PD,2,144114,0,3424,53,821084,3,158836,0,123736
2023-06-11,podlaskie,PD,0,144114,0,3424,19,821103,0,158836,0,123736
2023-06-12,podlaskie,PD,1,144115,0,3424,28,821131,1,158837,0,123736
2023-06-13,podlaskie,PD,4,144119,0,3424,73,821204,4,158841,0,123736
2023-06-14,podlaskie,PD,1,144120,0,3424,71,821275,1,158842,0,123736
2023-06-15,podlaskie,PD,4,144124,0,3424,54,821329,4,158846,0,123736
2023-06-16,podlaskie,PD,1,144125,0,3424,42,821371,1,158847,0,123736
2023-06-17,podlaskie,PD,3,144128,0,3424,59,821430,3,158850,0,123736
2023-06-18,podlaskie,PD,0,144128,0,3424,13,821443,0,158850,0,123736
2023-06-19,podlaskie,PD,0,144128,0,3424,22,821465,0,158850,0,123736
2023-06-20,podlaskie,PD,0,144128,0,3424,72,821537,0,158850,0,123736
2023-06-21,podlaskie,PD,1,144129,0,3424,85,821622,2,158852,0,123736
2023-06-22,podlaskie,PD,1,144130,0,3424,68,821690,1,158853,0,123736
2023-06-23,podlaskie,PD,1,144131,0,3424,52,821742,2,158855,0,123736
2023-06-24,podlaskie,PD,1,144132,0,3424,52,821794,1,158856,0,123736
2023-06-25,podlaskie,PD,0,144132,0,3424,16,821810,0,158856,0,123736
2023-06-26,podlaskie,PD,0,144132,0,3424,24,821834,0,158856,0,123736
2023-06-27,podlaskie,PD,4,144136,0,3424,75,821909,4,158860,0,123736
2023-06-28,podlaskie,PD,0,144136,0,3424,35,821944,1,158861,0,123736
2023-06-29,podlaskie,PD,2,144138,0,3424,78,822022,3,158864,0,123736
2023-06-30,podlaskie,PD,3,144141,0,3424,38,822060,3,158867,0,123736
2023-07-01,podlaskie,PD,0,144141,0,3424,19,822079,0,158867,0,123736
2023-07-02,podlaskie,PD,0,144141,0,3424,0,822079,0,158867,0,123736
2023-07-03,podlaskie,PD,0,144141,0,3424,5,822084,0,158867,0,123736
2023-07-04,podlaskie,PD,0,144141,0,3424,23,822107,1,158868,0,123736
2023-07-05,podlaskie,PD,0,144141,0,3424,8,822115,0,158868,0,123736
2023-07-06,podlaskie,PD,0,144141,0,3424,8,822123,0,158868,0,123736
2023-07-07,podlaskie,PD,0,144141,0,3424,15,822138,0,158868,0,123736
2023-07-08,podlaskie,PD,1,144142,0,3424,33,822171,2,158870,0,123736
2023-07-09,podlaskie,PD,0,144142,0,3424,2,822173,0,158870,0,123736
2023-07-10,podlaskie,PD,0,144142,0,3424,7,822180,0,158870,0,123736
2023-07-11,podlaskie,PD,0,144142,0,3424,11,822191,0,158870,0,123736
2023-07-12,podlaskie,PD,1,144143,0,3424,7,822198,1,158871,0,123736
2023-07-13,podlaskie,PD,0,144143,0,3424,5,822203,0,158871,0,123736
2023-07-14,podlaskie,PD,2,144145,0,3424,9,822212,2,158873,0,123736
2023-07-15,podlaskie,PD,2,144147,0,3424,8,822220,2,158875,0,123736
2023-07-16,podlaskie,PD,0,144147,0,3424,1,822221,0,158875,0,123736
2023-07-17,podlaskie,PD,0,144147,0,3424,4,822225,0,158875,0,123736
2023-07-18,podlaskie,PD,0,144147,0,3424,2,822227,0,158875,0,123736
2023-07-19,podlaskie,PD,1,144148,0,3424,7,822234,1,158876,0,123736
2023-07-20,podlaskie,PD,1,144149,0,3424,6,822240,1,158877,0,123736
2023-07-21,podlaskie,PD,1,144150,0,3424,59,822299,2,158879,0,123736
2023-07-22,podlaskie,PD,1,144151,0,3424,10,822309,1,158880,0,123736
2023-07-23,podlaskie,PD,1,144152,0,3424,4,822313,1,158881,0,123736
2023-07-24,podlaskie,PD,0,144152,0,3424,4,822317,0,158881,0,123736
2023-07-25,podlaskie,PD,2,144154,0,3424,20,822337,2,158883,0,123736
2023-07-26,podlaskie,PD,0,144154,0,3424,4,822341,0,158883,0,123736
2023-07-27,podlaskie,PD,1,144155,0,3424,11,822352,1,158884,0,123736
2023-07-28,podlaskie,PD,0,144155,0,3424,3,822355,0,158884,0,123736
2023-07-29,podlaskie,PD,1,144156,0,3424,5,822360,1,158885,0,123736
2023-07-30,podlaskie,PD,0,144156,0,3424,0,822360,0,158885,0,123736
2023-07-31,podlaskie,PD,0,144156,0,3424,0,822360,0,158885,0,123736
2023-08-01,podlaskie,PD,1,144157,0,3424,28,822388,1,158886,0,123736
2023-08-02,podlaskie,PD,1,144158,0,3424,12,822400,1,158887,0,123736
2023-08-03,podlaskie,PD,2,144160,0,3424,13,822413,2,158889,0,123736
2023-08-04,podlaskie,PD,0,144160,0,3424,10,822423,0,158889,0,123736
2023-08-05,podlaskie,PD,2,144162,0,3424,10,822433,2,158891,0,123736
2023-08-06,podlaskie,PD,0,144162,0,3424,1,822434,0,158891,0,123736
2023-08-07,podlaskie,PD,0,144162,0,3424,4,822438,0,158891,0,123736
2023-08-08,podlaskie,PD,1,144163,0,3424,9,822447,1,158892,0,123736
2023-08-09,podlaskie,PD,1,144164,0,3424,3,822450,1,158893,0,123736
2023-08-10,podlaskie,PD,2,144166,0,3424,11,822461,2,158895,0,123736
2023-08-11,podlaskie,PD,1,144167,0,3424,5,822466,1,158896,0,123736
2023-08-12,podlaskie,PD,2,144169,0,3424,9,822475,2,158898,0,123736
2023-08-13,podlaskie,PD,0,144169,0,3424,4,822479,0,158898,0,123736
2023-08-14,podlaskie,PD,0,144169,0,3424,3,822482,0,158898,0,123736
2023-08-15,podlaskie,PD,2,144171,0,3424,8,822490,2,158900,0,123736
2023-08-16,podlaskie,PD,0,144171,0,3424,1,822491,0,158900,0,123736
2023-08-17,podlaskie,PD,3,144174,0,3424,17,822508,3,158903,0,123736
2023-08-18,podlaskie,PD,1,144175,0,3424,9,822517,1,158904,0,123736
2023-08-19,podlaskie,PD,3,144178,0,3424,15,822532,4,158908,0,123736
2023-08-20,podlaskie,PD,0,144178,0,3424,24,822556,0,158908,0,123736
2023-08-21,podlaskie,PD,0,144178,0,3424,1,822557,0,158908,0,123736
2023-08-22,podlaskie,PD,1,144179,0,3424,21,822578,1,158909,0,123736
2023-08-23,podlaskie,PD,1,144180,0,3424,7,822585,1,158910,0,123736
2023-08-24,podlaskie,PD,3,144183,0,3424,13,822598,3,158913,0,123736
2023-08-25,podlaskie,PD,1,144184,0,3424,12,822610,1,158914,0,123736
2023-08-26,podlaskie,PD,1,144185,0,3424,5,822615,1,158915,0,123736
2023-08-27,podlaskie,PD,0,144185,0,3424,4,822619,0,158915,0,123736
2023-08-28,podlaskie,PD,0,144185,0,3424,0,822619,0,158915,0,123736
2023-08-29,podlaskie,PD,2,144187,0,3424,12,822631,2,158917,0,123736
2023-08-30,podlaskie,PD,1,144188,0,3424,3,822634,1,158918,0,123736
2023-08-31,podlaskie,PD,5,144193,0,3424,14,822648,5,158923,0,123736
2023-09-01,podlaskie,PD,3,144196,0,3424,5,822653,3,158926,0,123736
2023-09-02,podlaskie,PD,3,144199,0,3424,10,822663,3,158929,0,123736
2023-09-03,podlaskie,PD,0,144199,0,3424,10,822673,0,158929,0,123736
2023-09-04,podlaskie,PD,0,144199,0,3424,5,822678,0,158929,0,123736
2023-09-05,podlaskie,PD,5,144204,0,3424,10,822688,5,158934,0,123736
2023-09-06,podlaskie,PD,6,144210,0,3424,18,822706,6,158940,0,123736
2023-09-07,podlaskie,PD,4,144214,0,3424,15,822721,5,158945,0,123736
2023-09-08,podlaskie,PD,7,144221,0,3424,10,822731,7,158952,0,123736
2023-09-09,podlaskie,PD,4,144225,0,3424,19,822750,5,158957,0,123736
2023-09-10,podlaskie,PD,2,144227,0,3424,4,822754,2,158959,0,123736
2023-09-11,podlaskie,PD,1,144228,0,3424,8,822762,1,158960,0,123736
2023-09-12,podlaskie,PD,15,144243,0,3424,43,822805,15,158975,0,123736
2023-09-13,podlaskie,PD,5,144248,0,3424,20,822825,6,158981,0,123736
2023-09-14,podlaskie,PD,10,144258,0,3424,33,822858,10,158991,0,123736
2023-09-15,podlaskie,PD,13,144271,0,3424,28,822886,14,159005,0,123736
2023-09-16,podlaskie,PD,16,144287,0,3424,31,822917,18,159023,0,123736
2023-09-17,podlaskie,PD,0,144287,0,3424,1,822918,0,159023,0,123736
2023-09-18,podlaskie,PD,1,144288,0,3424,6,822924,2,159025,0,123736
2023-09-19,podlaskie,PD,21,144309,0,3424,55,822979,23,159048,0,123736
2023-09-20,podlaskie,PD,21,144330,0,3424,47,823026,21,159069,0,123736
2023-09-21,podlaskie,PD,16,144346,0,3424,45,823071,16,159085,0,123736
2023-09-22,podlaskie,PD,14,144360,0,3424,40,823111,14,159099,0,123736
2023-09-23,podlaskie,PD,24,144384,0,3424,53,823164,27,159126,0,123736
2023-09-24,podlaskie,PD,2,144386,0,3424,8,823172,2,159128,0,123736
2023-09-25,podlaskie,PD,2,144388,0,3424,16,823188,2,159130,0,123736
2023-09-26,podlaskie,PD,26,144414,0,3424,68,823256,26,159156,0,123736
2023-09-27,podlaskie,PD,19,144433,0,3424,40,823296,20,159176,0,123736
2023-09-28,podlaskie,PD,23,144456,0,3424,57,823353,23,159199,0,123736
2023-09-29,podlaskie,PD,16,144472,0,3424,40,823393,16,159215,0,123736
2023-09-30,podlaskie,PD,19,144491,0,3424,33,823426,19,159234,0,123736
2023-10-01,podlaskie,PD,0,144491,0,3424,7,823433,0,159234,0,123736
2023-10-02,podlaskie,PD,1,144492,0,3424,5,823438,1,159235,0,123736
2023-10-03,podlaskie,PD,29,144521,0,3424,54,823492,29,159264,0,123736
2023-10-04,podlaskie,PD,24,144545,0,3424,56,823548,24,159288,0,123736
2023-10-05,podlaskie,PD,22,144567,0,3424,62,823610,23,159311,0,123736
2023-10-06,podlaskie,PD,23,144590,0,3424,55,823665,23,159334,0,123736
2023-10-07,podlaskie,PD,26,144616,0,3424,68,823733,27,159361,0,123736
2023-10-08,podlaskie,PD,0,144616,0,3424,1,823734,0,159361,0,123736
2023-10-09,podlaskie,PD,0,144616,0,3424,5,823739,0,159361,0,123736
2023-10-10,podlaskie,PD,29,144645,0,3424,67,823806,29,159390,0,123736
2023-10-11,podlaskie,PD,19,144664,0,3424,59,823865,19,159409,0,123736
2023-10-12,podlaskie,PD,23,144687,0,3424,50,823915,23,159432,0,123736
2023-10-13,podlaskie,PD,28,144715,0,3424,59,823974,28,159460,0,123736
2023-10-14,podlaskie,PD,24,144739,0,3424,51,824025,26,159486,0,123736
2023-10-15,podlaskie,PD,1,144740,0,3424,12,824037,1,159487,0,123736
2023-10-16,podlaskie,PD,5,144745,0,3424,12,824049,5,159492,0,123736
2023-10-17,podlaskie,PD,52,144797,0,3424,93,824142,53,159545,0,123736
2023-10-18,podlaskie,PD,39,144836,0,3424,74,824216,44,159589,0,123736
2023-10-19,podlaskie,PD,43,144879,0,3424,89,824305,44,159633,0,123736
2023-10-20,podlaskie,PD,39,144918,0,3424,99,824404,40,159673,0,123736
2023-10-21,podlaskie,PD,34,144952,0,3424,91,824495,35,159708,0,123736
2023-10-22,podlaskie,PD,3,144955,0,3424,12,824507,3,159711,0,123736
2023-10-23,podlaskie,PD,4,144959,0,3424,14,824521,4,159715,0,123736
2023-10-24,podlaskie,PD,82,145041,0,3424,131,824652,82,159797,0,123736
2023-10-25,podlaskie,PD,79,145120,0,3424,135,824787,81,159878,0,123736
2023-10-26,podlaskie,PD,68,145188,0,3424,123,824910,69,159947,0,123736
2023-10-27,podlaskie,PD,63,145251,0,3424,135,825045,64,160011,0,123736
2023-10-28,podlaskie,PD,81,145332,0,3424,159,825204,85,160096,0,123736
2023-10-29,podlaskie,PD,1,145333,0,3424,18,825222,1,160097,0,123736
2023-10-30,podlaskie,PD,6,145339,0,3424,12,825234,6,160103,0,123736
2023-10-31,podlaskie,PD,96,145435,0,3424,190,825424,96,160199,0,123736
2023-11-01,podlaskie,PD,81,145516,0,3424,149,825573,81,160280,0,123736
2023-11-02,podlaskie,PD,2,145518,0,3424,18,825591,2,160282,0,123736
2023-11-03,podlaskie,PD,73,145591,0,3424,126,825717,74,160356,0,123736
2023-11-04,podlaskie,PD,99,145690,1,3425,164,825881,99,160455,0,123736
2023-11-05,podlaskie,PD,6,145696,0,3425,13,825894,6,160461,0,123736
2023-11-06,podlaskie,PD,11,145707,0,3425,27,825921,11,160472,0,123736
2023-11-07,podlaskie,PD,138,145845,0,3425,216,826137,139,160611,0,123736
2023-11-08,podlaskie,PD,121,145966,0,3425,201,826338,124,160735,0,123736
2023-11-09,podlaskie,PD,88,146054,0,3425,159,826497,90,160825,0,123736
2023-11-10,podlaskie,PD,72,146126,0,3425,133,826630,74,160899,0,123736
2023-11-11,podlaskie,PD,74,146200,0,3425,155,826785,77,160976,0,123736
2023-11-12,podlaskie,PD,5,146205,0,3425,27,826812,6,160982,0,123736
2023-11-13,podlaskie,PD,14,146219,0,3425,33,826845,14,160996,0,123736
2023-11-14,podlaskie,PD,116,146335,0,3425,233,827078,119,161115,0,123736
2023-11-15,podlaskie,PD,113,146448,0,3425,225,827303,113,161228,0,123736
2023-11-16,podlaskie,PD,101,146549,0,3425,183,827486,104,161332,0,123736
2023-11-17,podlaskie,PD,82,146631,0,3425,168,827654,82,161414,0,123736
2023-11-18,podlaskie,PD,113,146744,0,3425,194,827848,116,161530,0,123736
2023-11-19,podlaskie,PD,14,146758,0,3425,38,827886,25,161555,0,123736
2023-11-20,podlaskie,PD,13,146771,0,3425,55,827941,13,161568,0,123736
2023-11-21,podlaskie,PD,129,146900,0,3425,259,828200,131,161699,0,123736
2023-11-22,podlaskie,PD,110,147010,0,3425,189,828389,111,161810,0,123736
2023-11-23,podlaskie,PD,89,147099,0,3425,173,828562,90,161900,0,123736
2023-11-24,podlaskie,PD,103,147202,0,3425,203,828765,113,162013,0,123736
2023-11-25,podlaskie,PD,109,147311,1,3426,236,829001,112,162125,0,123736
2023-11-26,podlaskie,PD,6,147317,0,3426,23,829024,6,162131,0,123736
2023-11-27,podlaskie,PD,9,147326,0,3426,43,829067,9,162140,0,123736
2023-11-28,podlaskie,PD,161,147487,0,3426,327,829394,167,162307,0,123736
2023-11-29,podlaskie,PD,101,147588,0,3426,211,829605,104,162411,0,123736
2023-11-30,podlaskie,PD,142,147730,0,3426,246,829851,144,162555,0,123736
2023-12-01,podlaskie,PD,101,147831,1,3427,196,830047,103,162658,0,123736
2023-12-02,podlaskie,PD,118,147949,0,3427,210,830257,125,162783,0,123736
2023-12-03,podlaskie,PD,6,147955,0,3427,33,830290,6,162789,0,123736
2023-12-04,podlaskie,PD,10,147965,0,3427,49,830339,10,162799,0,123736
2023-12-05,podlaskie,PD,178,148143,0,3427,313,830652,185,162984,0,123736
2023-12-06,podlaskie,PD,135,148278,0,3427,245,830897,140,163124,0,123736
2023-12-07,podlaskie,PD,116,148394,0,3427,217,831114,118,163242,0,123736
2023-12-08,podlaskie,PD,112,148506,1,3428,211,831325,115,163357,0,123736
2023-12-09,podlaskie,PD,108,148614,0,3428,216,831541,113,163470,0,123736
2023-12-10,podlaskie,PD,7,148621,0,3428,31,831572,8,163478,0,123736
2023-12-11,podlaskie,PD,5,148626,0,3428,30,831602,5,163483,0,123736
2023-12-12,podlaskie,PD,149,148775,1,3429,296,831898,153,163636,0,123736
2023-12-13,podlaskie,PD,125,148900,0,3429,289,832187,129,163765,0,123736
2023-12-14,podlaskie,PD,84,148984,1,3430,198,832385,84,163849,0,123736
2023-12-15,podlaskie,PD,97,149081,1,3431,200,832585,100,163949,0,123736
2023-12-16,podlaskie,PD,108,149189,0,3431,253,832838,114,164063,0,123736
2023-12-17,podlaskie,PD,10,149199,0,3431,58,832896,12,164075,0,123736
2023-12-18,podlaskie,PD,6,149205,0,3431,32,832928,8,164083,0,123736
2023-12-19,podlaskie,PD,129,149334,1,3432,316,833244,132,164215,0,123736
2023-12-20,podlaskie,PD,104,149438,2,3434,191,833435,104,164319,0,123736
2023-12-21,podlaskie,PD,110,149548,0,3434,256,833691,112,164431,0,123736
2023-12-22,podlaskie,PD,85,149633,2,3436,188,833879,85,164516,0,123736
2023-12-23,podlaskie,PD,80,149713,1,3437,192,834071,81,164597,0,123736
2023-12-24,podlaskie,PD,1,149714,0,3437,13,834084,1,164598,0,123736
2023-12-25,podlaskie,PD,5,149719,0,3437,24,834108,6,164604,0,123736
2023-12-26,podlaskie,PD,4,149723,0,3437,34,834142,5,164609,0,123736
2023-12-27,podlaskie,PD,6,149729,0,3437,44,834186,6,164615,0,123736
2023-12-28,podlaskie,PD,100,149829,2,3439,205,834391,102,164717,0,123736
2023-12-29,podlaskie,PD,81,149910,0,3439,174,834565,85,164802,0,123736
2023-12-30,podlaskie,PD,74,149984,0,3439,291,834856,76,164878,0,123736
2023-12-31,podlaskie,PD,3,149987,0,3439,37,834893,3,164881,0,123736
2024-01-01,podlaskie,PD,0,149987,0,3439,24,834917,0,164881,0,123736
2024-01-02,podlaskie,PD,5,149992,0,3439,50,834967,5,164886,0,123736
2024-01-03,podlaskie,PD,80,150072,0,3439,210,835177,80,164966,0,123736
2024-01-04,podlaskie,PD,103,150175,0,3439,421,835598,110,165076,0,123736
2024-01-05,podlaskie,PD,70,150245,0,3439,365,835963,73,165149,0,123736
2024-01-06,podlaskie,PD,41,150286,0,3439,147,836110,43,165192,0,123736
2024-01-07,podlaskie,PD,3,150289,0,3439,47,836157,3,165195,0,123736
2024-01-08,podlaskie,PD,5,150294,0,3439,44,836201,5,165200,0,123736
2024-01-09,podlaskie,PD,40,150334,0,3439,141,836342,43,165243,0,123736
2024-01-10,podlaskie,PD,25,150359,0,3439,118,836460,27,165270,0,123736
2024-01-11,podlaskie,PD,39,150398,1,3440,181,836641,42,165312,0,123736
2024-01-12,podlaskie,PD,34,150432,0,3440,122,836763,34,165346,0,123736
2024-01-13,podlaskie,PD,35,150467,1,3441,141,836904,36,165382,0,123736
2024-01-14,podlaskie,PD,2,150469,0,3441,37,836941,2,165384,0,123736
2024-01-15,podlaskie,PD,2,150471,0,3441,29,836970,2,165386,0,123736
2024-01-16,podlaskie,PD,32,150503,0,3441,181,837151,37,165423,0,123736
2024-01-17,podlaskie,PD,35,150538,0,3441,188,837339,37,165460,0,123736
2024-01-18,podlaskie,PD,30,150568,0,3441,122,837461,31,165491,0,123736
2024-01-19,podlaskie,PD,30,150598,0,3441,169,837630,33,165524,0,123736
2024-01-20,podlaskie,PD,34,150632,0,3441,196,837826,39,165563,0,123736
2024-01-21,podlaskie,PD,2,150634,0,3441,38,837864,2,165565,0,123736
2024-01-22,podlaskie,PD,3,150637,0,3441,43,837907,3,165568,0,123736
2024-01-23,podlaskie,PD,30,150667,0,3441,166,838073,33,165601,0,123736
2024-01-24,podlaskie,PD,41,150708,1,3442,214,838287,42,165643,0,123736
2024-01-25,podlaskie,PD,21,150729,0,3442,133,838420,21,165664,0,123736
2024-01-26,podlaskie,PD,31,150760,1,3443,153,838573,33,165697,0,123736
2024-01-27,podlaskie,PD,22,150782,0,3443,140,838713,22,165719,0,123736
2024-01-28,podlaskie,PD,4,150786,0,3443,54,838767,4,165723,0,123736
2024-01-29,podlaskie,PD,3,150789,0,3443,62,838829,4,165727,0,123736
2024-01-30,podlaskie,PD,36,150825,0,3443,218,839047,40,165767,0,123736
2024-01-31,podlaskie,PD,25,150850,2,3445,145,839192,27,165794,0,123736
2024-02-01,podlaskie,PD,19,150869,0,3445,156,839348,19,165813,0,123736
2024-02-02,podlaskie,PD,18,150887,0,3445,127,839475,19,165832,0,123736
2024-02-03,podlaskie,PD,11,150898,0,3445,136,839611,11,165843,0,123736
2024-02-04,podlaskie,PD,1,150899,0,3445,44,839655,1,165844,0,123736
2024-02-05,podlaskie,PD,0,150899,0,3445,35,839690,0,165844,0,123736
2024-02-06,podlaskie,PD,18,150917,0,3445,213,839903,19,165863,0,123736
2024-02-07,podlaskie,PD,22,150939,0,3445,163,840066,25,165888,0,123736
2024-02-08,podlaskie,PD,11,150950,0,3445,119,840185,12,165900,0,123736
2024-02-09,podlaskie,PD,12,150962,0,3445,136,840321,13,165913,0,123736
2024-02-10,podlaskie,PD,12,150974,0,3445,134,840455,13,165926,0,123736
2024-02-11,podlaskie,PD,3,150977,0,3445,48,840503,4,165930,0,123736
2024-02-12,podlaskie,PD,1,150978,0,3445,52,840555,3,165933,0,123736
2024-02-13,podlaskie,PD,24,151002,0,3445,149,840704,29,165962,0,123736
2024-02-14,podlaskie,PD,15,151017,1,3446,139,840843,16,165978,0,123736
2024-02-15,podlaskie,PD,9,151026,0,3446,122,840965,10,165988,0,123736
2024-02-16,podlaskie,PD,8,151034,0,3446,116,841081,8,165996,0,123736
2024-02-17,podlaskie,PD,9,151043,0,3446,142,841223,9,166005,0,123736
2024-02-18,podlaskie,PD,2,151045,0,3446,29,841252,2,166007,0,123736
2024-02-19,podlaskie,PD,0,151045,0,3446,32,841284,0,166007,0,123736
2024-02-20,podlaskie,PD,10,151055,0,3446,175,841459,14,166021,0,123736
2024-02-21,podlaskie,PD,12,151067,0,3446,129,841588,12,166033,0,123736
2024-02-22,podlaskie,PD,11,151078,0,3446,137,841725,12,166045,0,123736
2024-02-23,podlaskie,PD,8,151086,0,3446,178,841903,8,166053,0,123736
2024-02-24,podlaskie,PD,10,151096,0,3446,152,842055,11,166064,0,123736
2024-02-25,podlaskie,PD,1,151097,0,3446,45,842100,1,166065,0,123736
2024-02-26,podlaskie,PD,0,151097,0,3446,24,842124,0,166065,0,123736
2024-02-27,podlaskie,PD,14,151111,0,3446,185,842309,14,166079,0,123736
2024-02-28,podlaskie,PD,8,151119,0,3446,103,842412,8,166087,0,123736
2024-02-29,podlaskie,PD,5,151124,2,3448,128,842540,5,166092,0,123736
2024-03-01,podlaskie,PD,7,151131,0,3448,93,842633,7,166099,0,123736
2024-03-02,podlaskie,PD,10,151141,0,3448,148,842781,11,166110,0,123736
2024-03-03,podlaskie,PD,0,151141,0,3448,47,842828,0,166110,0,123736
2024-03-04,podlaskie,PD,0,151141,0,3448,27,842855,0,166110,0,123736
2024-03-05,podlaskie,PD,11,151152,0,3448,137,842992,11,166121,0,123736
2024-03-06,podlaskie,PD,5,151157,0,3448,72,843064,5,166126,0,123736
2024-03-07,podlaskie,PD,1,151158,1,3449,98,843162,2,166128,0,123736
2024-03-08,podlaskie,PD,8,151166,0,3449,56,843218,8,166136,0,123736
2024-03-09,podlaskie,PD,4,151170,0,3449,73,843291,4,166140,0,123736
2024-03-10,podlaskie,PD,0,151170,0,3449,33,843324,0,166140,0,123736
2024-03-11,podlaskie,PD,0,151170,0,3449,10,843334,0,166140,0,123736
2024-03-12,podlaskie,PD,7,151177,0,3449,101,843435,7,166147,0,123736
2024-03-13,podlaskie,PD,13,151190,0,3449,98,843533,13,166160,0,123736
2024-03-14,podlaskie,PD,5,151195,0,3449,80,843613,5,166165,0,123736
2024-03-15,podlaskie,PD,3,151198,0,3449,74,843687,3,166168,0,123736
2024-03-16,podlaskie,PD,4,151202,0,3449,62,843749,4,166172,0,123736
2024-03-17,podlaskie,PD,3,151205,0,3449,22,843771,3,166175,0,123736
2024-03-18,podlaskie,PD,1,151206,0,3449,12,843783,1,166176,0,123736
2024-03-19,podlaskie,PD,3,151209,0,3449,76,843859,4,166180,0,123736
2024-03-20,podlaskie,PD,1,151210,0,3449,64,843923,1,166181,0,123736
2024-03-21,podlaskie,PD,4,151214,0,3449,67,843990,5,166186,0,123736
2024-03-22,podlaskie,PD,1,151215,0,3449,57,844047,1,166187,0,123736
2024-03-23,podlaskie,PD,1,151216,0,3449,66,844113,2,166189,0,123736
2024-03-24,podlaskie,PD,0,151216,0,3449,14,844127,0,166189,0,123736
2024-03-25,podlaskie,PD,0,151216,0,3449,10,844137,0,166189,0,123736
2024-03-26,podlaskie,PD,5,151221,0,3449,89,844226,6,166195,0,123736
2024-03-27,podlaskie,PD,6,151227,0,3449,55,844281,6,166201,0,123736
2024-03-28,podlaskie,PD,4,151231,0,3449,70,844351,4,166205,0,123736
2024-03-29,podlaskie,PD,4,151235,0,3449,57,844408,4,166209,0,123736
2024-03-30,podlaskie,PD,9,151244,0,3449,65,844473,9,166218,0,123736
2024-03-31,podlaskie,PD,0,151244,0,3449,24,844497,0,166218,0,123736
2024-04-01,podlaskie,PD,0,151244,0,3449,21,844518,0,166218,0,123736
2024-04-02,podlaskie,PD,0,151244,0,3449,16,844534,0,166218,0,123736
2024-04-03,podlaskie,PD,5,151249,0,3449,71,844605,5,166223,0,123736
2024-04-19,podlaskie,PD,0,151249,0,3449,49,844654,0,166223,0,123736
2024-04-20,podlaskie,PD,0,151249,0,3449,30,844684,0,166223,0,123736
2024-04-21,podlaskie,PD,0,151249,0,3449,14,844698,0,166223,0,123736
2024-04-22,podlaskie,PD,0,151249,0,3449,16,844714,0,166223,0,123736
2024-04-23,podlaskie,PD,1,151250,0,3449,45,844759,1,166224,0,123736
2024-04-24,podlaskie,PD,2,151252,0,3449,29,844788,3,166227,0,123736
2024-04-25,podlaskie,PD,0,151252,0,3449,43,844831,0,166227,0,123736
2024-04-26,podlaskie,PD,1,151253,0,3449,33,844864,1,166228,0,123736
2024-04-27,podlaskie,PD,0,151253,0,3449,34,844898,0,166228,0,123736
2024-04-28,podlaskie,PD,0,151253,0,3449,14,844912,0,166228,0,123736
2024-04-29,podlaskie,PD,0,151253,0,3449,16,844928,0,166228,0,123736
2024-04-30,podlaskie,PD,1,151254,0,3449,29,844957,1,166229,0,123736
2024-05-01,podlaskie,PD,0,151254,0,3449,36,844993,0,166229,0,123736
2024-05-02,podlaskie,PD,0,151254,0,3449,17,845010,0,166229,0,123736
2024-05-03,podlaskie,PD,4,151258,0,3449,29,845039,4,166233,0,123736
2024-05-04,podlaskie,PD,0,151258,0,3449,13,845052,0,166233,0,123736
2024-05-05,podlaskie,PD,0,151258,0,3449,7,845059,0,166233,0,123736
2024-05-06,podlaskie,PD,0,151258,0,3449,7,845066,0,166233,0,123736
2024-05-07,podlaskie,PD,3,151261,0,3449,35,845101,3,166236,0,123736
2024-05-08,podlaskie,PD,0,151261,0,3449,28,845129,0,166236,0,123736
2024-05-09,podlaskie,PD,2,151263,0,3449,19,845148,2,166238,0,123736
2024-05-10,podlaskie,PD,1,151264,0,3449,33,845181,1,166239,0,123736
2024-05-11,podlaskie,PD,1,151265,0,3449,15,845196,1,166240,0,123736
2024-05-12,podlaskie,PD,0,151265,0,3449,5,845201,0,166240,0,123736
2024-05-13,podlaskie,PD,0,151265,0,3449,9,845210,0,166240,0,123736
2024-05-14,podlaskie,PD,3,151268,0,3449,28,845238,3,166243,0,123736
2024-05-15,podlaskie,PD,1,151269,0,3449,11,845249,1,166244,0,123736
2024-05-16,podlaskie,PD,1,151270,0,3449,12,845261,1,166245,0,123736
2024-05-17,podlaskie,PD,1,151271,0,3449,13,845274,1,166246,0,123736
2024-05-18,podlaskie,PD,4,151275,0,3449,15,845289,4,166250,0,123736
2024-05-19,podlaskie,PD,0,151275,0,3449,1,845290,0,166250,0,123736
2024-05-20,podlaskie,PD,0,151275,0,3449,3,845293,0,166250,0,123736
2024-05-21,podlaskie,PD,2,151277,0,3449,22,845315,2,166252,0,123736
2024-05-22,podlaskie,PD,4,151281,0,3449,25,845340,4,166256,0,123736
2024-05-23,podlaskie,PD,2,151283,0,3449,16,845356,2,166258,0,123736
2024-05-24,podlaskie,PD,2,151285,0,3449,6,845362,3,166261,0,123736
2024-05-25,podlaskie,PD,2,151287,0,3449,20,845382,2,166263,0,123736
2024-05-26,podlaskie,PD,0,151287,0,3449,4,845386,0,166263,0,123736
2024-05-27,podlaskie,PD,0,151287,0,3449,0,845386,0,166263,0,123736
2024-05-28,podlaskie,PD,5,151292,0,3449,27,845413,5,166268,0,123736
2024-05-29,podlaskie,PD,1,151293,0,3449,14,845427,1,166269,0,123736
2024-05-30,podlaskie,PD,1,151294,0,3449,13,845440,1,166270,0,123736
2024-05-31,podlaskie,PD,1,151295,0,3449,5,845445,1,166271,0,123736
2024-06-01,podlaskie,PD,4,151299,0,3449,25,845470,4,166275,0,123736
2024-06-02,podlaskie,PD,0,151299,0,3449,4,845474,0,166275,0,123736
2024-06-03,podlaskie,PD,0,151299,0,3449,7,845481,0,166275,0,123736
2024-06-04,podlaskie,PD,3,151302,0,3449,14,845495,3,166278,0,123736
2024-06-05,podlaskie,PD,2,151304,1,3450,30,845525,2,166280,0,123736
2024-06-06,podlaskie,PD,1,151305,0,3450,9,845534,1,166281,0,123736
2024-06-07,podlaskie,PD,1,151306,0,3450,8,845542,1,166282,0,123736
2024-06-08,podlaskie,PD,2,151308,0,3450,13,845555,2,166284,0,123736
2024-06-09,podlaskie,PD,1,151309,0,3450,5,845560,2,166286,0,123736
2024-06-10,podlaskie,PD,0,151309,0,3450,4,845564,0,166286,0,123736
2024-06-11,podlaskie,PD,11,151320,0,3450,19,845583,11,166297,0,123736
2024-06-12,podlaskie,PD,13,151333,0,3450,44,845627,18,166315,0,123736
2024-06-13,podlaskie,PD,4,151337,0,3450,14,845641,5,166320,0,123736
2024-06-14,podlaskie,PD,3,151340,0,3450,17,845658,3,166323,0,123736
2024-06-15,podlaskie,PD,4,151344,0,3450,21,845679,4,166327,0,123736
2024-06-16,podlaskie,PD,0,151344,0,3450,0,845679,0,166327,0,123736
2024-06-17,podlaskie,PD,0,151344,0,3450,10,845689,0,166327,0,123736
2024-06-18,podlaskie,PD,11,151355,0,3450,26,845715,12,166339,0,123736
2024-06-19,podlaskie,PD,11,151366,0,3450,19,845734,11,166350,0,123736
2024-06-20,podlaskie,PD,5,151371,0,3450,23,845757,5,166355,0,123736
2024-06-21,podlaskie,PD,11,151382,0,3450,22,845779,11,166366,0,123736
2024-06-22,podlaskie,PD,6,151388,0,3450,20,845799,6,166372,0,123736
2024-06-23,podlaskie,PD,1,151389,0,3450,2,845801,1,166373,0,123736
2024-06-24,podlaskie,PD,0,151389,0,3450,2,845803,0,166373,0,123736
2024-06-25,podlaskie,PD,9,151398,0,3450,27,845830,9,166382,0,123736
2024-06-26,podlaskie,PD,7,151405,0,3450,30,845860,7,166389,0,123736
2024-06-27,podlaskie,PD,9,151414,0,3450,20,845880,9,166398,0,123736
2024-06-28,podlaskie,PD,5,151419,0,3450,22,845902,5,166403,0,123736
2024-06-29,podlaskie,PD,8,151427,0,3450,21,845923,8,166411,0,123736
2024-06-30,podlaskie,PD,0,151427,0,3450,2,845925,0,166411,0,123736
2024-07-01,podlaskie,PD,0,151427,0,3450,0,845925,0,166411,0,123736
2020-11-24,lubelskie,LU,671,671,8,8,2280,2280,757,757,0,0
2020-11-25,lubelskie,LU,939,1610,52,60,2803,5083,1063,1820,0,0
2020-11-26,lubelskie,LU,1027,2637,30,90,3098,8181,1124,2944,0,0
2020-11-27,lubelskie,LU,801,3438,37,127,2898,11079,870,3814,0,0
2020-11-28,lubelskie,LU,940,4378,37,164,3081,14160,1060,4874,0,0
2020-11-29,lubelskie,LU,622,5000,25,189,1925,16085,664,5538,0,0
2020-11-30,lubelskie,LU,284,5284,13,202,967,17052,317,5855,0,0
2020-12-01,lubelskie,LU,551,5835,36,238,2332,19384,666,6521,0,0
2020-12-02,lubelskie,LU,758,6593,49,287,2840,22224,857,7378,0,0
2020-12-03,lubelskie,LU,794,7387,44,331,2851,25075,894,8272,0,0
2020-12-04,lubelskie,LU,716,8103,34,365,2480,27555,797,9069,0,0
2020-12-05,lubelskie,LU,732,8835,48,413,2720,30275,799,9868,0,0
2020-12-06,lubelskie,LU,352,9187,15,428,1301,31576,372,10240,0,0
2020-12-07,lubelskie,LU,178,9365,7,435,877,32453,216,10456,0,0
2020-12-08,lubelskie,LU,418,9783,17,452,2528,34981,513,10969,0,0
2020-12-09,lubelskie,LU,728,10511,37,489,2761,37742,788,11757,0,0
2020-12-10,lubelskie,LU,619,11130,33,522,2635,40377,668,12425,0,0
2020-12-11,lubelskie,LU,640,11770,15,537,2600,42977,716,13141,0,0
2020-12-12,lubelskie,LU,750,12520,23,560,2930,45907,837,13978,0,0
2020-12-13,lubelskie,LU,378,12898,14,574,1335,47242,405,14383,0,0
2020-12-14,lubelskie,LU,177,13075,11,585,971,48213,206,14589,0,0
2020-12-15,lubelskie,LU,434,13509,14,599,2163,50376,484,15073,0,0
2020-12-16,lubelskie,LU,649,14158,37,636,2838,53214,708,15781,0,0
2020-12-17,lubelskie,LU,702,14860,22,658,2609,55823,759,16540,0,0
2020-12-18,lubelskie,LU,540,15400,21,679,2226,58049,599,17139,0,0
2020-12-19,lubelskie,LU,655,16055,29,708,2365,60414,705,17844,0,0
2020-12-20,lubelskie,LU,303,16358,20,728,1228,61642,325,18169,0,0
2020-12-21,lubelskie,LU,250,16608,0,728,1146,62788,301,18470,0,0
2020-12-22,lubelskie,LU,532,17140,27,755,2291,65079,591,19061,0,0
2020-12-23,lubelskie,LU,573,17713,25,780,2447,67526,645,19706,0,0
2020-12-24,lubelskie,LU,597,18310,72,852,2282,69808,647,20353,477,477
2020-12-25,lubelskie,LU,357,18667,40,892,1483,71291,383,20736,703,1180
2020-12-26,lubelskie,LU,268,18935,7,899,1016,72307,292,21028,590,1770
2020-12-27,lubelskie,LU,103,19038,6,905,611,72918,140,21168,477,2247
2020-12-28,lubelskie,LU,126,19164,3,908,898,73816,154,21322,632,2879
2020-12-29,lubelskie,LU,490,19654,30,938,2232,76048,547,21869,474,3353
2020-12-30,lubelskie,LU,609,20263,37,975,2544,78592,649,22518,177,3530
2020-12-31,lubelskie,LU,564,20827,30,1005,2257,80849,607,23125,568,4098
2021-01-01,lubelskie,LU,387,21214,21,1026,1714,82563,423,23548,627,4725
2021-01-02,lubelskie,LU,279,21493,4,1030,1181,83744,314,23862,533,5258
2021-01-03,lubelskie,LU,206,21699,2,1032,1090,84834,248,24110,335,5593
2021-01-04,lubelskie,LU,141,21840,1,1033,1155,85989,223,24333,266,5859
2021-01-05,lubelskie,LU,447,22287,42,1075,2447,88436,510,24843,199,6058
2021-01-06,lubelskie,LU,657,22944,28,1103,2715,91151,721,25564,190,6248
2021-01-08,lubelskie,LU,403,23347,30,1133,2276,93427,480,26044,579,6827
2021-01-09,lubelskie,LU,512,23859,32,1165,2451,95878,578,26622,562,7389
2021-01-10,lubelskie,LU,379,24238,16,1181,1820,97698,436,27058,316,7705
2021-01-11,lubelskie,LU,138,24376,5,1186,971,98669,176,27234,319,8024
2021-01-12,lubelskie,LU,344,24720,24,1210,2833,101502,389,27623,294,8318
2021-01-13,lubelskie,LU,493,25213,21,1231,3953,105455,537,28160,173,8491
2021-01-14,lubelskie,LU,403,25616,38,1269,3745,109200,441,28601,506,8997
2021-01-15,lubelskie,LU,354,25970,25,1294,3389,112589,398,28999,676,9673
2021-01-16,lubelskie,LU,358,26328,27,1321,3298,115887,409,29408,362,10035
2021-01-17,lubelskie,LU,318,26646,10,1331,2610,118497,344,29752,431,10466
2021-01-18,lubelskie,LU,85,26731,9,1340,776,119273,116,29868,481,10947
2021-01-19,lubelskie,LU,266,26997,38,1378,3030,122303,310,30178,402,11349
2021-01-20,lubelskie,LU,357,27354,32,1410,2222,124525,396,30574,142,11491
2021-01-21,lubelskie,LU,323,27677,24,1434,2122,126647,365,30939,392,11883
2021-01-22,lubelskie,LU,310,27987,22,1456,1870,128517,348,31287,492,12375
2021-01-23,lubelskie,LU,378,28365,16,1472,2127,130644,418,31705,429,12804
2021-01-24,lubelskie,LU,233,28598,15,1487,1515,132159,259,31964,360,13164
2021-01-25,lubelskie,LU,78,28676,2,1489,825,132984,111,32075,363,13527
2021-01-26,lubelskie,LU,336,29012,18,1507,2219,135203,406,32481,360,13887
2021-01-27,lubelskie,LU,358,29370,22,1529,2223,137426,383,32864,122,14009
2021-01-28,lubelskie,LU,354,29724,33,1562,2189,139615,392,33256,275,14284
2021-01-29,lubelskie,LU,264,29988,17,1579,2623,142238,297,33553,350,14634
2021-01-30,lubelskie,LU,318,30306,19,1598,2115,144353,357,33910,379,15013
2021-01-31,lubelskie,LU,227,30533,4,1602,1476,145829,258,34168,282,15295
2021-02-01,lubelskie,LU,69,30602,3,1605,846,146675,89,34257,363,15658
2021-02-02,lubelskie,LU,253,30855,19,1624,2160,148835,295,34552,272,15930
2021-02-03,lubelskie,LU,324,31179,24,1648,2352,151187,357,34909,111,16041
2021-02-04,lubelskie,LU,294,31473,44,1692,1924,153111,333,35242,364,16405
2021-02-05,lubelskie,LU,264,31737,15,1707,2095,155206,299,35541,319,16724
2021-02-06,lubelskie,LU,320,32057,20,1727,2062,157268,353,35894,374,17098
2021-02-07,lubelskie,LU,200,32257,8,1735,1354,158622,212,36106,280,17378
2021-02-08,lubelskie,LU,109,32366,3,1738,1260,159882,133,36239,311,17689
2021-02-09,lubelskie,LU,199,32565,27,1765,2046,161928,234,36473,248,17937
2021-02-10,lubelskie,LU,321,32886,34,1799,2480,164408,364,36837,90,18027
2021-02-11,lubelskie,LU,320,33206,44,1843,2315,166723,349,37186,270,18297
2021-02-12,lubelskie,LU,316,33522,20,1863,2389,169112,349,37535,314,18611
2021-02-13,lubelskie,LU,264,33786,20,1883,2243,171355,294,37829,304,18915
2021-02-14,lubelskie,LU,224,34010,3,1886,1654,173009,238,38067,262,19177
2021-02-15,lubelskie,LU,61,34071,3,1889,888,173897,82,38149,308,19485
2021-02-16,lubelskie,LU,253,34324,13,1902,2280,176177,282,38431,228,19713
2021-02-17,lubelskie,LU,359,34683,17,1919,2498,178675,394,38825,116,19829
2021-02-18,lubelskie,LU,325,35008,18,1937,2383,181058,342,39167,221,20050
2021-02-19,lubelskie,LU,325,35333,21,1958,2418,183476,360,39527,312,20362
2021-02-20,lubelskie,LU,313,35646,16,1974,2230,185706,341,39868,356,20718
2021-02-21,lubelskie,LU,290,35936,9,1983,1627,187333,313,40181,289,21007
2021-02-22,lubelskie,LU,101,36037,3,1986,945,188278,113,40294,256,21263
2021-02-23,lubelskie,LU,327,36364,20,2006,1969,190247,354,40648,261,21524
2021-02-24,lubelskie,LU,449,36813,22,2028,2933,193180,482,41130,98,21622
2021-02-25,lubelskie,LU,432,37245,19,2047,2539,195719,463,41593,252,21874
2021-02-26,lubelskie,LU,406,37651,8,2055,2285,198004,437,42030,350,22224
2021-02-27,lubelskie,LU,407,38058,42,2097,2683,200687,444,42474,337,22561
2021-02-28,lubelskie,LU,325,38383,6,2103,1643,202330,344,42818,326,22887
2021-03-01,lubelskie,LU,95,38478,1,2104,923,203253,108,42926,285,23172
2021-03-02,lubelskie,LU,371,38849,8,2112,2783,206036,422,43348,326,23498
2021-03-03,lubelskie,LU,500,39349,16,2128,2685,208721,534,43882,111,23609
2021-03-04,lubelskie,LU,475,39824,17,2145,2519,211240,512,44394,349,23958
2021-03-05,lubelskie,LU,449,40273,16,2161,2363,213603,484,44878,419,24377
2021-03-06,lubelskie,LU,426,40699,10,2171,2663,216266,463,45341,452,24829
2021-03-07,lubelskie,LU,406,41105,13,2184,1856,218122,428,45769,389,25218
2021-03-08,lubelskie,LU,121,41226,2,2186,1795,219917,158,45927,385,25603
2021-03-09,lubelskie,LU,510,41736,17,2203,3127,223044,564,46491,352,25955
2021-03-10,lubelskie,LU,616,42352,24,2227,3230,226274,645,47136,125,26080
2021-03-11,lubelskie,LU,600,42952,16,2243,2851,229125,650,47786,368,26448
2021-03-12,lubelskie,LU,616,43568,14,2257,3177,232302,660,48446,462,26910
2021-03-13,lubelskie,LU,666,44234,26,2283,3157,235459,710,49156,494,27404
2021-03-14,lubelskie,LU,436,44670,10,2293,2161,237620,471,49627,418,27822
2021-03-15,lubelskie,LU,139,44809,0,2293,1290,238910,175,49802,458,28280
2021-03-16,lubelskie,LU,626,45435,12,2305,3300,242210,674,50476,414,28694
2021-03-17,lubelskie,LU,840,46275,29,2334,3498,245708,882,51358,146,28840
2021-03-18,lubelskie,LU,873,47148,14,2348,3794,249502,935,52293,520,29360
2021-03-19,lubelskie,LU,832,47980,31,2379,3544,253046,895,53188,591,29951
2021-03-20,lubelskie,LU,726,48706,17,2396,3386,256432,777,53965,647,30598
2021-03-21,lubelskie,LU,633,49339,4,2400,2524,258956,654,54619,599,31197
2021-03-22,lubelskie,LU,180,49519,0,2400,1374,260330,206,54825,579,31776
2021-03-23,lubelskie,LU,735,50254,30,2430,3411,263741,810,55635,511,32287
2021-03-24,lubelskie,LU,975,51229,34,2464,3826,267567,1029,56664,203,32490
2021-03-25,lubelskie,LU,969,52198,40,2504,4100,271667,1042,57706,656,33146
2021-03-26,lubelskie,LU,1072,53270,29,2533,3910,275577,1122,58828,860,34006
2021-03-27,lubelskie,LU,1022,54292,20,2553,3939,279516,1078,59906,812,34818
2021-03-28,lubelskie,LU,859,55151,7,2560,3061,282577,907,60813,746,35564
2021-03-29,lubelskie,LU,373,55524,1,2561,1869,284446,415,61228,694,36258
2021-03-30,lubelskie,LU,1008,56532,24,2585,3990,288436,1092,62320,718,36976
2021-03-31,lubelskie,LU,986,57518,47,2632,3848,292284,1031,63351,226,37202
2021-04-01,lubelskie,LU,1313,58831,26,2658,4483,296767,1380,64731,814,38016
2021-04-02,lubelskie,LU,1134,59965,18,2676,3987,300754,1202,65933,1018,39034
2021-04-03,lubelskie,LU,1112,61077,29,2705,3866,304620,1154,67087,1003,40037
2021-04-04,lubelskie,LU,635,61712,4,2709,2227,306847,667,67754,1062,41099
2021-04-05,lubelskie,LU,235,61947,2,2711,1210,308057,310,68064,916,42015
2021-04-06,lubelskie,LU,239,62186,0,2711,1565,309622,304,68368,845,42860
2021-04-07,lubelskie,LU,908,63094,42,2753,4744,314366,973,69341,472,43332
2021-04-08,lubelskie,LU,1085,64179,44,2797,4676,319042,1152,70493,1052,44384
2021-04-09,lubelskie,LU,1062,65241,56,2853,4803,323845,1122,71615,980,45364
2021-04-10,lubelskie,LU,1171,66412,56,2909,5383,329228,1232,72847,1324,46688
2021-04-11,lubelskie,LU,659,67071,8,2917,3543,332771,694,73541,1030,47718
2021-04-12,lubelskie,LU,357,67428,5,2922,1860,334631,390,73931,1101,48819
2021-04-13,lubelskie,LU,816,68244,36,2958,4387,339018,875,74806,701,49520
2021-04-14,lubelskie,LU,1003,69247,34,2992,4638,343656,1051,75857,291,49811
2021-04-15,lubelskie,LU,892,70139,21,3013,4048,347704,940,76797,308,50119
2021-04-16,lubelskie,LU,773,70912,25,3038,3682,351386,822,77619,987,51106
2021-04-17,lubelskie,LU,724,71636,26,3064,4218,355604,777,78396,1127,52233
2021-04-18,lubelskie,LU,476,72112,18,3082,2795,358399,510,78906,1058,53291
2021-04-19,lubelskie,LU,166,72278,0,3082,1470,359869,218,79124,1008,54299
2021-04-20,lubelskie,LU,587,72865,41,3123,3617,363486,636,79760,781,55080
2021-04-21,lubelskie,LU,602,73467,31,3154,3471,366957,637,80397,397,55477
2021-04-22,lubelskie,LU,554,74021,22,3176,3471,370428,596,80993,862,56339
2021-04-23,lubelskie,LU,474,74495,24,3200,2809,373237,512,81505,951,57290
2021-04-24,lubelskie,LU,424,74919,30,3230,3052,376289,462,81967,899,58189
2021-04-25,lubelskie,LU,278,75197,1,3231,2333,378622,302,82269,790,58979
2021-04-26,lubelskie,LU,86,75283,0,3231,1081,379703,109,82378,676,59655
2021-04-27,lubelskie,LU,335,75618,27,3258,3209,382912,367,82745,540,60195
2021-04-28,lubelskie,LU,378,75996,18,3276,3011,385923,404,83149,228,60423
2021-04-29,lubelskie,LU,411,76407,12,3288,3474,389397,442,83591,662,61085
2021-04-30,lubelskie,LU,342,76749,21,3309,3236,392633,376,83967,595,61680
2021-05-01,lubelskie,LU,353,77102,26,3335,3063,395696,382,84349,624,62304
2021-05-02,lubelskie,LU,153,77255,3,3338,1740,397436,168,84517,468,62772
2021-05-03,lubelskie,LU,87,77342,0,3338,1072,398508,96,84613,394,63166
2021-05-04,lubelskie,LU,106,77448,0,3338,1353,399861,126,84739,273,63439
2021-05-05,lubelskie,LU,298,77746,18,3356,2785,402646,333,85072,144,63583
2021-05-06,lubelskie,LU,354,78100,23,3379,3209,405855,375,85447,387,63970
2021-05-07,lubelskie,LU,317,78417,17,3396,3202,409057,340,85787,403,64373
2021-05-08,lubelskie,LU,226,78643,11,3407,2938,411995,242,86029,404,64777
2021-05-09,lubelskie,LU,177,78820,9,3416,2069,414064,192,86221,314,65091
2021-05-10,lubelskie,LU,77,78897,0,3416,1451,415515,84,86305,365,65456
2021-05-11,lubelskie,LU,226,79123,11,3427,3660,419175,255,86560,160,65616
2021-05-12,lubelskie,LU,240,79363,18,3445,3069,422244,259,86819,101,65717
2021-05-13,lubelskie,LU,182,79545,14,3459,2489,424733,210,87029,132,65849
2021-05-14,lubelskie,LU,196,79741,13,3472,3105,427838,208,87237,352,66201
2021-05-15,lubelskie,LU,161,79902,14,3486,2675,430513,177,87414,398,66599
2021-05-16,lubelskie,LU,132,80034,3,3489,2240,432753,137,87551,257,66856
2021-05-17,lubelskie,LU,37,80071,0,3489,1055,433808,45,87596,227,67083
2021-05-18,lubelskie,LU,127,80198,9,3498,2810,436618,139,87735,196,67279
2021-05-19,lubelskie,LU,136,80334,13,3511,2823,439441,157,87892,79,67358
2021-05-20,lubelskie,LU,102,80436,13,3524,2586,442027,116,88008,247,67605
2021-05-21,lubelskie,LU,84,80520,8,3532,2657,444684,98,88106,232,67837
2021-05-22,lubelskie,LU,102,80622,10,3542,2715,447399,112,88218,215,68052
2021-05-23,lubelskie,LU,50,80672,0,3542,1812,449211,59,88277,176,68228
2021-05-24,lubelskie,LU,24,80696,0,3542,1123,450334,28,88305,161,68389
2021-05-25,lubelskie,LU,70,80766,12,3554,2880,453214,85,88390,143,68532
2021-05-26,lubelskie,LU,70,80836,7,3561,2735,455949,80,88470,46,68578
2021-05-27,lubelskie,LU,100,80936,4,3565,3057,459006,128,88598,152,68730
2021-05-28,lubelskie,LU,52,80988,6,3571,2361,461367,64,88662,135,68865
2021-05-29,lubelskie,LU,52,81040,6,3577,2860,464227,64,88726,110,68975
2021-05-30,lubelskie,LU,25,81065,0,3577,1878,466105,30,88756,88,69063
2021-05-31,lubelskie,LU,13,81078,0,3577,1142,467247,18,88774,110,69173
2021-06-01,lubelskie,LU,43,81121,3,3580,2982,470229,55,88829,52,69225
2021-06-02,lubelskie,LU,49,81170,8,3588,2487,472716,53,88882,30,69255
2021-06-03,lubelskie,LU,42,81212,15,3603,2417,475133,51,88933,87,69342
2021-06-04,lubelskie,LU,12,81224,0,3603,1161,476294,17,88950,79,69421
2021-06-05,lubelskie,LU,33,81257,5,3608,2371,478665,40,88990,88,69509
2021-06-06,lubelskie,LU,15,81272,1,3609,1770,480435,18,89008,54,69563
2021-06-07,lubelskie,LU,10,81282,2,3611,1295,481730,16,89024,59,69622
2021-06-08,lubelskie,LU,29,81311,3,3614,3194,484924,38,89062,27,69649
2021-06-09,lubelskie,LU,32,81343,9,3623,2705,487629,35,89097,16,69665
2021-06-10,lubelskie,LU,39,81382,7,3630,2747,490376,50,89147,44,69709
2021-06-11,lubelskie,LU,30,81412,2,3632,2333,492709,34,89181,48,69757
2021-06-12,lubelskie,LU,19,81431,1,3633,2577,495286,26,89207,42,69799
2021-06-13,lubelskie,LU,14,81445,1,3634,1642,496928,17,89224,12,69811
2021-06-14,lubelskie,LU,8,81453,0,3634,1376,498304,10,89234,38,69849
2021-06-15,lubelskie,LU,25,81478,1,3635,2968,501272,33,89267,15,69864
2021-06-16,lubelskie,LU,16,81494,2,3637,2658,503930,16,89283,10,69874
2021-06-17,lubelskie,LU,12,81506,3,3640,2270,506200,16,89299,40,69914
2021-06-18,lubelskie,LU,25,81531,7,3647,2324,508524,27,89326,31,69945
2021-06-19,lubelskie,LU,23,81554,0,3647,2161,510685,25,89351,39,69984
2021-06-20,lubelskie,LU,11,81565,0,3647,1803,512488,11,89362,32,70016
2021-06-21,lubelskie,LU,9,81574,0,3647,972,513460,11,89373,24,70040
2021-06-22,lubelskie,LU,16,81590,1,3648,2954,516414,23,89396,14,70054
2021-06-23,lubelskie,LU,6,81596,8,3656,3104,519518,7,89403,11,70065
2021-06-24,lubelskie,LU,10,81606,2,3658,2410,521928,13,89416,29,70094
2021-06-25,lubelskie,LU,13,81619,3,3661,2001,523929,15,89431,13,70107
2021-06-26,lubelskie,LU,12,81631,5,3666,1762,525691,15,89446,12,70119
2021-06-27,lubelskie,LU,9,81640,0,3666,1178,526869,10,89456,26,70145
2021-06-28,lubelskie,LU,1,81641,0,3666,897,527766,1,89457,21,70166
2021-06-29,lubelskie,LU,6,81647,1,3667,2830,530596,11,89468,10,70176
2021-06-30,lubelskie,LU,7,81654,1,3668,2242,532838,11,89479,2,70178
2021-07-01,lubelskie,LU,3,81657,2,3670,1839,534677,5,89484,13,70191
2021-07-02,lubelskie,LU,6,81663,2,3672,2120,536797,8,89492,7,70198
2021-07-03,lubelskie,LU,6,81669,2,3674,2089,538886,7,89499,13,70211
2021-07-04,lubelskie,LU,2,81671,0,3674,1528,540414,3,89502,13,70224
2021-07-05,lubelskie,LU,1,81672,0,3674,849,541263,1,89503,15,70239
2021-07-06,lubelskie,LU,5,81677,1,3675,2474,543737,8,89511,10,70249
2021-07-07,lubelskie,LU,10,81687,0,3675,1977,545714,11,89522,2,70251
2021-07-08,lubelskie,LU,3,81690,1,3676,1934,547648,5,89527,6,70257
2021-07-09,lubelskie,LU,3,81693,1,3677,1830,549478,7,89534,7,70264
2021-07-10,lubelskie,LU,5,81698,0,3677,1941,551419,5,89539,4,70268
2021-07-11,lubelskie,LU,4,81702,0,3677,1379,552798,5,89544,6,70274
2021-07-12,lubelskie,LU,0,81702,0,3677,1109,553907,2,89546,7,70281
2021-07-13,lubelskie,LU,9,81711,2,3679,2334,556241,10,89556,4,70285
2021-07-14,lubelskie,LU,7,81718,0,3679,1859,558100,8,89564,4,70289
2021-07-15,lubelskie,LU,5,81723,0,3679,2068,560168,9,89573,11,70300
2021-07-16,lubelskie,LU,4,81727,1,3680,1739,561907,6,89579,9,70309
2021-07-17,lubelskie,LU,7,81734,2,3682,2013,563920,9,89588,8,70317
2021-07-18,lubelskie,LU,7,81741,0,3682,1362,565282,7,89595,3,70320
2021-07-19,lubelskie,LU,2,81743,0,3682,901,566183,6,89601,6,70326
2021-07-20,lubelskie,LU,11,81754,0,3682,2400,568583,13,89614,5,70331
2021-07-21,lubelskie,LU,12,81766,0,3682,1947,570530,14,89628,0,70331
2021-07-22,lubelskie,LU,12,81778,0,3682,1858,572388,12,89640,8,70339
2021-07-23,lubelskie,LU,3,81781,2,3684,1813,574201,3,89643,9,70348
2021-07-24,lubelskie,LU,13,81794,2,3686,2145,576346,14,89657,7,70355
2021-07-25,lubelskie,LU,5,81799,0,3686,1281,577627,7,89664,4,70359
2021-07-26,lubelskie,LU,2,81801,0,3686,1197,578824,3,89667,8,70367
2021-07-27,lubelskie,LU,4,81805,0,3686,1955,580779,7,89674,5,70372
2021-07-28,lubelskie,LU,10,81815,1,3687,1816,582595,10,89684,10,70382
2021-07-29,lubelskie,LU,14,81829,0,3687,1642,584237,16,89700,7,70389
2021-07-30,lubelskie,LU,20,81849,0,3687,2028,586265,26,89726,14,70403
2021-07-31,lubelskie,LU,9,81858,0,3687,1934,588199,13,89739,12,70415
2021-08-01,lubelskie,LU,7,81865,0,3687,1391,589590,7,89746,8,70423
2021-08-02,lubelskie,LU,9,81874,0,3687,1054,590644,11,89757,10,70433
2021-08-03,lubelskie,LU,5,81879,0,3687,2151,592795,6,89763,5,70438
2021-08-04,lubelskie,LU,12,81891,1,3688,2052,594847,12,89775,9,70447
2021-08-05,lubelskie,LU,15,81906,0,3688,1631,596478,17,89792,8,70455
2021-08-06,lubelskie,LU,5,81911,1,3689,1909,598387,7,89799,10,70465
2021-08-07,lubelskie,LU,14,81925,1,3690,2026,600413,14,89813,13,70478
2021-08-08,lubelskie,LU,10,81935,0,3690,1604,602017,10,89823,19,70497
2021-08-09,lubelskie,LU,4,81939,0,3690,979,602996,4,89827,13,70510
2021-08-10,lubelskie,LU,23,81962,0,3690,2361,605357,25,89852,10,70520
2021-08-11,lubelskie,LU,16,81978,0,3690,1856,607213,18,89870,6,70526
2021-08-12,lubelskie,LU,19,81997,0,3690,1864,609077,22,89892,6,70532
2021-08-13,lubelskie,LU,12,82009,0,3690,1767,610844,12,89904,12,70544
2021-08-14,lubelskie,LU,11,82020,0,3690,2058,612902,11,89915,14,70558
2021-08-15,lubelskie,LU,7,82027,0,3690,1346,614248,9,89924,14,70572
2021-08-16,lubelskie,LU,2,82029,0,3690,1100,615348,2,89926,12,70584
2021-08-17,lubelskie,LU,16,82045,0,3690,2276,617624,18,89944,11,70595
2021-08-18,lubelskie,LU,13,82058,1,3691,2040,619664,16,89960,1,70596
2021-08-19,lubelskie,LU,13,82071,0,3691,1837,621501,14,89974,27,70623
2021-08-20,lubelskie,LU,8,82079,1,3692,1760,623261,9,89983,19,70642
2021-08-21,lubelskie,LU,10,82089,0,3692,2380,625641,12,89995,19,70661
2021-08-22,lubelskie,LU,4,82093,0,3692,1411,627052,7,90002,13,70674
2021-08-23,lubelskie,LU,3,82096,0,3692,779,627831,3,90005,10,70684
2021-08-24,lubelskie,LU,9,82105,0,3692,2404,630235,13,90018,5,70689
2021-08-25,lubelskie,LU,10,82115,1,3693,2584,632819,12,90030,2,70691
2021-08-26,lubelskie,LU,7,82122,0,3693,1751,634570,9,90039,14,70705
2021-08-27,lubelskie,LU,13,82135,0,3693,1867,636437,15,90054,11,70716
2021-08-28,lubelskie,LU,16,82151,0,3693,2208,638645,22,90076,12,70728
2021-08-29,lubelskie,LU,9,82160,0,3693,1620,640265,12,90088,9,70737
2021-08-30,lubelskie,LU,5,82165,0,3693,1016,641281,6,90094,11,70748
2021-08-31,lubelskie,LU,28,82193,2,3695,2356,643637,31,90125,8,70756
2021-09-01,lubelskie,LU,19,82212,0,3695,1871,645508,27,90152,6,70762
2021-09-02,lubelskie,LU,40,82252,1,3696,1792,647300,45,90197,6,70768
2021-09-03,lubelskie,LU,29,82281,2,3698,2005,649305,38,90235,8,70776
2021-09-04,lubelskie,LU,33,82314,0,3698,1716,651021,38,90273,12,70788
2021-09-05,lubelskie,LU,20,82334,0,3698,1448,652469,21,90294,13,70801
2021-09-06,lubelskie,LU,9,82343,0,3698,827,653296,13,90307,15,70816
2021-09-07,lubelskie,LU,41,82384,1,3699,2613,655909,52,90359,14,70830
2021-09-08,lubelskie,LU,61,82445,0,3699,2117,658026,69,90428,4,70834
2021-09-09,lubelskie,LU,75,82520,1,3700,2024,660050,84,90512,30,70864
2021-09-10,lubelskie,LU,69,82589,0,3700,2121,662171,80,90592,24,70888
2021-09-11,lubelskie,LU,68,82657,0,3700,2278,664449,84,90676,37,70925
2021-09-12,lubelskie,LU,48,82705,0,3700,1517,665966,54,90730,34,70959
2021-09-13,lubelskie,LU,37,82742,0,3700,1109,667075,46,90776,28,70987
2021-09-14,lubelskie,LU,75,82817,0,3700,2552,669627,85,90861,21,71008
2021-09-15,lubelskie,LU,144,82961,8,3708,2474,672101,157,91018,15,71023
2021-09-16,lubelskie,LU,120,83081,1,3709,2241,674342,134,91152,50,71073
2021-09-17,lubelskie,LU,86,83167,1,3710,2185,676527,96,91248,58,71131
2021-09-18,lubelskie,LU,122,83289,2,3712,2590,679117,142,91390,67,71198
2021-09-19,lubelskie,LU,101,83390,0,3712,1825,680942,112,91502,57,71255
2021-09-20,lubelskie,LU,42,83432,0,3712,1041,681983,42,91544,76,71331
2021-09-21,lubelskie,LU,109,83541,1,3713,2660,684643,124,91668,60,71391
2021-09-22,lubelskie,LU,152,83693,5,3718,2533,687176,164,91832,43,71434
2021-09-23,lubelskie,LU,145,83838,0,3718,2562,689738,153,91985,75,71509
2021-09-24,lubelskie,LU,132,83970,2,3720,2318,692056,145,92130,128,71637
2021-09-25,lubelskie,LU,143,84113,2,3722,2765,694821,152,92282,124,71761
2021-09-26,lubelskie,LU,122,84235,0,3722,1572,696393,132,92414,94,71855
2021-09-27,lubelskie,LU,58,84293,0,3722,1067,697460,67,92481,102,71957
2021-09-28,lubelskie,LU,198,84491,5,3727,3140,700600,221,92702,114,72071
2021-09-29,lubelskie,LU,220,84711,3,3730,2844,703444,234,92936,37,72108
2021-09-30,lubelskie,LU,241,84952,4,3734,2645,706089,262,93198,119,72227
2021-10-01,lubelskie,LU,274,85226,5,3739,2948,709037,297,93495,149,72376
2021-10-02,lubelskie,LU,254,85480,5,3744,2840,711877,279,93774,135,72511
2021-10-03,lubelskie,LU,195,85675,0,3744,1735,713612,220,93994,132,72643
2021-10-04,lubelskie,LU,118,85793,0,3744,1233,714845,133,94127,142,72785
2021-10-05,lubelskie,LU,293,86086,9,3753,3391,718236,325,94452,120,72905
2021-10-06,lubelskie,LU,397,86483,9,3762,3310,721546,422,94874,78,72983
2021-10-07,lubelskie,LU,458,86941,7,3769,3293,724839,487,95361,188,73171
2021-10-08,lubelskie,LU,366,87307,10,3779,2627,727466,396,95757,236,73407
2021-10-09,lubelskie,LU,453,87760,4,3783,3268,730734,487,96244,214,73621
2021-10-10,lubelskie,LU,321,88081,0,3783,1862,732596,338,96582,267,73888
2021-10-11,lubelskie,LU,155,88236,0,3783,1179,733775,176,96758,247,74135
2021-10-12,lubelskie,LU,493,88729,16,3799,3368,737143,543,97301,224,74359
2021-10-13,lubelskie,LU,619,89348,10,3809,3666,740809,649,97950,131,74490
2021-10-14,lubelskie,LU,671,90019,18,3827,3735,744544,705,98655,300,74790
2021-10-15,lubelskie,LU,605,90624,11,3838,3319,747863,641,99296,396,75186
2021-10-16,lubelskie,LU,771,91395,9,3847,3692,751555,825,100121,426,75612
2021-10-17,lubelskie,LU,571,91966,0,3847,2243,753798,603,100724,375,75987
2021-10-18,lubelskie,LU,290,92256,0,3847,1602,755400,310,101034,420,76407
2021-10-19,lubelskie,LU,996,93252,11,3858,4338,759738,1040,102074,358,76765
2021-10-20,lubelskie,LU,1248,94500,15,3873,5014,764752,1337,103411,164,76929
2021-10-21,lubelskie,LU,1221,95721,10,3883,4953,769705,1297,104708,493,77422
2021-10-22,lubelskie,LU,1181,96902,11,3894,4729,774434,1254,105962,651,78073
2021-10-23,lubelskie,LU,1444,98346,16,3910,5077,779511,1510,107472,618,78691
2021-10-24,lubelskie,LU,905,99251,1,3911,3139,782650,975,108447,627,79318
2021-10-25,lubelskie,LU,509,99760,0,3911,1889,784539,536,108983,731,80049
2021-10-26,lubelskie,LU,1288,101048,23,3934,5335,789874,1371,110354,582,80631
2021-10-27,lubelskie,LU,1630,102678,27,3961,5660,795534,1716,112070,330,80961
2021-10-28,lubelskie,LU,1480,104158,24,3985,5514,801048,1582,113652,999,81960
2021-10-29,lubelskie,LU,1704,105862,37,4022,5846,806894,1790,115442,1185,83145
2021-10-30,lubelskie,LU,1646,107508,35,4057,5707,812601,1744,117186,1270,84415
2021-10-31,lubelskie,LU,1048,108556,1,4058,3304,815905,1107,118293,1162,85577
2021-11-01,lubelskie,LU,654,109210,1,4059,2169,818074,712,119005,1401,86978
2021-11-02,lubelskie,LU,592,109802,0,4059,2008,820082,647,119652,831,87809
2021-11-03,lubelskie,LU,1754,111556,36,4095,6206,826288,1868,121520,631,88440
2021-11-04,lubelskie,LU,2108,113664,60,4155,6725,833013,2217,123737,1322,89762
2021-11-05,lubelskie,LU,2077,115741,30,4185,6830,839843,2174,125911,1564,91326
2021-11-06,lubelskie,LU,1779,117520,47,4232,6199,846042,1916,127827,1695,93021
2021-11-07,lubelskie,LU,1284,118804,1,4233,3582,849624,1339,129166,1515,94536
2021-11-08,lubelskie,LU,725,119529,0,4233,2650,852274,802,129968,1607,96143
2021-11-09,lubelskie,LU,1601,121130,64,4297,5955,858229,1712,131680,1171,97314
2021-11-10,lubelskie,LU,1908,123038,57,4354,6749,864978,2027,133707,667,97981
2021-11-11,lubelskie,LU,2120,125158,54,4408,6915,871893,2261,135968,685,98666
2021-11-12,lubelskie,LU,772,125930,0,4408,2521,874414,830,136798,1755,100421
2021-11-13,lubelskie,LU,1543,127473,41,4449,4937,879351,1644,138442,2247,102668
2021-11-14,lubelskie,LU,1221,128694,0,4449,3578,882929,1294,139736,1903,104571
2021-11-15,lubelskie,LU,603,129297,0,4449,2157,885086,662,140398,1786,106357
2021-11-16,lubelskie,LU,1827,131124,68,4517,6329,891415,1944,142342,1428,107785
2021-11-17,lubelskie,LU,1934,133058,93,4610,6094,897509,2053,144395,805,108590
2021-11-18,lubelskie,LU,1889,134947,82,4692,7004,904513,2008,146403,1642,110232
2021-11-19,lubelskie,LU,1508,136455,73,4765,5581,910094,1600,148003,1850,112082
2021-11-20,lubelskie,LU,1436,137891,47,4812,5793,915887,1551,149554,2204,114286
2021-11-21,lubelskie,LU,931,138822,0,4812,3571,919458,999,150553,733,115019
2021-11-22,lubelskie,LU,518,139340,0,4812,2130,921588,588,151141,1548,116567
2021-11-23,lubelskie,LU,1570,140910,65,4877,5969,927557,1720,152861,1313,117880
2021-11-24,lubelskie,LU,1503,142413,63,4940,6203,933760,1628,154489,646,118526
2021-11-25,lubelskie,LU,1578,143991,63,5003,6741,940501,1686,156175,1902,120428
2021-11-26,lubelskie,LU,1208,145199,58,5061,5546,946047,1291,157466,1867,122295
2021-11-27,lubelskie,LU,1207,146406,38,5099,5624,951671,1300,158766,1976,124271
2021-11-28,lubelskie,LU,762,147168,0,5099,3137,954808,810,159576,1554,125825
2021-11-29,lubelskie,LU,382,147550,0,5099,1777,956585,436,160012,1421,127246
2021-11-30,lubelskie,LU,1110,148660,67,5166,5628,962213,1189,161201,1002,128248
2021-12-01,lubelskie,LU,1261,149921,66,5232,5557,967770,1339,162540,626,128874
2021-12-02,lubelskie,LU,924,150845,59,5291,5461,973231,999,163539,1650,130524
2021-12-03,lubelskie,LU,1022,151867,38,5329,4878,978109,1109,164648,1510,132034
2021-12-04,lubelskie,LU,1031,152898,42,5371,4945,983054,1124,165772,1675,133709
2021-12-05,lubelskie,LU,504,153402,0,5371,2592,985646,549,166321,1209,134918
2021-12-06,lubelskie,LU,282,153684,0,5371,1947,987593,313,166634,1171,136089
2021-12-07,lubelskie,LU,802,154486,42,5413,4870,992463,879,167513,831,136920
2021-12-08,lubelskie,LU,899,155385,45,5458,5320,997783,966,168479,467,137387
2021-12-09,lubelskie,LU,761,156146,34,5492,5234,1003017,832,169311,1129,138516
2021-12-10,lubelskie,LU,667,156813,37,5529,4500,1007517,732,170043,1273,139789
2021-12-11,lubelskie,LU,778,157591,34,5563,4482,1011999,841,170884,1083,140872
2021-12-12,lubelskie,LU,443,158034,0,5563,2396,1014395,491,171375,1012,141884
2021-12-13,lubelskie,LU,240,158274,0,5563,1849,1016244,272,171647,1045,142929
2021-12-14,lubelskie,LU,738,159012,32,5595,4959,1021203,805,172452,543,143472
2021-12-15,lubelskie,LU,691,159703,35,5630,4776,1025979,750,173202,312,143784
2021-12-16,lubelskie,LU,684,160387,34,5664,4884,1030863,735,173937,909,144693
2021-12-17,lubelskie,LU,581,160968,43,5707,5190,1036053,653,174590,857,145550
2021-12-18,lubelskie,LU,514,161482,26,5733,4014,1040067,567,175157,839,146389
2021-12-19,lubelskie,LU,302,161784,0,5733,2306,1042373,335,175492,680,147069
2021-12-20,lubelskie,LU,176,161960,0,5733,2098,1044471,196,175688,751,147820
2021-12-21,lubelskie,LU,531,162491,41,5774,4652,1049123,596,176284,517,148337
2021-12-22,lubelskie,LU,503,162994,33,5807,4236,1053359,549,176833,255,148592
2021-12-23,lubelskie,LU,463,163457,25,5832,4555,1057914,506,177339,810,149402
2021-12-24,lubelskie,LU,506,163963,34,5866,3652,1061566,556,177895,675,150077
2021-12-25,lubelskie,LU,300,164263,22,5888,2082,1063648,343,178238,698,150775
2021-12-26,lubelskie,LU,126,164389,0,5888,1089,1064737,143,178381,619,151394
2021-12-27,lubelskie,LU,108,164497,1,5889,1721,1066458,129,178510,528,151922
2021-12-28,lubelskie,LU,487,164984,20,5909,4761,1071219,555,179065,337,152259
2021-12-29,lubelskie,LU,483,165467,46,5955,4532,1075751,534,179599,201,152460
2021-12-30,lubelskie,LU,442,165909,33,5988,4262,1080013,479,180078,527,152987
2021-12-31,lubelskie,LU,533,166442,22,6010,4194,1084207,582,180660,536,153523
2022-01-01,lubelskie,LU,474,166916,23,6033,3526,1087733,529,181189,486,154009
2022-01-02,lubelskie,LU,195,167111,0,6033,1852,1089585,221,181410,541,154550
2022-01-03,lubelskie,LU,179,167290,0,6033,2168,1091753,202,181612,257,154807
2022-01-04,lubelskie,LU,536,167826,22,6055,5576,1097329,626,182238,138,154945
2022-01-05,lubelskie,LU,715,168541,28,6083,5650,1102979,806,183044,129,155074
2022-01-06,lubelskie,LU,690,169231,25,6108,5670,1108649,764,183808,531,155605
2022-01-07,lubelskie,LU,400,169631,0,6108,2448,1111097,438,184246,483,156088
2022-01-08,lubelskie,LU,436,170067,13,6121,3698,1114795,496,184742,494,156582
2022-01-09,lubelskie,LU,468,170535,0,6121,3167,1117962,522,185264,524,157106
2022-01-10,lubelskie,LU,255,170790,0,6121,2323,1120285,282,185546,511,157617
2022-01-11,lubelskie,LU,604,171394,31,6152,5187,1125472,688,186234,223,157840
2022-01-12,lubelskie,LU,773,172167,23,6175,5277,1130749,860,187094,207,158047
2022-01-13,lubelskie,LU,747,172914,29,6204,5900,1136649,840,187934,620,158667
2022-01-14,lubelskie,LU,603,173517,15,6219,4523,1141172,687,188621,715,159382
2022-01-15,lubelskie,LU,868,174385,17,6236,5475,1146647,981,189602,778,160160
2022-01-16,lubelskie,LU,490,174875,0,6236,2809,1149456,559,190161,381,160541
2022-01-17,lubelskie,LU,348,175223,0,6236,2323,1151779,406,190567,486,161027
2022-01-18,lubelskie,LU,1274,176497,14,6250,6420,1158199,1450,192017,501,161528
2022-01-19,lubelskie,LU,1362,177859,10,6260,6542,1164741,1565,193582,285,161813
2022-01-20,lubelskie,LU,1543,179402,16,6276,7368,1172109,1760,195342,692,162505
2022-01-21,lubelskie,LU,1697,181099,10,6286,7355,1179464,1955,197297,764,163269
2022-01-22,lubelskie,LU,1800,182899,10,6296,7459,1186923,2033,199330,839,164108
2022-01-23,lubelskie,LU,1506,184405,0,6296,5007,1191930,1703,201033,673,164781
2022-01-24,lubelskie,LU,1147,185552,0,6296,4150,1196080,1298,202331,917,165698
2022-01-25,lubelskie,LU,2451,188003,8,6304,8833,1204913,2822,205153,576,166274
2022-01-26,lubelskie,LU,2999,191002,12,6316,9938,1214851,3400,208553,402,166676
2022-01-27,lubelskie,LU,3282,194284,11,6327,11268,1226119,3804,212357,1390,168066
2022-01-28,lubelskie,LU,3060,197344,9,6336,10089,1236208,3555,215912,1548,169614
2022-01-29,lubelskie,LU,2988,200332,16,6352,10425,1246633,3480,219392,1825,171439
2022-01-30,lubelskie,LU,2317,202649,0,6352,6731,1253364,2663,222055,1895,173334
2022-01-31,lubelskie,LU,1482,204131,0,6352,4952,1258316,1703,223758,1882,175216
2022-02-01,lubelskie,LU,1997,206128,9,6361,7794,1266110,2356,226114,1716,176932
2022-02-02,lubelskie,LU,3690,209818,14,6375,11362,1277472,4281,230395,1281,178213
2022-02-03,lubelskie,LU,2732,212550,15,6390,10130,1287602,3176,233571,2905,181118
2022-02-04,lubelskie,LU,2473,215023,19,6409,9737,1297339,2935,236506,3251,184369
2022-02-05,lubelskie,LU,2297,217320,14,6423,8792,1306131,2719,239225,3775,188144
2022-02-06,lubelskie,LU,1538,218858,0,6423,5394,1311525,1809,241034,3542,191686
2022-02-07,lubelskie,LU,920,219778,0,6423,3780,1315305,1079,242113,3321,195007
2022-02-08,lubelskie,LU,2456,222234,20,6443,8807,1324112,2618,244731,2551,197558
2022-02-09,lubelskie,LU,2427,224661,16,6459,8563,1332675,2533,247264,1734,199292
2022-02-10,lubelskie,LU,2054,226715,13,6472,8333,1341008,2163,249427,3291,202583
2022-02-11,lubelskie,LU,1865,228580,16,6488,7651,1348659,1998,251425,3559,206142
2022-02-12,lubelskie,LU,1555,230135,8,6496,6523,1355182,1667,253092,3199,209341
2022-02-13,lubelskie,LU,802,230937,0,6496,3676,1358858,859,253951,2642,211983
2022-02-14,lubelskie,LU,514,231451,0,6496,2880,1361738,581,254532,2743,214726
2022-02-15,lubelskie,LU,1483,232934,32,6528,6636,1368374,1635,256167,1670,216396
2022-02-16,lubelskie,LU,1272,234206,18,6546,5663,1374037,1404,257571,1249,217645
2022-02-17,lubelskie,LU,1525,235731,17,6563,7427,1381464,1717,259288,2518,220163
2022-02-18,lubelskie,LU,1098,236829,16,6579,5465,1386929,1209,260497,2481,222644
2022-02-19,lubelskie,LU,987,237816,21,6600,5245,1392174,1089,261586,2033,224677
2022-02-20,lubelskie,LU,591,238407,0,6600,3187,1395361,661,262247,1704,226381
2022-02-21,lubelskie,LU,371,238778,0,6600,2317,1397678,429,262676,2051,228432
2022-02-22,lubelskie,LU,1122,239900,16,6616,6169,1403847,1248,263924,2193,230625
2022-02-23,lubelskie,LU,1069,240969,19,6635,5337,1409184,1175,265099,1925,232550
2022-02-24,lubelskie,LU,872,241841,18,6653,5364,1414548,961,266060,1811,234361
2022-02-25,lubelskie,LU,761,242602,13,6666,4569,1419117,828,266888,1078,235439
2022-02-26,lubelskie,LU,730,243332,13,6679,4147,1423264,796,267684,687,236126
2022-02-27,lubelskie,LU,394,243726,0,6679,2570,1425834,420,268104,379,236505
2022-02-28,lubelskie,LU,233,243959,0,6679,1949,1427783,254,268358,1109,237614
2022-03-01,lubelskie,LU,873,244832,22,6701,5061,1432844,961,269319,1153,238767
2022-03-02,lubelskie,LU,712,245544,15,6716,4432,1437276,777,270096,904,239671
2022-03-03,lubelskie,LU,701,246245,18,6734,5043,1442319,768,270864,781,240452
2022-03-04,lubelskie,LU,636,246881,12,6746,4077,1446396,698,271562,786,241238
2022-03-05,lubelskie,LU,712,247593,2,6748,4220,1450616,781,272343,409,241647
2022-03-06,lubelskie,LU,318,247911,0,6748,2054,1452670,341,272684,256,241903
2022-03-07,lubelskie,LU,244,248155,0,6748,2073,1454743,295,272979,880,242783
2022-03-08,lubelskie,LU,954,249109,24,6772,4717,1459460,1007,273986,783,243566
2022-03-09,lubelskie,LU,841,249950,15,6787,4671,1464131,891,274877,712,244278
2022-03-10,lubelskie,LU,778,250728,15,6802,4914,1469045,826,275703,679,244957
2022-03-11,lubelskie,LU,768,251496,10,6812,4109,1473154,816,276519,727,245684
2022-03-12,lubelskie,LU,663,252159,7,6819,4029,1477183,705,277224,384,246068
2022-03-13,lubelskie,LU,484,252643,0,6819,2700,1479883,512,277736,262,246330
2022-03-14,lubelskie,LU,244,252887,0,6819,2052,1481935,262,277998,957,247287
2022-03-15,lubelskie,LU,1023,253910,14,6833,5249,1487184,1091,279089,832,248119
2022-03-16,lubelskie,LU,1007,254917,6,6839,4913,1492097,1059,280148,760,248879
2022-03-17,lubelskie,LU,888,255805,9,6848,5479,1497576,946,281094,812,249691
2022-03-18,lubelskie,LU,698,256503,11,6859,4241,1501817,740,281834,702,250393
2022-03-19,lubelskie,LU,739,257242,3,6862,4367,1506184,788,282622,511,250904
2022-03-20,lubelskie,LU,350,257592,0,6862,2058,1508242,384,283006,288,251192
2022-03-21,lubelskie,LU,214,257806,0,6862,1917,1510159,238,283244,1026,252218
2022-03-22,lubelskie,LU,848,258654,10,6872,5045,1515204,922,284166,1039,253257
2022-03-23,lubelskie,LU,796,259450,6,6878,4776,1519980,845,285011,935,254192
2022-03-24,lubelskie,LU,699,260149,9,6887,4730,1524710,757,285768,710,254902
2022-03-25,lubelskie,LU,594,260743,3,6890,3857,1528567,634,286402,765,255667
2022-03-26,lubelskie,LU,541,261284,7,6897,3778,1532345,587,286989,439,256106
2022-03-27,lubelskie,LU,274,261558,0,6897,1980,1534325,293,287282,241,256347
2022-03-28,lubelskie,LU,145,261703,0,6897,1693,1536018,172,287454,866,257213
2022-03-29,lubelskie,LU,605,262308,5,6902,4136,1540154,657,288111,836,258049
2022-03-30,lubelskie,LU,462,262770,4,6906,3571,1543725,512,288623,769,258818
2022-03-31,lubelskie,LU,417,263187,4,6910,3915,1547640,463,289086,643,259461
2022-04-01,lubelskie,LU,355,263542,7,6917,3071,1550711,403,289489,532,259993
2022-04-02,lubelskie,LU,152,263694,1,6918,1600,1552311,181,289670,248,260241
2022-04-03,lubelskie,LU,34,263728,0,6918,451,1552762,41,289711,125,260366
2022-04-04,lubelskie,LU,49,263777,0,6918,703,1553465,80,289791,0,260366
2022-04-05,lubelskie,LU,152,263929,2,6920,1577,1555042,179,289970,5,260371
2022-04-06,lubelskie,LU,98,264027,4,6924,1281,1556323,119,290089,12,260383
2022-04-07,lubelskie,LU,128,264155,10,6934,1146,1557469,149,290238,9,260392
2022-04-08,lubelskie,LU,101,264256,2,6936,1062,1558531,111,290349,5,260397
2022-04-09,lubelskie,LU,109,264365,3,6939,1048,1559579,121,290470,6,260403
2022-04-10,lubelskie,LU,28,264393,0,6939,370,1559949,45,290515,0,260403
2022-04-11,lubelskie,LU,21,264414,0,6939,377,1560326,23,290538,6,260409
2022-04-12,lubelskie,LU,144,264558,6,6945,1386,1561712,183,290721,7,260416
2022-04-13,lubelskie,LU,93,264651,8,6953,998,1562710,102,290823,10,260426
2022-04-14,lubelskie,LU,100,264751,0,6953,1154,1563864,121,290944,3,260429
2022-04-15,lubelskie,LU,100,264851,2,6955,886,1564750,115,291059,11,260440
2022-04-16,lubelskie,LU,78,264929,3,6958,650,1565400,106,291165,11,260451
2022-04-17,lubelskie,LU,18,264947,0,6958,219,1565619,22,291187,1,260452
2022-04-18,lubelskie,LU,26,264973,0,6958,203,1565822,27,291214,0,260452
2022-04-19,lubelskie,LU,28,265001,0,6958,347,1566169,34,291248,0,260452
2022-04-20,lubelskie,LU,135,265136,2,6960,1209,1567378,157,291405,11,260463
2022-04-21,lubelskie,LU,123,265259,4,6964,1128,1568506,150,291555,2,260465
2022-04-22,lubelskie,LU,75,265334,0,6964,980,1569486,83,291638,4,260469
2022-04-23,lubelskie,LU,108,265442,0,6964,1071,1570557,119,291757,5,260474
2022-04-24,lubelskie,LU,32,265474,0,6964,426,1570983,34,291791,0,260474
2022-04-25,lubelskie,LU,13,265487,0,6964,287,1571270,19,291810,1,260475
2022-04-26,lubelskie,LU,123,265610,1,6965,1198,1572468,145,291955,1,260476
2022-04-27,lubelskie,LU,98,265708,2,6967,912,1573380,102,292057,4,260480
2022-04-28,lubelskie,LU,72,265780,1,6968,873,1574253,80,292137,2,260482
2022-04-29,lubelskie,LU,57,265837,0,6968,773,1575026,60,292197,6,260488
2022-04-30,lubelskie,LU,67,265904,0,6968,706,1575732,76,292273,3,260491
2022-05-01,lubelskie,LU,8,265912,0,6968,251,1575983,11,292284,3,260494
2022-05-02,lubelskie,LU,14,265926,0,6968,172,1576155,15,292299,0,260494
2022-05-03,lubelskie,LU,79,266005,0,6968,613,1576768,86,292385,3,260497
2022-05-04,lubelskie,LU,12,266017,0,6968,200,1576968,13,292398,1,260498
2022-05-05,lubelskie,LU,70,266087,4,6972,928,1577896,77,292475,6,260504
2022-05-06,lubelskie,LU,34,266121,4,6976,675,1578571,41,292516,1,260505
2022-05-07,lubelskie,LU,39,266160,1,6977,629,1579200,50,292566,2,260507
2022-05-08,lubelskie,LU,4,266164,0,6977,251,1579451,6,292572,2,260509
2022-05-09,lubelskie,LU,16,266180,0,6977,200,1579651,19,292591,1,260510
2022-05-10,lubelskie,LU,48,266228,0,6977,779,1580430,56,292647,5,260515
2022-05-11,lubelskie,LU,35,266263,0,6977,603,1581033,38,292685,2,260517
2022-05-12,lubelskie,LU,26,266289,1,6978,632,1581665,30,292715,3,260520
2022-05-13,lubelskie,LU,46,266335,1,6979,633,1582298,51,292766,2,260522
2022-05-14,lubelskie,LU,34,266369,0,6979,974,1583272,39,292805,3,260525
2022-05-15,lubelskie,LU,11,266380,0,6979,278,1583550,11,292816,0,260525
2022-05-16,lubelskie,LU,5,266385,0,6979,320,1583870,6,292822,2,260527
2022-05-17,lubelskie,LU,40,266425,0,6979,892,1584762,50,292872,3,260530
2022-05-18,lubelskie,LU,28,266453,0,6979,682,1585444,28,292900,4,260534
2022-05-19,lubelskie,LU,31,266484,0,6979,781,1586225,34,292934,0,260534
2022-05-20,lubelskie,LU,16,266500,1,6980,684,1586909,20,292954,0,260534
2022-05-21,lubelskie,LU,19,266519,1,6981,539,1587448,22,292976,1,260535
2022-05-22,lubelskie,LU,3,266522,0,6981,175,1587623,4,292980,0,260535
2022-05-23,lubelskie,LU,8,266530,0,6981,202,1587825,9,292989,0,260535
2022-05-24,lubelskie,LU,31,266561,0,6981,716,1588541,35,293024,6,260541
2022-05-25,lubelskie,LU,18,266579,1,6982,442,1588983,21,293045,0,260541
2022-05-26,lubelskie,LU,16,266595,1,6983,565,1589548,21,293066,1,260542
2022-05-27,lubelskie,LU,7,266602,0,6983,531,1590079,12,293078,3,260545
2022-05-28,lubelskie,LU,21,266623,0,6983,510,1590589,22,293100,2,260547
2022-05-29,lubelskie,LU,4,266627,0,6983,195,1590784,5,293105,0,260547
2022-05-30,lubelskie,LU,7,266634,0,6983,151,1590935,9,293114,1,260548
2022-05-31,lubelskie,LU,18,266652,1,6984,638,1591573,23,293137,1,260549
2022-06-01,lubelskie,LU,13,266665,0,6984,482,1592055,20,293157,4,260553
2022-06-02,lubelskie,LU,17,266682,1,6985,507,1592562,17,293174,3,260556
2022-06-03,lubelskie,LU,15,266697,0,6985,386,1592948,17,293191,1,260557
2022-06-04,lubelskie,LU,14,266711,0,6985,317,1593265,15,293206,0,260557
2022-06-05,lubelskie,LU,2,266713,0,6985,108,1593373,2,293208,0,260557
2022-06-06,lubelskie,LU,0,266713,0,6985,85,1593458,1,293209,5,260562
2022-06-07,lubelskie,LU,13,266726,1,6986,472,1593930,14,293223,1,260563
2022-06-08,lubelskie,LU,11,266737,1,6987,346,1594276,12,293235,0,260563
2022-06-09,lubelskie,LU,10,266747,2,6989,402,1594678,14,293249,2,260565
2022-06-10,lubelskie,LU,11,266758,0,6989,364,1595042,14,293263,0,260565
2022-06-11,lubelskie,LU,19,266777,1,6990,324,1595366,20,293283,1,260566
2022-06-12,lubelskie,LU,1,266778,0,6990,139,1595505,1,293284,2,260568
2022-06-13,lubelskie,LU,0,266778,0,6990,78,1595583,0,293284,0,260568
2022-06-14,lubelskie,LU,20,266798,0,6990,457,1596040,20,293304,1,260569
2022-06-15,lubelskie,LU,7,266805,0,6990,305,1596345,8,293312,0,260569
2022-06-16,lubelskie,LU,12,266817,0,6990,306,1596651,13,293325,2,260571
2022-06-17,lubelskie,LU,2,266819,0,6990,40,1596691,2,293327,0,260571
2022-06-18,lubelskie,LU,23,266842,0,6990,164,1596855,25,293352,1,260572
2022-06-19,lubelskie,LU,0,266842,0,6990,68,1596923,0,293352,0,260572
2022-06-20,lubelskie,LU,2,266844,0,6990,68,1596991,2,293354,0,260572
2022-06-21,lubelskie,LU,21,266865,0,6990,485,1597476,23,293377,0,260572
2022-06-22,lubelskie,LU,5,266870,0,6990,340,1597816,8,293385,0,260572
2022-06-23,lubelskie,LU,13,266883,0,6990,315,1598131,14,293399,4,260576
2022-06-24,lubelskie,LU,18,266901,0,6990,380,1598511,19,293418,2,260578
2022-06-25,lubelskie,LU,13,266914,0,6990,285,1598796,18,293436,0,260578
2022-06-26,lubelskie,LU,5,266919,0,6990,129,1598925,6,293442,0,260578
2022-06-27,lubelskie,LU,3,266922,0,6990,80,1599005,3,293445,2,260580
2022-06-28,lubelskie,LU,21,266943,0,6990,528,1599533,24,293469,0,260580
2022-06-29,lubelskie,LU,34,266977,0,6990,345,1599878,40,293509,0,260580
2022-06-30,lubelskie,LU,28,267005,0,6990,425,1600303,29,293538,0,260580
2022-07-01,lubelskie,LU,24,267029,0,6990,349,1600652,27,293565,3,260583
2022-07-02,lubelskie,LU,22,267051,0,6990,344,1600996,27,293592,0,260583
2022-07-03,lubelskie,LU,7,267058,0,6990,86,1601082,8,293600,2,260585
2022-07-04,lubelskie,LU,3,267061,0,6990,73,1601155,5,293605,0,260585
2022-07-05,lubelskie,LU,63,267124,0,6990,512,1601667,69,293674,1,260586
2022-07-06,lubelskie,LU,26,267150,2,6992,374,1602041,27,293701,0,260586
2022-07-07,lubelskie,LU,38,267188,2,6994,427,1602468,41,293742,0,260586
2022-07-08,lubelskie,LU,47,267235,0,6994,413,1602881,52,293794,0,260586
2022-07-09,lubelskie,LU,49,267284,1,6995,432,1603313,53,293847,1,260587
2022-07-10,lubelskie,LU,6,267290,0,6995,136,1603449,7,293854,1,260588
2022-07-11,lubelskie,LU,9,267299,0,6995,113,1603562,9,293863,0,260588
2022-07-12,lubelskie,LU,74,267373,0,6995,594,1604156,80,293943,1,260589
2022-07-13,lubelskie,LU,54,267427,0,6995,438,1604594,61,294004,0,260589
2022-07-14,lubelskie,LU,54,267481,0,6995,430,1605024,57,294061,0,260589
2022-07-15,lubelskie,LU,49,267530,0,6995,381,1605405,53,294114,0,260589
2022-07-16,lubelskie,LU,59,267589,0,6995,342,1605747,65,294179,0,260589
2022-07-17,lubelskie,LU,9,267598,0,6995,87,1605834,10,294189,1,260590
2022-07-18,lubelskie,LU,4,267602,0,6995,93,1605927,8,294197,0,260590
2022-07-19,lubelskie,LU,103,267705,0,6995,613,1606540,108,294305,0,260590
2022-07-20,lubelskie,LU,118,267823,1,6996,551,1607091,127,294432,5,260595
2022-07-21,lubelskie,LU,119,267942,0,6996,617,1607708,126,294558,1,260596
2022-07-22,lubelskie,LU,120,268062,1,6997,527,1608235,134,294692,0,260596
2022-07-23,lubelskie,LU,175,268237,0,6997,630,1608865,197,294889,0,260596
2022-07-24,lubelskie,LU,35,268272,0,6997,199,1609064,38,294927,0,260596
2022-07-25,lubelskie,LU,37,268309,0,6997,219,1609283,39,294966,0,260596
2022-07-26,lubelskie,LU,250,268559,1,6998,919,1610202,262,295228,0,260596
2022-07-27,lubelskie,LU,182,268741,0,6998,690,1610892,196,295424,0,260596
2022-07-28,lubelskie,LU,143,268884,0,6998,616,1611508,154,295578,0,260596
2022-07-29,lubelskie,LU,166,269050,1,6999,624,1612132,174,295752,0,260596
2022-07-30,lubelskie,LU,161,269211,2,7001,622,1612754,174,295926,1,260597
2022-07-31,lubelskie,LU,42,269253,0,7001,209,1612963,47,295973,0,260597
2022-08-01,lubelskie,LU,34,269287,0,7001,158,1613121,34,296007,0,260597
2022-08-02,lubelskie,LU,278,269565,0,7001,1031,1614152,291,296298,0,260597
2022-08-03,lubelskie,LU,198,269763,4,7005,691,1614843,223,296521,0,260597
2022-08-04,lubelskie,LU,212,269975,0,7005,767,1615610,224,296745,1,260598
2022-08-05,lubelskie,LU,178,270153,1,7006,739,1616349,191,296936,0,260598
2022-08-06,lubelskie,LU,208,270361,0,7006,689,1617038,227,297163,0,260598
2022-08-07,lubelskie,LU,34,270395,0,7006,159,1617197,39,297202,1,260599
2022-08-08,lubelskie,LU,44,270439,0,7006,163,1617360,46,297248,0,260599
2022-08-09,lubelskie,LU,270,270709,0,7006,959,1618319,282,297530,0,260599
2022-08-10,lubelskie,LU,198,270907,0,7006,654,1618973,208,297738,0,260599
2022-08-11,lubelskie,LU,232,271139,6,7012,810,1619783,258,297996,0,260599
2022-08-12,lubelskie,LU,251,271390,0,7012,898,1620681,272,298268,0,260599
2022-08-13,lubelskie,LU,207,271597,0,7012,771,1621452,229,298497,0,260599
2022-08-14,lubelskie,LU,48,271645,0,7012,171,1621623,50,298547,1,260600
2022-08-15,lubelskie,LU,32,271677,0,7012,119,1621742,41,298588,0,260600
2022-08-16,lubelskie,LU,37,271714,0,7012,161,1621903,41,298629,0,260600
2022-08-17,lubelskie,LU,440,272154,0,7012,1280,1623183,484,299113,0,260600
2022-08-18,lubelskie,LU,290,272444,0,7012,941,1624124,310,299423,0,260600
2022-08-19,lubelskie,LU,310,272754,1,7013,902,1625026,325,299748,0,260600
2022-08-20,lubelskie,LU,337,273091,1,7014,922,1625948,371,300119,0,260600
2022-08-21,lubelskie,LU,48,273139,0,7014,214,1626162,51,300170,1,260601
2022-08-22,lubelskie,LU,43,273182,0,7014,214,1626376,43,300213,0,260601
2022-08-23,lubelskie,LU,443,273625,0,7014,1196,1627572,466,300679,0,260601
2022-08-24,lubelskie,LU,294,273919,3,7017,803,1628375,316,300995,0,260601
2022-08-25,lubelskie,LU,286,274205,1,7018,895,1629270,309,301304,0,260601
2022-08-26,lubelskie,LU,261,274466,1,7019,863,1630133,286,301590,0,260601
2022-08-27,lubelskie,LU,267,274733,1,7020,811,1630944,289,301879,0,260601
2022-08-28,lubelskie,LU,32,274765,0,7020,192,1631136,35,301914,0,260601
2022-08-29,lubelskie,LU,49,274814,0,7020,253,1631389,67,301981,0,260601
2022-08-30,lubelskie,LU,350,275164,3,7023,1133,1632522,379,302360,0,260601
2022-08-31,lubelskie,LU,213,275377,2,7025,821,1633343,246,302606,0,260601
2022-09-01,lubelskie,LU,238,275615,1,7026,817,1634160,260,302866,0,260601
2022-09-02,lubelskie,LU,147,275762,1,7027,639,1634799,160,303026,0,260601
2022-09-03,lubelskie,LU,150,275912,0,7027,701,1635500,168,303194,0,260601
2022-09-04,lubelskie,LU,35,275947,0,7027,131,1635631,38,303232,0,260601
2022-09-05,lubelskie,LU,22,275969,0,7027,137,1635768,24,303256,0,260601
2022-09-06,lubelskie,LU,281,276250,1,7028,1081,1636849,296,303552,0,260601
2022-09-07,lubelskie,LU,222,276472,2,7030,750,1637599,231,303783,0,260601
2022-09-08,lubelskie,LU,232,276704,0,7030,822,1638421,247,304030,0,260601
2022-09-09,lubelskie,LU,354,277058,2,7032,1055,1639476,369,304399,0,260601
2022-09-10,lubelskie,LU,287,277345,2,7034,853,1640329,302,304701,0,260601
2022-09-11,lubelskie,LU,48,277393,0,7034,211,1640540,49,304750,0,260601
2022-09-12,lubelskie,LU,46,277439,0,7034,188,1640728,46,304796,0,260601
2022-09-13,lubelskie,LU,451,277890,1,7035,1391,1642119,471,305267,0,260601
2022-09-14,lubelskie,LU,494,278384,0,7035,1269,1643388,507,305774,0,260601
2022-09-15,lubelskie,LU,450,278834,0,7035,1321,1644709,476,306250,0,260601
2022-09-16,lubelskie,LU,299,279133,1,7036,976,1645685,314,306564,0,260601
2022-09-17,lubelskie,LU,318,279451,0,7036,944,1646629,332,306896,0,260601
2022-09-18,lubelskie,LU,62,279513,0,7036,234,1646863,64,306960,0,260601
2022-09-19,lubelskie,LU,71,279584,0,7036,237,1647100,77,307037,0,260601
2022-09-20,lubelskie,LU,531,280115,1,7037,1744,1648844,578,307615,0,260601
2022-09-21,lubelskie,LU,307,280422,0,7037,1034,1649878,320,307935,0,260601
2022-09-22,lubelskie,LU,393,280815,1,7038,1254,1651132,418,308353,0,260601
2022-09-23,lubelskie,LU,351,281166,2,7040,1205,1652337,364,308717,0,260601
2022-09-24,lubelskie,LU,209,281375,0,7040,868,1653205,237,308954,0,260601
2022-09-25,lubelskie,LU,50,281425,0,7040,287,1653492,58,309012,0,260601
2022-09-26,lubelskie,LU,25,281450,0,7040,180,1653672,27,309039,0,260601
2022-09-27,lubelskie,LU,338,281788,1,7041,1313,1654985,371,309410,0,260601
2022-09-28,lubelskie,LU,253,282041,6,7047,939,1655924,270,309680,0,260601
2022-09-29,lubelskie,LU,346,282387,1,7048,1240,1657164,367,310047,0,260601
2022-09-30,lubelskie,LU,292,282679,2,7050,1121,1658285,303,310350,0,260601
2022-10-01,lubelskie,LU,273,282952,5,7055,992,1659277,291,310641,0,260601
2022-10-02,lubelskie,LU,24,282976,0,7055,141,1659418,26,310667,0,260601
2022-10-03,lubelskie,LU,23,282999,0,7055,224,1659642,31,310698,0,260601
2022-10-04,lubelskie,LU,383,283382,3,7058,1525,1661167,415,311113,0,260601
2022-10-05,lubelskie,LU,218,283600,1,7059,1129,1662296,238,311351,0,260601
2022-10-06,lubelskie,LU,235,283835,3,7062,1001,1663297,244,311595,0,260601
2022-10-07,lubelskie,LU,206,284041,3,7065,934,1664231,222,311817,0,260601
2022-10-08,lubelskie,LU,243,284284,4,7069,1179,1665410,270,312087,0,260601
2022-10-09,lubelskie,LU,29,284313,0,7069,206,1665616,34,312121,0,260601
2022-10-10,lubelskie,LU,40,284353,0,7069,212,1665828,50,312171,0,260601
2022-10-11,lubelskie,LU,266,284619,1,7070,1399,1667227,297,312468,0,260601
2022-10-12,lubelskie,LU,149,284768,4,7074,883,1668110,163,312631,0,260601
2022-10-13,lubelskie,LU,108,284876,1,7075,888,1668998,119,312750,0,260601
2022-10-14,lubelskie,LU,127,285003,0,7075,845,1669843,133,312883,0,260601
2022-10-15,lubelskie,LU,133,285136,9,7084,842,1670685,150,313033,0,260601
2022-10-16,lubelskie,LU,12,285148,0,7084,127,1670812,14,313047,0,260601
2022-10-17,lubelskie,LU,22,285170,0,7084,220,1671032,24,313071,0,260601
2022-10-18,lubelskie,LU,165,285335,8,7092,1181,1672213,185,313256,0,260601
2022-10-19,lubelskie,LU,89,285424,14,7106,908,1673121,103,313359,0,260601
2022-10-20,lubelskie,LU,135,285559,3,7109,814,1673935,144,313503,0,260601
2022-10-21,lubelskie,LU,100,285659,0,7109,775,1674710,116,313619,0,260601
2022-10-22,lubelskie,LU,74,285733,1,7110,706,1675416,86,313705,0,260601
2022-10-23,lubelskie,LU,15,285748,0,7110,138,1675554,16,313721,0,260601
2022-10-24,lubelskie,LU,7,285755,0,7110,168,1675722,8,313729,0,260601
2022-10-25,lubelskie,LU,97,285852,0,7110,1068,1676790,111,313840,0,260601
2022-10-26,lubelskie,LU,57,285909,1,7111,708,1677498,65,313905,0,260601
2022-10-27,lubelskie,LU,64,285973,3,7114,719,1678217,71,313976,0,260601
2022-10-28,lubelskie,LU,53,286026,1,7115,636,1678853,62,314038,0,260601
2022-10-29,lubelskie,LU,58,286084,2,7117,671,1679524,71,314109,0,260601
2022-10-30,lubelskie,LU,6,286090,0,7117,143,1679667,7,314116,0,260601
2022-10-31,lubelskie,LU,9,286099,0,7117,136,1679803,10,314126,0,260601
2022-11-01,lubelskie,LU,54,286153,2,7119,679,1680482,61,314187,0,260601
2022-11-02,lubelskie,LU,9,286162,0,7119,145,1680627,11,314198,0,260601
2022-11-03,lubelskie,LU,71,286233,2,7121,877,1681504,78,314276,0,260601
2022-11-04,lubelskie,LU,50,286283,0,7121,609,1682113,54,314330,0,260601
2022-11-05,lubelskie,LU,35,286318,0,7121,551,1682664,42,314372,0,260601
2022-11-06,lubelskie,LU,5,286323,0,7121,93,1682757,8,314380,0,260601
2022-11-07,lubelskie,LU,5,286328,0,7121,157,1682914,6,314386,0,260601
2022-11-08,lubelskie,LU,61,286389,0,7121,830,1683744,67,314453,0,260601
2022-11-09,lubelskie,LU,26,286415,2,7123,581,1684325,32,314485,0,260601
2022-11-10,lubelskie,LU,27,286442,0,7123,554,1684879,33,314518,0,260601
2022-11-11,lubelskie,LU,26,286468,1,7124,491,1685370,29,314547,0,260601
2022-11-12,lubelskie,LU,3,286471,0,7124,107,1685477,3,314550,0,260601
2022-11-13,lubelskie,LU,0,286471,0,7124,114,1685591,1,314551,0,260601
2022-11-14,lubelskie,LU,4,286475,0,7124,156,1685747,5,314556,0,260601
2022-11-15,lubelskie,LU,50,286525,2,7126,893,1686640,57,314613,0,260601
2022-11-16,lubelskie,LU,26,286551,0,7126,583,1687223,30,314643,0,260601
2022-11-17,lubelskie,LU,34,286585,0,7126,651,1687874,36,314679,0,260601
2022-11-18,lubelskie,LU,29,286614,2,7128,561,1688435,30,314709,0,260601
2022-11-19,lubelskie,LU,13,286627,0,7128,457,1688892,14,314723,0,260601
2022-11-20,lubelskie,LU,4,286631,0,7128,99,1688991,4,314727,0,260601
2022-11-21,lubelskie,LU,5,286636,0,7128,154,1689145,5,314732,0,260601
2022-11-22,lubelskie,LU,42,286678,0,7128,728,1689873,48,314780,0,260601
2022-11-23,lubelskie,LU,20,286698,0,7128,504,1690377,23,314803,0,260601
2022-11-24,lubelskie,LU,27,286725,1,7129,498,1690875,29,314832,0,260601
2022-11-25,lubelskie,LU,16,286741,0,7129,503,1691378,20,314852,0,260601
2022-11-26,lubelskie,LU,25,286766,0,7129,535,1691913,31,314883,0,260601
2022-11-27,lubelskie,LU,4,286770,0,7129,154,1692067,5,314888,0,260601
2022-11-28,lubelskie,LU,2,286772,0,7129,196,1692263,2,314890,0,260601
2022-11-29,lubelskie,LU,44,286816,1,7130,749,1693012,46,314936,0,260601
2022-11-30,lubelskie,LU,26,286842,1,7131,549,1693561,30,314966,0,260601
2022-12-01,lubelskie,LU,39,286881,2,7133,583,1694144,42,315008,0,260601
2022-12-02,lubelskie,LU,37,286918,1,7134,585,1694729,40,315048,0,260601
2022-12-03,lubelskie,LU,27,286945,0,7134,441,1695170,28,315076,0,260601
2022-12-04,lubelskie,LU,4,286949,0,7134,165,1695335,6,315082,0,260601
2022-12-05,lubelskie,LU,4,286953,0,7134,235,1695570,6,315088,0,260601
2022-12-06,lubelskie,LU,36,286989,1,7135,776,1696346,39,315127,0,260601
2022-12-07,lubelskie,LU,31,287020,0,7135,558,1696904,36,315163,0,260601
2022-12-08,lubelskie,LU,40,287060,7,7142,547,1697451,44,315207,0,260601
2022-12-09,lubelskie,LU,17,287077,2,7144,457,1697908,20,315227,0,260601
2022-12-10,lubelskie,LU,16,287093,1,7145,489,1698397,17,315244,0,260601
2022-12-11,lubelskie,LU,7,287100,0,7145,203,1698600,7,315251,0,260601
2022-12-12,lubelskie,LU,21,287121,0,7145,240,1698840,23,315274,0,260601
2022-12-13,lubelskie,LU,54,287175,0,7145,940,1699780,60,315334,0,260601
2022-12-14,lubelskie,LU,30,287205,0,7145,527,1700307,34,315368,0,260601
2022-12-15,lubelskie,LU,37,287242,1,7146,546,1700853,40,315408,0,260601
2022-12-16,lubelskie,LU,18,287260,1,7147,605,1701458,20,315428,0,260601
2022-12-17,lubelskie,LU,27,287287,0,7147,556,1702014,29,315457,0,260601
2022-12-18,lubelskie,LU,16,287303,0,7147,252,1702266,18,315475,0,260601
2022-12-19,lubelskie,LU,4,287307,0,7147,201,1702467,4,315479,0,260601
2022-12-20,lubelskie,LU,41,287348,0,7147,723,1703190,43,315522,0,260601
2022-12-21,lubelskie,LU,38,287386,1,7148,530,1703720,45,315567,0,260601
2022-12-22,lubelskie,LU,22,287408,0,7148,449,1704169,26,315593,0,260601
2022-12-23,lubelskie,LU,27,287435,0,7148,502,1704671,30,315623,0,260601
2022-12-24,lubelskie,LU,32,287467,0,7148,459,1705130,39,315662,0,260601
2022-12-25,lubelskie,LU,5,287472,0,7148,189,1705319,5,315667,0,260601
2022-12-26,lubelskie,LU,3,287475,0,7148,215,1705534,4,315671,0,260601
2022-12-27,lubelskie,LU,3,287478,0,7148,238,1705772,4,315675,0,260601
2022-12-28,lubelskie,LU,43,287521,1,7149,846,1706618,44,315719,0,260601
2022-12-29,lubelskie,LU,31,287552,2,7151,418,1707036,34,315753,0,260601
2022-12-30,lubelskie,LU,20,287572,1,7152,478,1707514,21,315774,0,260601
2022-12-31,lubelskie,LU,22,287594,0,7152,505,1708019,22,315796,0,260601
2023-01-01,lubelskie,LU,4,287598,0,7152,139,1708158,5,315801,0,260601
2023-01-02,lubelskie,LU,5,287603,0,7152,199,1708357,5,315806,0,260601
2023-01-03,lubelskie,LU,35,287638,1,7153,580,1708937,38,315844,0,260601
2023-01-04,lubelskie,LU,30,287668,0,7153,502,1709439,33,315877,0,260601
2023-01-05,lubelskie,LU,19,287687,1,7154,460,1709899,22,315899,0,260601
2023-01-06,lubelskie,LU,33,287720,0,7154,440,1710339,38,315937,0,260601
2023-01-07,lubelskie,LU,7,287727,0,7154,203,1710542,8,315945,0,260601
2023-01-08,lubelskie,LU,6,287733,0,7154,198,1710740,6,315951,0,260601
2023-01-09,lubelskie,LU,5,287738,0,7154,203,1710943,6,315957,0,260601
2023-01-10,lubelskie,LU,26,287764,0,7154,617,1711560,33,315990,0,260601
2023-01-11,lubelskie,LU,23,287787,0,7154,469,1712029,23,316013,0,260601
2023-01-12,lubelskie,LU,26,287813,1,7155,470,1712499,28,316041,0,260601
2023-01-13,lubelskie,LU,20,287833,0,7155,425,1712924,21,316062,0,260601
2023-01-14,lubelskie,LU,18,287851,1,7156,319,1713243,26,316088,0,260601
2023-01-15,lubelskie,LU,3,287854,0,7156,175,1713418,3,316091,0,260601
2023-01-16,lubelskie,LU,3,287857,0,7156,204,1713622,5,316096,0,260601
2023-01-17,lubelskie,LU,26,287883,0,7156,594,1714216,33,316129,0,260601
2023-01-18,lubelskie,LU,15,287898,1,7157,390,1714606,18,316147,0,260601
2023-01-19,lubelskie,LU,24,287922,0,7157,407,1715013,32,316179,0,260601
2023-01-20,lubelskie,LU,17,287939,0,7157,405,1715418,19,316198,0,260601
2023-01-21,lubelskie,LU,20,287959,1,7158,343,1715761,22,316220,0,260601
2023-01-22,lubelskie,LU,7,287966,0,7158,208,1715969,7,316227,0,260601
2023-01-23,lubelskie,LU,2,287968,0,7158,159,1716128,3,316230,0,260601
2023-01-24,lubelskie,LU,33,288001,0,7158,544,1716672,41,316271,0,260601
2023-01-25,lubelskie,LU,32,288033,0,7158,344,1717016,33,316304,0,260601
2023-01-26,lubelskie,LU,31,288064,0,7158,408,1717424,31,316335,0,260601
2023-01-27,lubelskie,LU,31,288095,1,7159,343,1717767,35,316370,0,260601
2023-01-28,lubelskie,LU,12,288107,0,7159,259,1718026,15,316385,0,260601
2023-01-29,lubelskie,LU,2,288109,0,7159,145,1718171,3,316388,0,260601
2023-01-30,lubelskie,LU,0,288109,0,7159,212,1718383,1,316389,0,260601
2023-01-31,lubelskie,LU,43,288152,0,7159,547,1718930,44,316433,0,260601
2023-02-01,lubelskie,LU,41,288193,1,7160,366,1719296,46,316479,0,260601
2023-02-02,lubelskie,LU,39,288232,1,7161,390,1719686,40,316519,0,260601
2023-02-03,lubelskie,LU,38,288270,0,7161,498,1720184,46,316565,0,260601
2023-02-04,lubelskie,LU,35,288305,0,7161,328,1720512,37,316602,0,260601
2023-02-05,lubelskie,LU,2,288307,0,7161,163,1720675,3,316605,0,260601
2023-02-06,lubelskie,LU,3,288310,0,7161,167,1720842,3,316608,0,260601
2023-02-07,lubelskie,LU,86,288396,0,7161,676,1721518,94,316702,0,260601
2023-02-08,lubelskie,LU,62,288458,0,7161,408,1721926,65,316767,0,260601
2023-02-09,lubelskie,LU,61,288519,0,7161,441,1722367,62,316829,0,260601
2023-02-10,lubelskie,LU,62,288581,0,7161,419,1722786,65,316894,0,260601
2023-02-11,lubelskie,LU,95,288676,0,7161,433,1723219,97,316991,0,260601
2023-02-12,lubelskie,LU,9,288685,0,7161,164,1723383,10,317001,0,260601
2023-02-13,lubelskie,LU,7,288692,0,7161,163,1723546,7,317008,0,260601
2023-02-14,lubelskie,LU,186,288878,0,7161,790,1724336,193,317201,0,260601
2023-02-15,lubelskie,LU,131,289009,0,7161,489,1724825,136,317337,0,260601
2023-02-16,lubelskie,LU,156,289165,0,7161,604,1725429,159,317496,0,260601
2023-02-17,lubelskie,LU,141,289306,0,7161,490,1725919,145,317641,0,260601
2023-02-18,lubelskie,LU,164,289470,1,7162,567,1726486,171,317812,0,260601
2023-02-19,lubelskie,LU,11,289481,0,7162,161,1726647,11,317823,0,260601
2023-02-20,lubelskie,LU,12,289493,0,7162,243,1726890,13,317836,0,260601
2023-02-21,lubelskie,LU,282,289775,0,7162,925,1727815,289,318125,0,260601
2023-02-22,lubelskie,LU,240,290015,0,7162,656,1728471,253,318378,0,260601
2023-02-23,lubelskie,LU,220,290235,0,7162,640,1729111,230,318608,0,260601
2023-02-24,lubelskie,LU,234,290469,1,7163,671,1729782,243,318851,0,260601
2023-02-25,lubelskie,LU,217,290686,0,7163,657,1730439,236,319087,0,260601
2023-02-26,lubelskie,LU,63,290749,0,7163,266,1730705,63,319150,0,260601
2023-02-27,lubelskie,LU,36,290785,0,7163,250,1730955,37,319187,0,260601
2023-02-28,lubelskie,LU,343,291128,0,7163,1038,1731993,358,319545,0,260601
2023-03-01,lubelskie,LU,272,291400,1,7164,800,1732793,288,319833,0,260601
2023-03-02,lubelskie,LU,264,291664,0,7164,748,1733541,273,320106,0,260601
2023-03-03,lubelskie,LU,312,291976,1,7165,851,1734392,350,320456,0,260601
2023-03-04,lubelskie,LU,236,292212,2,7167,717,1735109,245,320701,0,260601
2023-03-05,lubelskie,LU,15,292227,0,7167,170,1735279,17,320718,0,260601
2023-03-06,lubelskie,LU,30,292257,0,7167,283,1735562,33,320751,0,260601
2023-03-07,lubelskie,LU,400,292657,2,7169,1118,1736680,419,321170,0,260601
2023-03-08,lubelskie,LU,318,292975,1,7170,823,1737503,337,321507,0,260601
2023-03-09,lubelskie,LU,258,293233,1,7171,746,1738249,269,321776,0,260601
2023-03-10,lubelskie,LU,324,293557,0,7171,908,1739157,336,322112,0,260601
2023-03-11,lubelskie,LU,308,293865,0,7171,761,1739918,328,322440,0,260601
2023-03-12,lubelskie,LU,54,293919,0,7171,280,1740198,60,322500,0,260601
2023-03-13,lubelskie,LU,26,293945,0,7171,322,1740520,35,322535,0,260601
2023-03-14,lubelskie,LU,390,294335,1,7172,1217,1741737,411,322946,0,260601
2023-03-15,lubelskie,LU,257,294592,4,7176,842,1742579,272,323218,0,260601
2023-03-16,lubelskie,LU,258,294850,3,7179,932,1743511,280,323498,0,260601
2023-03-17,lubelskie,LU,246,295096,0,7179,864,1744375,262,323760,0,260601
2023-03-18,lubelskie,LU,220,295316,0,7179,821,1745196,236,323996,0,260601
2023-03-19,lubelskie,LU,28,295344,0,7179,279,1745475,34,324030,0,260601
2023-03-20,lubelskie,LU,21,295365,0,7179,401,1745876,25,324055,0,260601
2023-03-21,lubelskie,LU,272,295637,1,7180,1169,1747045,297,324352,0,260601
2023-03-22,lubelskie,LU,200,295837,0,7180,843,1747888,208,324560,0,260601
2023-03-23,lubelskie,LU,178,296015,1,7181,896,1748784,193,324753,0,260601
2023-03-24,lubelskie,LU,171,296186,1,7182,700,1749484,187,324940,0,260601
2023-03-25,lubelskie,LU,164,296350,1,7183,611,1750095,175,325115,0,260601
2023-03-26,lubelskie,LU,19,296369,0,7183,253,1750348,20,325135,0,260601
2023-03-27,lubelskie,LU,20,296389,0,7183,373,1750721,22,325157,0,260601
2023-03-28,lubelskie,LU,199,296588,5,7188,996,1751717,219,325376,0,260601
2023-03-29,lubelskie,LU,147,296735,1,7189,613,1752330,161,325537,0,260601
2023-03-30,lubelskie,LU,118,296853,1,7190,614,1752944,127,325664,0,260601
2023-03-31,lubelskie,LU,121,296974,0,7190,554,1753498,126,325790,0,260601
2023-04-01,lubelskie,LU,120,297094,2,7192,517,1754015,128,325918,0,260601
2023-04-02,lubelskie,LU,7,297101,0,7192,161,1754176,8,325926,0,260601
2023-04-03,lubelskie,LU,18,297119,0,7192,364,1754540,19,325945,0,260601
2023-04-04,lubelskie,LU,151,297270,1,7193,878,1755418,171,326116,0,260601
2023-04-05,lubelskie,LU,115,297385,1,7194,606,1756024,133,326249,0,260601
2023-04-06,lubelskie,LU,97,297482,1,7195,611,1756635,112,326361,0,260601
2023-04-07,lubelskie,LU,91,297573,1,7196,578,1757213,101,326462,0,260601
2023-04-08,lubelskie,LU,73,297646,0,7196,366,1757579,79,326541,0,260601
2023-04-09,lubelskie,LU,20,297666,0,7196,278,1757857,24,326565,0,260601
2023-04-10,lubelskie,LU,6,297672,0,7196,194,1758051,6,326571,0,260601
2023-04-11,lubelskie,LU,9,297681,0,7196,171,1758222,9,326580,0,260601
2023-04-12,lubelskie,LU,99,297780,1,7197,780,1759002,113,326693,0,260601
2023-04-13,lubelskie,LU,93,297873,1,7198,637,1759639,96,326789,0,260601
2023-04-14,lubelskie,LU,86,297959,0,7198,485,1760124,94,326883,0,260601
2023-04-15,lubelskie,LU,96,298055,1,7199,517,1760641,100,326983,0,260601
2023-04-16,lubelskie,LU,6,298061,0,7199,141,1760782,6,326989,0,260601
2023-04-17,lubelskie,LU,5,298066,0,7199,327,1761109,7,326996,0,260601
2023-04-18,lubelskie,LU,104,298170,1,7200,755,1761864,111,327107,0,260601
2023-04-19,lubelskie,LU,65,298235,0,7200,512,1762376,68,327175,0,260601
2023-04-20,lubelskie,LU,56,298291,2,7202,575,1762951,61,327236,0,260601
2023-04-21,lubelskie,LU,52,298343,1,7203,459,1763410,54,327290,0,260601
2023-04-22,lubelskie,LU,35,298378,0,7203,496,1763906,38,327328,0,260601
2023-04-23,lubelskie,LU,6,298384,0,7203,124,1764030,6,327334,0,260601
2023-04-24,lubelskie,LU,2,298386,0,7203,288,1764318,2,327336,0,260601
2023-04-25,lubelskie,LU,53,298439,2,7205,664,1764982,59,327395,0,260601
2023-04-26,lubelskie,LU,40,298479,1,7206,466,1765448,41,327436,0,260601
2023-04-27,lubelskie,LU,34,298513,0,7206,541,1765989,39,327475,0,260601
2023-04-28,lubelskie,LU,25,298538,1,7207,438,1766427,27,327502,0,260601
2023-04-29,lubelskie,LU,25,298563,0,7207,367,1766794,27,327529,0,260601
2023-04-30,lubelskie,LU,2,298565,0,7207,177,1766971,5,327534,0,260601
2023-05-01,lubelskie,LU,4,298569,0,7207,343,1767314,5,327539,0,260601
2023-05-02,lubelskie,LU,2,298571,0,7207,119,1767433,3,327542,0,260601
2023-05-03,lubelskie,LU,27,298598,0,7207,258,1767691,27,327569,0,260601
2023-05-04,lubelskie,LU,5,298603,0,7207,160,1767851,5,327574,0,260601
2023-05-05,lubelskie,LU,27,298630,0,7207,522,1768373,30,327604,0,260601
2023-05-06,lubelskie,LU,12,298642,0,7207,321,1768694,13,327617,0,260601
2023-05-07,lubelskie,LU,5,298647,0,7207,124,1768818,5,327622,0,260601
2023-05-08,lubelskie,LU,0,298647,0,7207,190,1769008,0,327622,0,260601
2023-05-09,lubelskie,LU,19,298666,0,7207,581,1769589,22,327644,0,260601
2023-05-10,lubelskie,LU,13,298679,0,7207,353,1769942,14,327658,0,260601
2023-05-11,lubelskie,LU,12,298691,0,7207,343,1770285,12,327670,0,260601
2023-05-12,lubelskie,LU,17,298708,0,7207,337,1770622,18,327688,0,260601
2023-05-13,lubelskie,LU,11,298719,0,7207,305,1770927,14,327702,0,260601
2023-05-14,lubelskie,LU,1,298720,0,7207,90,1771017,1,327703,0,260601
2023-05-15,lubelskie,LU,3,298723,0,7207,179,1771196,3,327706,0,260601
2023-05-16,lubelskie,LU,20,298743,0,7207,434,1771630,23,327729,0,260601
2023-05-17,lubelskie,LU,17,298760,0,7207,323,1771953,20,327749,0,260601
2023-05-18,lubelskie,LU,22,298782,0,7207,332,1772285,22,327771,0,260601
2023-05-19,lubelskie,LU,8,298790,0,7207,350,1772635,9,327780,0,260601
2023-05-20,lubelskie,LU,13,298803,0,7207,295,1772930,16,327796,0,260601
2023-05-21,lubelskie,LU,2,298805,0,7207,135,1773065,2,327798,0,260601
2023-05-22,lubelskie,LU,5,298810,0,7207,200,1773265,11,327809,0,260601
2023-05-23,lubelskie,LU,17,298827,0,7207,457,1773722,20,327829,0,260601
2023-05-24,lubelskie,LU,8,298835,0,7207,250,1773972,9,327838,0,260601
2023-05-25,lubelskie,LU,3,298838,0,7207,311,1774283,5,327843,0,260601
2023-05-26,lubelskie,LU,10,298848,0,7207,372,1774655,12,327855,0,260601
2023-05-27,lubelskie,LU,9,298857,0,7207,254,1774909,13,327868,0,260601
2023-05-28,lubelskie,LU,1,298858,0,7207,111,1775020,1,327869,0,260601
2023-05-29,lubelskie,LU,2,298860,0,7207,176,1775196,2,327871,0,260601
2023-05-30,lubelskie,LU,5,298865,0,7207,464,1775660,8,327879,0,260601
2023-05-31,lubelskie,LU,7,298872,0,7207,298,1775958,7,327886,0,260601
2023-06-01,lubelskie,LU,8,298880,0,7207,373,1776331,10,327896,0,260601
2023-06-02,lubelskie,LU,11,298891,0,7207,329,1776660,12,327908,0,260601
2023-06-03,lubelskie,LU,4,298895,0,7207,242,1776902,4,327912,0,260601
2023-06-04,lubelskie,LU,0,298895,0,7207,127,1777029,0,327912,0,260601
2023-06-05,lubelskie,LU,0,298895,0,7207,175,1777204,0,327912,0,260601
2023-06-06,lubelskie,LU,6,298901,0,7207,411,1777615,6,327918,0,260601
2023-06-07,lubelskie,LU,6,298907,0,7207,293,1777908,8,327926,0,260601
2023-06-08,lubelskie,LU,5,298912,0,7207,268,1778176,6,327932,0,260601
2023-06-09,lubelskie,LU,1,298913,0,7207,156,1778332,1,327933,0,260601
2023-06-10,lubelskie,LU,6,298919,0,7207,175,1778507,6,327939,0,260601
2023-06-11,lubelskie,LU,0,298919,0,7207,108,1778615,0,327939,0,260601
2023-06-12,lubelskie,LU,0,298919,0,7207,167,1778782,0,327939,0,260601
2023-06-13,lubelskie,LU,2,298921,0,7207,453,1779235,3,327942,0,260601
2023-06-14,lubelskie,LU,0,298921,0,7207,302,1779537,1,327943,0,260601
2023-06-15,lubelskie,LU,2,298923,0,7207,304,1779841,4,327947,0,260601
2023-06-16,lubelskie,LU,1,298924,0,7207,336,1780177,2,327949,0,260601
2023-06-17,lubelskie,LU,5,298929,0,7207,292,1780469,5,327954,0,260601
2023-06-18,lubelskie,LU,0,298929,0,7207,98,1780567,0,327954,0,260601
2023-06-19,lubelskie,LU,1,298930,0,7207,186,1780753,1,327955,0,260601
2023-06-20,lubelskie,LU,3,298933,0,7207,426,1781179,5,327960,0,260601
2023-06-21,lubelskie,LU,2,298935,0,7207,304,1781483,2,327962,0,260601
2023-06-22,lubelskie,LU,5,298940,0,7207,294,1781777,5,327967,0,260601
2023-06-23,lubelskie,LU,0,298940,0,7207,270,1782047,0,327967,0,260601
2023-06-24,lubelskie,LU,1,298941,0,7207,231,1782278,2,327969,0,260601
2023-06-25,lubelskie,LU,0,298941,0,7207,150,1782428,0,327969,0,260601
2023-06-26,lubelskie,LU,0,298941,0,7207,183,1782611,0,327969,0,260601
2023-06-27,lubelskie,LU,2,298943,0,7207,397,1783008,3,327972,0,260601
2023-06-28,lubelskie,LU,2,298945,0,7207,282,1783290,2,327974,0,260601
2023-06-29,lubelskie,LU,1,298946,0,7207,297,1783587,1,327975,0,260601
2023-06-30,lubelskie,LU,0,298946,0,7207,297,1783884,0,327975,0,260601
2023-07-01,lubelskie,LU,0,298946,0,7207,227,1784111,0,327975,0,260601
2023-07-02,lubelskie,LU,3,298949,0,7207,91,1784202,3,327978,0,260601
2023-07-03,lubelskie,LU,1,298950,0,7207,149,1784351,1,327979,0,260601
2023-07-04,lubelskie,LU,3,298953,0,7207,218,1784569,3,327982,0,260601
2023-07-05,lubelskie,LU,0,298953,0,7207,25,1784594,0,327982,0,260601
2023-07-06,lubelskie,LU,0,298953,0,7207,24,1784618,1,327983,0,260601
2023-07-07,lubelskie,LU,0,298953,0,7207,26,1784644,0,327983,0,260601
2023-07-08,lubelskie,LU,1,298954,0,7207,6,1784650,1,327984,0,260601
2023-07-09,lubelskie,LU,0,298954,0,7207,5,1784655,0,327984,0,260601
2023-07-10,lubelskie,LU,0,298954,0,7207,5,1784660,0,327984,0,260601
2023-07-11,lubelskie,LU,1,298955,0,7207,14,1784674,1,327985,0,260601
2023-07-12,lubelskie,LU,0,298955,0,7207,18,1784692,1,327986,0,260601
2023-07-13,lubelskie,LU,1,298956,0,7207,12,1784704,1,327987,0,260601
2023-07-14,lubelskie,LU,2,298958,0,7207,16,1784720,2,327989,0,260601
2023-07-15,lubelskie,LU,2,298960,0,7207,11,1784731,2,327991,0,260601
2023-07-16,lubelskie,LU,1,298961,0,7207,7,1784738,1,327992,0,260601
2023-07-17,lubelskie,LU,2,298963,0,7207,2,1784740,2,327994,0,260601
2023-07-18,lubelskie,LU,2,298965,0,7207,48,1784788,2,327996,0,260601
2023-07-19,lubelskie,LU,1,298966,0,7207,11,1784799,1,327997,0,260601
2023-07-20,lubelskie,LU,0,298966,0,7207,15,1784814,0,327997,0,260601
2023-07-21,lubelskie,LU,1,298967,0,7207,7,1784821,1,327998,0,260601
2023-07-22,lubelskie,LU,1,298968,0,7207,9,1784830,1,327999,0,260601
2023-07-23,lubelskie,LU,0,298968,0,7207,6,1784836,0,327999,0,260601
2023-07-24,lubelskie,LU,2,298970,0,7207,11,1784847,2,328001,0,260601
2023-07-25,lubelskie,LU,1,298971,0,7207,12,1784859,1,328002,0,260601
2023-07-26,lubelskie,LU,0,298971,0,7207,14,1784873,0,328002,0,260601
2023-07-27,lubelskie,LU,0,298971,0,7207,1,1784874,0,328002,0,260601
2023-07-28,lubelskie,LU,0,298971,0,7207,3,1784877,0,328002,0,260601
2023-07-29,lubelskie,LU,0,298971,0,7207,6,1784883,0,328002,0,260601
2023-07-30,lubelskie,LU,1,298972,0,7207,9,1784892,1,328003,0,260601
2023-07-31,lubelskie,LU,0,298972,0,7207,3,1784895,0,328003,0,260601
2023-08-01,lubelskie,LU,8,298980,0,7207,22,1784917,10,328013,0,260601
2023-08-02,lubelskie,LU,1,298981,0,7207,19,1784936,1,328014,0,260601
2023-08-03,lubelskie,LU,3,298984,0,7207,14,1784950,3,328017,0,260601
2023-08-04,lubelskie,LU,4,298988,0,7207,12,1784962,4,328021,0,260601
2023-08-05,lubelskie,LU,1,298989,0,7207,7,1784969,1,328022,0,260601
2023-08-06,lubelskie,LU,1,298990,0,7207,5,1784974,1,328023,0,260601
2023-08-07,lubelskie,LU,0,298990,0,7207,3,1784977,0,328023,0,260601
2023-08-08,lubelskie,LU,2,298992,0,7207,13,1784990,2,328025,0,260601
2023-08-09,lubelskie,LU,2,298994,0,7207,13,1785003,2,328027,0,260601
2023-08-10,lubelskie,LU,0,298994,0,7207,7,1785010,0,328027,0,260601
2023-08-11,lubelskie,LU,3,298997,0,7207,32,1785042,3,328030,0,260601
2023-08-12,lubelskie,LU,1,298998,0,7207,3,1785045,1,328031,0,260601
2023-08-13,lubelskie,LU,2,299000,0,7207,7,1785052,2,328033,0,260601
2023-08-14,lubelskie,LU,0,299000,0,7207,3,1785055,0,328033,0,260601
2023-08-15,lubelskie,LU,7,299007,1,7208,28,1785083,7,328040,0,260601
2023-08-16,lubelskie,LU,1,299008,0,7208,14,1785097,1,328041,0,260601
2023-08-17,lubelskie,LU,2,299010,0,7208,17,1785114,2,328043,0,260601
2023-08-18,lubelskie,LU,2,299012,0,7208,9,1785123,2,328045,0,260601
2023-08-19,lubelskie,LU,2,299014,0,7208,14,1785137,2,328047,0,260601
2023-08-20,lubelskie,LU,0,299014,0,7208,9,1785146,0,328047,0,260601
2023-08-21,lubelskie,LU,0,299014,0,7208,2,1785148,0,328047,0,260601
2023-08-22,lubelskie,LU,2,299016,0,7208,12,1785160,2,328049,0,260601
2023-08-23,lubelskie,LU,5,299021,0,7208,15,1785175,5,328054,0,260601
2023-08-24,lubelskie,LU,6,299027,0,7208,24,1785199,6,328060,0,260601
2023-08-25,lubelskie,LU,1,299028,0,7208,12,1785211,1,328061,0,260601
2023-08-26,lubelskie,LU,5,299033,0,7208,27,1785238,5,328066,0,260601
2023-08-27,lubelskie,LU,4,299037,0,7208,7,1785245,4,328070,0,260601
2023-08-28,lubelskie,LU,1,299038,0,7208,3,1785248,1,328071,0,260601
2023-08-29,lubelskie,LU,5,299043,0,7208,22,1785270,5,328076,0,260601
2023-08-30,lubelskie,LU,4,299047,0,7208,22,1785292,4,328080,0,260601
2023-08-31,lubelskie,LU,12,299059,0,7208,21,1785313,12,328092,0,260601
2023-09-01,lubelskie,LU,2,299061,0,7208,9,1785322,2,328094,0,260601
2023-09-02,lubelskie,LU,6,299067,0,7208,16,1785338,6,328100,0,260601
2023-09-03,lubelskie,LU,0,299067,0,7208,0,1785338,0,328100,0,260601
2023-09-04,lubelskie,LU,1,299068,0,7208,2,1785340,1,328101,0,260601
2023-09-05,lubelskie,LU,10,299078,0,7208,26,1785366,10,328111,0,260601
2023-09-06,lubelskie,LU,6,299084,1,7209,11,1785377,6,328117,0,260601
2023-09-07,lubelskie,LU,16,299100,0,7209,26,1785403,16,328133,0,260601
2023-09-08,lubelskie,LU,11,299111,0,7209,19,1785422,11,328144,0,260601
2023-09-09,lubelskie,LU,14,299125,0,7209,25,1785447,14,328158,0,260601
2023-09-10,lubelskie,LU,0,299125,0,7209,8,1785455,0,328158,0,260601
2023-09-11,lubelskie,LU,1,299126,0,7209,9,1785464,1,328159,0,260601
2023-09-12,lubelskie,LU,25,299151,0,7209,44,1785508,25,328184,0,260601
2023-09-13,lubelskie,LU,18,299169,0,7209,31,1785539,18,328202,0,260601
2023-09-14,lubelskie,LU,23,299192,0,7209,39,1785578,23,328225,0,260601
2023-09-15,lubelskie,LU,16,299208,0,7209,32,1785610,17,328242,0,260601
2023-09-16,lubelskie,LU,11,299219,0,7209,40,1785650,14,328256,0,260601
2023-09-17,lubelskie,LU,0,299219,0,7209,3,1785653,0,328256,0,260601
2023-09-18,lubelskie,LU,1,299220,0,7209,2,1785655,1,328257,0,260601
2023-09-19,lubelskie,LU,22,299242,0,7209,68,1785723,22,328279,0,260601
2023-09-20,lubelskie,LU,16,299258,0,7209,39,1785762,17,328296,0,260601
2023-09-21,lubelskie,LU,20,299278,0,7209,48,1785810,20,328316,0,260601
2023-09-22,lubelskie,LU,16,299294,0,7209,44,1785854,19,328335,0,260601
2023-09-23,lubelskie,LU,22,299316,0,7209,48,1785902,24,328359,0,260601
2023-09-24,lubelskie,LU,2,299318,0,7209,4,1785906,2,328361,0,260601
2023-09-25,lubelskie,LU,1,299319,0,7209,3,1785909,1,328362,0,260601
2023-09-26,lubelskie,LU,28,299347,0,7209,81,1785990,29,328391,0,260601
2023-09-27,lubelskie,LU,16,299363,0,7209,42,1786032,16,328407,0,260601
2023-09-28,lubelskie,LU,31,299394,0,7209,76,1786108,31,328438,0,260601
2023-09-29,lubelskie,LU,35,299429,1,7210,74,1786182,49,328487,0,260601
2023-09-30,lubelskie,LU,17,299446,0,7210,61,1786243,20,328507,0,260601
2023-10-01,lubelskie,LU,0,299446,0,7210,7,1786250,1,328508,0,260601
2023-10-02,lubelskie,LU,0,299446,0,7210,6,1786256,0,328508,0,260601
2023-10-03,lubelskie,LU,41,299487,0,7210,90,1786346,44,328552,0,260601
2023-10-04,lubelskie,LU,27,299514,0,7210,87,1786433,28,328580,0,260601
2023-10-05,lubelskie,LU,17,299531,0,7210,64,1786497,23,328603,0,260601
2023-10-06,lubelskie,LU,22,299553,0,7210,68,1786565,23,328626,0,260601
2023-10-07,lubelskie,LU,25,299578,0,7210,126,1786691,27,328653,0,260601
2023-10-08,lubelskie,LU,0,299578,0,7210,9,1786700,0,328653,0,260601
2023-10-09,lubelskie,LU,1,299579,0,7210,18,1786718,1,328654,0,260601
2023-10-10,lubelskie,LU,34,299613,0,7210,109,1786827,34,328688,0,260601
2023-10-11,lubelskie,LU,25,299638,0,7210,79,1786906,28,328716,0,260601
2023-10-12,lubelskie,LU,29,299667,0,7210,112,1787018,30,328746,0,260601
2023-10-13,lubelskie,LU,33,299700,0,7210,91,1787109,34,328780,0,260601
2023-10-14,lubelskie,LU,37,299737,0,7210,83,1787192,38,328818,0,260601
2023-10-15,lubelskie,LU,3,299740,0,7210,17,1787209,3,328821,0,260601
2023-10-16,lubelskie,LU,1,299741,0,7210,4,1787213,1,328822,0,260601
2023-10-17,lubelskie,LU,48,299789,0,7210,123,1787336,49,328871,0,260601
2023-10-18,lubelskie,LU,44,299833,0,7210,93,1787429,48,328919,0,260601
2023-10-19,lubelskie,LU,50,299883,0,7210,87,1787516,52,328971,0,260601
2023-10-20,lubelskie,LU,47,299930,0,7210,92,1787608,47,329018,0,260601
2023-10-21,lubelskie,LU,37,299967,0,7210,106,1787714,39,329057,0,260601
2023-10-22,lubelskie,LU,4,299971,0,7210,7,1787721,4,329061,0,260601
2023-10-23,lubelskie,LU,4,299975,0,7210,17,1787738,4,329065,0,260601
2023-10-24,lubelskie,LU,74,300049,0,7210,184,1787922,75,329140,0,260601
2023-10-25,lubelskie,LU,55,300104,0,7210,109,1788031,57,329197,0,260601
2023-10-26,lubelskie,LU,76,300180,0,7210,142,1788173,80,329277,0,260601
2023-10-27,lubelskie,LU,48,300228,0,7210,101,1788274,49,329326,0,260601
2023-10-28,lubelskie,LU,69,300297,0,7210,143,1788417,72,329398,0,260601
2023-10-29,lubelskie,LU,3,300300,0,7210,11,1788428,3,329401,0,260601
2023-10-30,lubelskie,LU,3,300303,0,7210,16,1788444,4,329405,0,260601
2023-10-31,lubelskie,LU,111,300414,0,7210,249,1788693,115,329520,0,260601
2023-11-01,lubelskie,LU,44,300458,0,7210,92,1788785,47,329567,0,260601
2023-11-02,lubelskie,LU,3,300461,0,7210,9,1788794,3,329570,0,260601
2023-11-03,lubelskie,LU,93,300554,0,7210,160,1788954,97,329667,0,260601
2023-11-04,lubelskie,LU,87,300641,0,7210,137,1789091,88,329755,0,260601
2023-11-05,lubelskie,LU,2,300643,0,7210,11,1789102,2,329757,0,260601
2023-11-06,lubelskie,LU,5,300648,0,7210,15,1789117,5,329762,0,260601
2023-11-07,lubelskie,LU,129,300777,0,7210,283,1789400,135,329897,0,260601
2023-11-08,lubelskie,LU,94,300871,0,7210,161,1789561,94,329991,0,260601
2023-11-09,lubelskie,LU,106,300977,1,7211,222,1789783,113,330104,0,260601
2023-11-10,lubelskie,LU,85,301062,0,7211,162,1789945,93,330197,0,260601
2023-11-11,lubelskie,LU,79,301141,0,7211,150,1790095,82,330279,0,260601
2023-11-12,lubelskie,LU,16,301157,0,7211,42,1790137,17,330296,0,260601
2023-11-13,lubelskie,LU,2,301159,0,7211,26,1790163,7,330303,0,260601
2023-11-14,lubelskie,LU,179,301338,0,7211,306,1790469,182,330485,0,260601
2023-11-15,lubelskie,LU,131,301469,0,7211,232,1790701,141,330626,0,260601
2023-11-16,lubelskie,LU,112,301581,0,7211,201,1790902,115,330741,0,260601
2023-11-17,lubelskie,LU,132,301713,0,7211,246,1791148,144,330885,0,260601
2023-11-18,lubelskie,LU,148,301861,0,7211,279,1791427,154,331039,0,260601
2023-11-19,lubelskie,LU,30,301891,0,7211,185,1791612,33,331072,0,260601
2023-11-20,lubelskie,LU,5,301896,0,7211,38,1791650,9,331081,0,260601
2023-11-21,lubelskie,LU,257,302153,0,7211,421,1792071,277,331358,0,260601
2023-11-22,lubelskie,LU,176,302329,0,7211,333,1792404,184,331542,0,260601
2023-11-23,lubelskie,LU,166,302495,0,7211,366,1792770,184,331726,0,260601
2023-11-24,lubelskie,LU,186,302681,0,7211,337,1793107,195,331921,0,260601
2023-11-25,lubelskie,LU,140,302821,0,7211,282,1793389,153,332074,0,260601
2023-11-26,lubelskie,LU,10,302831,0,7211,20,1793409,10,332084,0,260601
2023-11-27,lubelskie,LU,11,302842,0,7211,34,1793443,11,332095,0,260601
2023-11-28,lubelskie,LU,278,303120,1,7212,508,1793951,291,332386,0,260601
2023-11-29,lubelskie,LU,216,303336,0,7212,377,1794328,229,332615,0,260601
2023-11-30,lubelskie,LU,209,303545,0,7212,346,1794674,220,332835,0,260601
2023-12-01,lubelskie,LU,207,303752,0,7212,391,1795065,214,333049,0,260601
2023-12-02,lubelskie,LU,203,303955,1,7213,375,1795440,208,333257,0,260601
2023-12-03,lubelskie,LU,25,303980,0,7213,111,1795551,34,333291,0,260601
2023-12-04,lubelskie,LU,13,303993,0,7213,25,1795576,15,333306,0,260601
2023-12-05,lubelskie,LU,379,304372,0,7213,664,1796240,389,333695,0,260601
2023-12-06,lubelskie,LU,310,304682,1,7214,675,1796915,333,334028,0,260601
2023-12-07,lubelskie,LU,254,304936,0,7214,454,1797369,269,334297,0,260601
2023-12-08,lubelskie,LU,233,305169,1,7215,445,1797814,248,334545,0,260601
2023-12-09,lubelskie,LU,263,305432,2,7217,545,1798359,283,334828,0,260601
2023-12-10,lubelskie,LU,13,305445,0,7217,56,1798415,16,334844,0,260601
2023-12-11,lubelskie,LU,16,305461,0,7217,34,1798449,18,334862,0,260601
2023-12-12,lubelskie,LU,365,305826,0,7217,602,1799051,370,335232,0,260601
2023-12-13,lubelskie,LU,240,306066,0,7217,432,1799483,248,335480,0,260601
2023-12-14,lubelskie,LU,284,306350,0,7217,659,1800142,304,335784,0,260601
2023-12-15,lubelskie,LU,225,306575,1,7218,416,1800558,232,336016,0,260601
2023-12-16,lubelskie,LU,276,306851,1,7219,539,1801097,309,336325,0,260601
2023-12-17,lubelskie,LU,8,306859,0,7219,31,1801128,8,336333,0,260601
2023-12-18,lubelskie,LU,7,306866,0,7219,21,1801149,8,336341,0,260601
2023-12-19,lubelskie,LU,352,307218,2,7221,707,1801856,365,336706,0,260601
2023-12-20,lubelskie,LU,258,307476,4,7225,492,1802348,262,336968,0,260601
2023-12-21,lubelskie,LU,251,307727,2,7227,485,1802833,257,337225,0,260601
2023-12-22,lubelskie,LU,257,307984,0,7227,448,1803281,265,337490,0,260601
2023-12-23,lubelskie,LU,217,308201,1,7228,497,1803778,237,337727,0,260601
2023-12-24,lubelskie,LU,12,308213,0,7228,42,1803820,15,337742,0,260601
2023-12-25,lubelskie,LU,5,308218,0,7228,12,1803832,6,337748,0,260601
2023-12-26,lubelskie,LU,4,308222,0,7228,16,1803848,4,337752,0,260601
2023-12-27,lubelskie,LU,6,308228,0,7228,19,1803867,6,337758,0,260601
2023-12-28,lubelskie,LU,259,308487,1,7229,700,1804567,279,338037,0,260601
2023-12-29,lubelskie,LU,202,308689,1,7230,425,1804992,209,338246,0,260601
2023-12-30,lubelskie,LU,251,308940,0,7230,489,1805481,258,338504,0,260601
2023-12-31,lubelskie,LU,17,308957,0,7230,36,1805517,17,338521,0,260601
2024-01-01,lubelskie,LU,6,308963,0,7230,20,1805537,8,338529,0,260601
2024-01-02,lubelskie,LU,3,308966,0,7230,15,1805552,3,338532,0,260601
2024-01-03,lubelskie,LU,188,309154,0,7230,445,1805997,193,338725,0,260601
2024-01-04,lubelskie,LU,192,309346,1,7231,574,1806571,207,338932,0,260601
2024-01-05,lubelskie,LU,142,309488,0,7231,416,1806987,147,339079,0,260601
2024-01-06,lubelskie,LU,136,309624,1,7232,339,1807326,142,339221,0,260601
2024-01-07,lubelskie,LU,8,309632,0,7232,22,1807348,9,339230,0,260601
2024-01-08,lubelskie,LU,8,309640,0,7232,33,1807381,9,339239,0,260601
2024-01-09,lubelskie,LU,171,309811,0,7232,478,1807859,179,339418,0,260601
2024-01-10,lubelskie,LU,81,309892,0,7232,260,1808119,85,339503,0,260601
2024-01-11,lubelskie,LU,97,309989,1,7233,281,1808400,103,339606,0,260601
2024-01-12,lubelskie,LU,104,310093,0,7233,381,1808781,110,339716,0,260601
2024-01-13,lubelskie,LU,95,310188,0,7233,261,1809042,106,339822,0,260601
2024-01-14,lubelskie,LU,10,310198,0,7233,57,1809099,11,339833,0,260601
2024-01-15,lubelskie,LU,13,310211,0,7233,48,1809147,15,339848,0,260601
2024-01-16,lubelskie,LU,182,310393,0,7233,494,1809641,190,340038,0,260601
2024-01-17,lubelskie,LU,94,310487,1,7234,288,1809929,99,340137,0,260601
2024-01-18,lubelskie,LU,95,310582,0,7234,313,1810242,103,340240,0,260601
2024-01-19,lubelskie,LU,66,310648,1,7235,276,1810518,70,340310,0,260601
2024-01-20,lubelskie,LU,69,310717,1,7236,306,1810824,77,340387,0,260601
2024-01-21,lubelskie,LU,6,310723,0,7236,59,1810883,7,340394,0,260601
2024-01-22,lubelskie,LU,3,310726,0,7236,14,1810897,3,340397,0,260601
2024-01-23,lubelskie,LU,135,310861,0,7236,434,1811331,137,340534,0,260601
2024-01-24,lubelskie,LU,93,310954,1,7237,304,1811635,97,340631,0,260601
2024-01-25,lubelskie,LU,68,311022,0,7237,292,1811927,76,340707,0,260601
2024-01-26,lubelskie,LU,58,311080,0,7237,267,1812194,65,340772,0,260601
2024-01-27,lubelskie,LU,72,311152,1,7238,340,1812534,76,340848,0,260601
2024-01-28,lubelskie,LU,3,311155,0,7238,19,1812553,3,340851,0,260601
2024-01-29,lubelskie,LU,11,311166,0,7238,96,1812649,16,340867,0,260601
2024-01-30,lubelskie,LU,68,311234,0,7238,370,1813019,70,340937,0,260601
2024-01-31,lubelskie,LU,51,311285,0,7238,245,1813264,51,340988,0,260601
2024-02-01,lubelskie,LU,66,311351,0,7238,257,1813521,71,341059,0,260601
2024-02-02,lubelskie,LU,40,311391,1,7239,254,1813775,43,341102,0,260601
2024-02-03,lubelskie,LU,54,311445,0,7239,256,1814031,57,341159,0,260601
2024-02-04,lubelskie,LU,5,311450,0,7239,81,1814112,6,341165,0,260601
2024-02-05,lubelskie,LU,2,311452,0,7239,22,1814134,2,341167,0,260601
2024-02-06,lubelskie,LU,44,311496,0,7239,356,1814490,48,341215,0,260601
2024-02-07,lubelskie,LU,35,311531,0,7239,224,1814714,39,341254,0,260601
2024-02-08,lubelskie,LU,29,311560,0,7239,218,1814932,29,341283,0,260601
2024-02-09,lubelskie,LU,23,311583,0,7239,186,1815118,26,341309,0,260601
2024-02-10,lubelskie,LU,28,311611,0,7239,177,1815295,33,341342,0,260601
2024-02-11,lubelskie,LU,4,311615,0,7239,79,1815374,5,341347,0,260601
2024-02-12,lubelskie,LU,14,311629,0,7239,174,1815548,17,341364,0,260601
2024-02-13,lubelskie,LU,45,311674,0,7239,287,1815835,50,341414,0,260601
2024-02-14,lubelskie,LU,27,311701,1,7240,189,1816024,28,341442,0,260601
2024-02-15,lubelskie,LU,25,311726,0,7240,180,1816204,28,341470,0,260601
2024-02-16,lubelskie,LU,19,311745,0,7240,143,1816347,21,341491,0,260601
2024-02-17,lubelskie,LU,22,311767,0,7240,293,1816640,23,341514,0,260601
2024-02-18,lubelskie,LU,0,311767,0,7240,27,1816667,0,341514,0,260601
2024-02-19,lubelskie,LU,0,311767,0,7240,21,1816688,0,341514,0,260601
2024-02-20,lubelskie,LU,35,311802,0,7240,206,1816894,37,341551,0,260601
2024-02-21,lubelskie,LU,24,311826,0,7240,164,1817058,24,341575,0,260601
2024-02-22,lubelskie,LU,31,311857,0,7240,187,1817245,33,341608,0,260601
2024-02-23,lubelskie,LU,15,311872,0,7240,150,1817395,16,341624,0,260601
2024-02-24,lubelskie,LU,13,311885,1,7241,194,1817589,15,341639,0,260601
2024-02-25,lubelskie,LU,0,311885,0,7241,11,1817600,0,341639,0,260601
2024-02-26,lubelskie,LU,2,311887,0,7241,35,1817635,3,341642,0,260601
2024-02-27,lubelskie,LU,26,311913,0,7241,257,1817892,28,341670,0,260601
2024-02-28,lubelskie,LU,21,311934,1,7242,141,1818033,21,341691,0,260601
2024-02-29,lubelskie,LU,22,311956,0,7242,146,1818179,22,341713,0,260601
2024-03-01,lubelskie,LU,13,311969,0,7242,136,1818315,14,341727,0,260601
2024-03-02,lubelskie,LU,18,311987,0,7242,157,1818472,18,341745,0,260601
2024-03-03,lubelskie,LU,12,311999,0,7242,55,1818527,13,341758,0,260601
2024-03-04,lubelskie,LU,0,311999,0,7242,9,1818536,0,341758,0,260601
2024-03-05,lubelskie,LU,11,312010,0,7242,167,1818703,12,341770,0,260601
2024-03-06,lubelskie,LU,9,312019,0,7242,129,1818832,9,341779,0,260601
2024-03-07,lubelskie,LU,22,312041,1,7243,155,1818987,23,341802,0,260601
2024-03-08,lubelskie,LU,9,312050,0,7243,84,1819071,10,341812,0,260601
2024-03-09,lubelskie,LU,11,312061,0,7243,99,1819170,11,341823,0,260601
2024-03-10,lubelskie,LU,2,312063,0,7243,10,1819180,3,341826,0,260601
2024-03-11,lubelskie,LU,5,312068,0,7243,58,1819238,6,341832,0,260601
2024-03-12,lubelskie,LU,16,312084,0,7243,169,1819407,19,341851,0,260601
2024-03-13,lubelskie,LU,9,312093,0,7243,95,1819502,9,341860,0,260601
2024-03-14,lubelskie,LU,11,312104,0,7243,159,1819661,13,341873,0,260601
2024-03-15,lubelskie,LU,10,312114,1,7244,91,1819752,13,341886,0,260601
2024-03-16,lubelskie,LU,18,312132,0,7244,120,1819872,19,341905,0,260601
2024-03-17,lubelskie,LU,1,312133,0,7244,39,1819911,2,341907,0,260601
2024-03-18,lubelskie,LU,0,312133,0,7244,6,1819917,0,341907,0,260601
2024-03-19,lubelskie,LU,10,312143,0,7244,150,1820067,10,341917,0,260601
2024-03-20,lubelskie,LU,13,312156,0,7244,124,1820191,17,341934,0,260601
2024-03-21,lubelskie,LU,13,312169,0,7244,101,1820292,13,341947,0,260601
2024-03-22,lubelskie,LU,5,312174,0,7244,76,1820368,5,341952,0,260601
2024-03-23,lubelskie,LU,11,312185,0,7244,107,1820475,12,341964,0,260601
2024-03-24,lubelskie,LU,0,312185,0,7244,7,1820482,0,341964,0,260601
2024-03-25,lubelskie,LU,0,312185,0,7244,6,1820488,0,341964,0,260601
2024-03-26,lubelskie,LU,13,312198,0,7244,192,1820680,13,341977,0,260601
2024-03-27,lubelskie,LU,7,312205,0,7244,87,1820767,7,341984,0,260601
2024-03-28,lubelskie,LU,7,312212,0,7244,123,1820890,7,341991,0,260601
2024-03-29,lubelskie,LU,5,312217,0,7244,58,1820948,5,341996,0,260601
2024-03-30,lubelskie,LU,13,312230,0,7244,61,1821009,14,342010,0,260601
2024-03-31,lubelskie,LU,0,312230,0,7244,3,1821012,0,342010,0,260601
2024-04-01,lubelskie,LU,0,312230,0,7244,6,1821018,0,342010,0,260601
2024-04-02,lubelskie,LU,0,312230,0,7244,5,1821023,0,342010,0,260601
2024-04-03,lubelskie,LU,8,312238,0,7244,134,1821157,9,342019,0,260601
2024-04-19,lubelskie,LU,3,312241,0,7244,39,1821196,3,342022,0,260601
2024-04-20,lubelskie,LU,1,312242,0,7244,46,1821242,1,342023,0,260601
2024-04-21,lubelskie,LU,0,312242,0,7244,9,1821251,0,342023,0,260601
2024-04-22,lubelskie,LU,0,312242,0,7244,2,1821253,0,342023,0,260601
2024-04-23,lubelskie,LU,4,312246,0,7244,54,1821307,4,342027,0,260601
2024-04-24,lubelskie,LU,4,312250,0,7244,54,1821361,4,342031,0,260601
2024-04-25,lubelskie,LU,2,312252,0,7244,33,1821394,2,342033,0,260601
2024-04-26,lubelskie,LU,3,312255,0,7244,47,1821441,3,342036,0,260601
2024-04-27,lubelskie,LU,1,312256,0,7244,38,1821479,1,342037,0,260601
2024-04-28,lubelskie,LU,0,312256,0,7244,6,1821485,0,342037,0,260601
2024-04-29,lubelskie,LU,0,312256,0,7244,0,1821485,0,342037,0,260601
2024-04-30,lubelskie,LU,3,312259,0,7244,69,1821554,3,342040,0,260601
2024-05-01,lubelskie,LU,4,312263,0,7244,41,1821595,4,342044,0,260601
2024-05-02,lubelskie,LU,0,312263,0,7244,7,1821602,0,342044,0,260601
2024-05-03,lubelskie,LU,0,312263,0,7244,26,1821628,0,342044,0,260601
2024-05-04,lubelskie,LU,0,312263,0,7244,4,1821632,0,342044,0,260601
2024-05-05,lubelskie,LU,0,312263,0,7244,2,1821634,0,342044,0,260601
2024-05-06,lubelskie,LU,0,312263,0,7244,6,1821640,1,342045,0,260601
2024-05-07,lubelskie,LU,1,312264,0,7244,49,1821689,1,342046,0,260601
2024-05-08,lubelskie,LU,0,312264,0,7244,28,1821717,0,342046,0,260601
2024-05-09,lubelskie,LU,5,312269,0,7244,61,1821778,6,342052,0,260601
2024-05-10,lubelskie,LU,3,312272,0,7244,22,1821800,3,342055,0,260601
2024-05-11,lubelskie,LU,1,312273,0,7244,18,1821818,1,342056,0,260601
2024-05-12,lubelskie,LU,0,312273,0,7244,2,1821820,0,342056,0,260601
2024-05-13,lubelskie,LU,0,312273,0,7244,0,1821820,0,342056,0,260601
2024-05-14,lubelskie,LU,6,312279,0,7244,47,1821867,8,342064,0,260601
2024-05-15,lubelskie,LU,3,312282,0,7244,19,1821886,4,342068,0,260601
2024-05-16,lubelskie,LU,2,312284,0,7244,20,1821906,2,342070,0,260601
2024-05-17,lubelskie,LU,1,312285,0,7244,47,1821953,2,342072,0,260601
2024-05-18,lubelskie,LU,5,312290,0,7244,23,1821976,6,342078,0,260601
2024-05-19,lubelskie,LU,0,312290,0,7244,5,1821981,0,342078,0,260601
2024-05-20,lubelskie,LU,0,312290,0,7244,4,1821985,0,342078,0,260601
2024-05-21,lubelskie,LU,0,312290,0,7244,28,1822013,0,342078,0,260601
2024-05-22,lubelskie,LU,5,312295,0,7244,20,1822033,5,342083,0,260601
2024-05-23,lubelskie,LU,4,312299,0,7244,19,1822052,4,342087,0,260601
2024-05-24,lubelskie,LU,2,312301,0,7244,34,1822086,3,342090,0,260601
2024-05-25,lubelskie,LU,2,312303,0,7244,23,1822109,2,342092,0,260601
2024-05-26,lubelskie,LU,0,312303,0,7244,3,1822112,0,342092,0,260601
2024-05-27,lubelskie,LU,0,312303,0,7244,2,1822114,0,342092,0,260601
2024-05-28,lubelskie,LU,4,312307,0,7244,34,1822148,4,342096,0,260601
2024-05-29,lubelskie,LU,0,312307,0,7244,24,1822172,0,342096,0,260601
2024-05-30,lubelskie,LU,0,312307,0,7244,12,1822184,0,342096,0,260601
2024-05-31,lubelskie,LU,0,312307,0,7244,3,1822187,0,342096,0,260601
2024-06-01,lubelskie,LU,1,312308,0,7244,14,1822201,1,342097,0,260601
2024-06-02,lubelskie,LU,0,312308,0,7244,4,1822205,0,342097,0,260601
2024-06-03,lubelskie,LU,0,312308,0,7244,0,1822205,0,342097,0,260601
2024-06-04,lubelskie,LU,2,312310,0,7244,29,1822234,2,342099,0,260601
2024-06-05,lubelskie,LU,2,312312,0,7244,31,1822265,2,342101,0,260601
2024-06-06,lubelskie,LU,4,312316,0,7244,15,1822280,4,342105,0,260601
2024-06-07,lubelskie,LU,6,312322,0,7244,17,1822297,6,342111,0,260601
2024-06-08,lubelskie,LU,3,312325,0,7244,20,1822317,3,342114,0,260601
2024-06-09,lubelskie,LU,1,312326,0,7244,2,1822319,1,342115,0,260601
2024-06-10,lubelskie,LU,0,312326,0,7244,1,1822320,0,342115,0,260601
2024-06-11,lubelskie,LU,2,312328,0,7244,48,1822368,3,342118,0,260601
2024-06-12,lubelskie,LU,4,312332,0,7244,23,1822391,4,342122,0,260601
2024-06-13,lubelskie,LU,5,312337,0,7244,18,1822409,5,342127,0,260601
2024-06-14,lubelskie,LU,4,312341,0,7244,26,1822435,4,342131,0,260601
2024-06-15,lubelskie,LU,4,312345,0,7244,22,1822457,4,342135,0,260601
2024-06-16,lubelskie,LU,0,312345,0,7244,2,1822459,0,342135,0,260601
2024-06-17,lubelskie,LU,0,312345,0,7244,0,1822459,0,342135,0,260601
2024-06-18,lubelskie,LU,8,312353,0,7244,31,1822490,8,342143,0,260601
2024-06-19,lubelskie,LU,2,312355,0,7244,22,1822512,2,342145,0,260601
2024-06-20,lubelskie,LU,12,312367,0,7244,25,1822537,12,342157,0,260601
2024-06-21,lubelskie,LU,7,312374,0,7244,41,1822578,7,342164,0,260601
2024-06-22,lubelskie,LU,8,312382,0,7244,21,1822599,8,342172,0,260601
2024-06-23,lubelskie,LU,0,312382,0,7244,1,1822600,0,342172,0,260601
2024-06-24,lubelskie,LU,0,312382,0,7244,1,1822601,0,342172,0,260601
2024-06-25,lubelskie,LU,8,312390,0,7244,18,1822619,8,342180,0,260601
2024-06-26,lubelskie,LU,7,312397,0,7244,16,1822635,7,342187,0,260601
2024-06-27,lubelskie,LU,9,312406,0,7244,25,1822660,9,342196,0,260601
2024-06-28,lubelskie,LU,7,312413,0,7244,19,1822679,7,342203,0,260601
2024-06-29,lubelskie,LU,8,312421,0,7244,29,1822708,8,342211,0,260601
2024-06-30,lubelskie,LU,0,312421,0,7244,7,1822715,0,342211,0,260601
2024-07-01,lubelskie,LU,0,312421,0,7244,5,1822720,0,342211,0,260601
2020-11-24,kujawsko-pomorskie,KP,529,529,17,17,2691,2691,603,603,0,0
2020-11-25,kujawsko-pomorskie,KP,1327,1856,35,52,4925,7616,1380,1983,0,0
2020-11-26,kujawsko-pomorskie,KP,1213,3069,24,76,4275,11891,1282,3265,0,0
2020-11-27,kujawsko-pomorskie,KP,1366,4435,30,106,4511,16402,1422,4687,0,0
2020-11-28,kujawsko-pomorskie,KP,1010,5445,29,135,3924,20326,1051,5738,0,0
2020-11-29,kujawsko-pomorskie,KP,623,6068,14,149,2040,22366,645,6383,0,0
2020-11-30,kujawsko-pomorskie,KP,294,6362,4,153,1395,23761,419,6802,0,0
2020-12-01,kujawsko-pomorskie,KP,1211,7573,40,193,4798,28559,1284,8086,0,0
2020-12-02,kujawsko-pomorskie,KP,1240,8813,32,225,4108,32667,1302,9388,0,0
2020-12-03,kujawsko-pomorskie,KP,1352,10165,27,252,11899,44566,1443,10831,0,0
2020-12-04,kujawsko-pomorskie,KP,1080,11245,12,264,4551,49117,1147,11978,0,0
2020-12-05,kujawsko-pomorskie,KP,1093,12338,14,278,13265,62382,1174,13152,0,0
2020-12-06,kujawsko-pomorskie,KP,722,13060,11,289,2154,64536,754,13906,0,0
2020-12-07,kujawsko-pomorskie,KP,350,13410,6,295,1242,65778,371,14277,0,0
2020-12-08,kujawsko-pomorskie,KP,696,14106,19,314,4498,70276,877,15154,0,0
2020-12-09,kujawsko-pomorskie,KP,1113,15219,28,342,4122,74398,1168,16322,0,0
2020-12-10,kujawsko-pomorskie,KP,1406,16625,35,377,4718,79116,1466,17788,0,0
2020-12-11,kujawsko-pomorskie,KP,1012,17637,52,429,3765,82881,1075,18863,0,0
2020-12-12,kujawsko-pomorskie,KP,1093,18730,47,476,5104,87985,1212,20075,0,0
2020-12-13,kujawsko-pomorskie,KP,768,19498,18,494,2538,90523,818,20893,0,0
2020-12-14,kujawsko-pomorskie,KP,545,20043,9,503,1620,92143,594,21487,0,0
2020-12-15,kujawsko-pomorskie,KP,760,20803,28,531,3442,95585,907,22394,0,0
2020-12-16,kujawsko-pomorskie,KP,1189,21992,45,576,3989,99574,1269,23663,0,0
2020-12-17,kujawsko-pomorskie,KP,1144,23136,45,621,4161,103735,1225,24888,0,0
2020-12-18,kujawsko-pomorskie,KP,1055,24191,27,648,3935,107670,1119,26007,0,0
2020-12-19,kujawsko-pomorskie,KP,1124,25315,32,680,4005,111675,1188,27195,0,0
2020-12-20,kujawsko-pomorskie,KP,793,26108,13,693,2468,114143,828,28023,0,0
2020-12-21,kujawsko-pomorskie,KP,488,26596,4,697,1630,115773,617,28640,0,0
2020-12-22,kujawsko-pomorskie,KP,783,27379,32,729,3404,119177,884,29524,0,0
2020-12-23,kujawsko-pomorskie,KP,1211,28590,57,786,3964,123141,1274,30798,0,0
2020-12-24,kujawsko-pomorskie,KP,1312,29902,38,824,4649,127790,1399,32197,848,848
2020-12-25,kujawsko-pomorskie,KP,767,30669,27,851,2225,130015,867,33064,1199,2047
2020-12-26,kujawsko-pomorskie,KP,472,31141,11,862,1382,131397,552,33616,996,3043
2020-12-27,kujawsko-pomorskie,KP,326,31467,6,868,1210,132607,413,34029,986,4029
2020-12-28,kujawsko-pomorskie,KP,302,31769,5,873,1157,133764,331,34360,1050,5079
2020-12-29,kujawsko-pomorskie,KP,720,32489,27,900,3187,136951,823,35183,956,6035
2020-12-30,kujawsko-pomorskie,KP,1106,33595,47,947,3947,140898,1199,36382,473,6508
2020-12-31,kujawsko-pomorskie,KP,1517,35112,47,994,4579,145477,1595,37977,873,7381
2021-01-01,kujawsko-pomorskie,KP,967,36079,27,1021,3191,148668,1111,39088,1228,8609
2021-01-02,kujawsko-pomorskie,KP,471,36550,17,1038,1584,150252,605,39693,1199,9808
2021-01-03,kujawsko-pomorskie,KP,672,37222,9,1047,2255,152507,792,40485,704,10512
2021-01-04,kujawsko-pomorskie,KP,484,37706,2,1049,1579,154086,567,41052,483,10995
2021-01-05,kujawsko-pomorskie,KP,912,38618,28,1077,4018,158104,1003,42055,492,11487
2021-01-06,kujawsko-pomorskie,KP,1299,39917,42,1119,4715,162819,1384,43439,414,11901
2021-01-08,kujawsko-pomorskie,KP,1034,40951,39,1158,4453,167272,1210,44649,1093,12994
2021-01-09,kujawsko-pomorskie,KP,886,41837,59,1217,4222,171494,1037,45686,1426,14420
2021-01-10,kujawsko-pomorskie,KP,922,42759,17,1234,2979,174473,990,46676,948,15368
2021-01-11,kujawsko-pomorskie,KP,388,43147,6,1240,1699,176172,494,47170,478,15846
2021-01-12,kujawsko-pomorskie,KP,526,43673,25,1265,3642,179814,619,47789,808,16654
2021-01-13,kujawsko-pomorskie,KP,909,44582,44,1309,4741,184555,971,48760,597,17251
2021-01-14,kujawsko-pomorskie,KP,993,45575,44,1353,4942,189497,1055,49815,850,18101
2021-01-15,kujawsko-pomorskie,KP,712,46287,24,1377,4595,194092,823,50638,1237,19338
2021-01-16,kujawsko-pomorskie,KP,653,46940,33,1410,3983,198075,770,51408,1086,20424
2021-01-17,kujawsko-pomorskie,KP,658,47598,16,1426,3328,201403,719,52127,919,21343
2021-01-18,kujawsko-pomorskie,KP,201,47799,3,1429,1144,202547,219,52346,898,22241
2021-01-19,kujawsko-pomorskie,KP,438,48237,25,1454,3257,205804,543,52889,976,23217
2021-01-20,kujawsko-pomorskie,KP,533,48770,36,1490,2772,208576,574,53463,410,23627
2021-01-21,kujawsko-pomorskie,KP,729,49499,44,1534,3102,211678,790,54253,586,24213
2021-01-22,kujawsko-pomorskie,KP,613,50112,22,1556,2808,214486,669,54922,826,25039
2021-01-23,kujawsko-pomorskie,KP,643,50755,28,1584,3008,217494,730,55652,1077,26116
2021-01-24,kujawsko-pomorskie,KP,447,51202,11,1595,2122,219616,529,56181,754,26870
2021-01-25,kujawsko-pomorskie,KP,218,51420,5,1600,1298,220914,232,56413,686,27556
2021-01-26,kujawsko-pomorskie,KP,452,51872,20,1620,2786,223700,582,56995,576,28132
2021-01-27,kujawsko-pomorskie,KP,630,52502,45,1665,3116,226816,693,57688,264,28396
2021-01-28,kujawsko-pomorskie,KP,718,53220,37,1702,3121,229937,789,58477,466,28862
2021-01-29,kujawsko-pomorskie,KP,500,53720,15,1717,3041,232978,594,59071,555,29417
2021-01-30,kujawsko-pomorskie,KP,482,54202,24,1741,3096,236074,576,59647,759,30176
2021-01-31,kujawsko-pomorskie,KP,394,54596,10,1751,1896,237970,427,60074,582,30758
2021-02-01,kujawsko-pomorskie,KP,219,54815,3,1754,1304,239274,262,60336,632,31390
2021-02-02,kujawsko-pomorskie,KP,449,55264,22,1776,3510,242784,531,60867,487,31877
2021-02-03,kujawsko-pomorskie,KP,432,55696,19,1795,2863,245647,459,61326,249,32126
2021-02-04,kujawsko-pomorskie,KP,719,56415,52,1847,3254,248901,779,62105,472,32598
2021-02-05,kujawsko-pomorskie,KP,557,56972,77,1924,2853,251754,615,62720,649,33247
2021-02-06,kujawsko-pomorskie,KP,466,57438,22,1946,2757,254511,541,63261,743,33990
2021-02-07,kujawsko-pomorskie,KP,380,57818,3,1949,1893,256404,424,63685,464,34454
2021-02-08,kujawsko-pomorskie,KP,227,58045,2,1951,1167,257571,281,63966,466,34920
2021-02-09,kujawsko-pomorskie,KP,339,58384,14,1965,3161,260732,382,64348,460,35380
2021-02-10,kujawsko-pomorskie,KP,568,58952,34,1999,3247,263979,594,64942,236,35616
2021-02-11,kujawsko-pomorskie,KP,567,59519,31,2030,2866,266845,616,65558,456,36072
2021-02-12,kujawsko-pomorskie,KP,512,60031,15,2045,3184,270029,570,66128,425,36497
2021-02-13,kujawsko-pomorskie,KP,518,60549,28,2073,3189,273218,608,66736,689,37186
2021-02-14,kujawsko-pomorskie,KP,403,60952,3,2076,2165,275383,461,67197,497,37683
2021-02-15,kujawsko-pomorskie,KP,197,61149,0,2076,1426,276809,238,67435,459,38142
2021-02-16,kujawsko-pomorskie,KP,384,61533,19,2095,2981,279790,430,67865,455,38597
2021-02-17,kujawsko-pomorskie,KP,582,62115,13,2108,3139,282929,615,68480,248,38845
2021-02-18,kujawsko-pomorskie,KP,762,62877,30,2138,3546,286475,823,69303,352,39197
2021-02-19,kujawsko-pomorskie,KP,601,63478,19,2157,3018,289493,657,69960,540,39737
2021-02-20,kujawsko-pomorskie,KP,535,64013,14,2171,3102,292595,629,70589,628,40365
2021-02-21,kujawsko-pomorskie,KP,459,64472,2,2173,2104,294699,527,71116,509,40874
2021-02-22,kujawsko-pomorskie,KP,217,64689,1,2174,1370,296069,257,71373,470,41344
2021-02-23,kujawsko-pomorskie,KP,453,65142,20,2194,2918,298987,499,71872,421,41765
2021-02-24,kujawsko-pomorskie,KP,741,65883,33,2227,3620,302607,781,72653,239,42004
2021-02-25,kujawsko-pomorskie,KP,858,66741,6,2233,3585,306192,947,73600,417,42421
2021-02-26,kujawsko-pomorskie,KP,741,67482,14,2247,3580,309772,815,74415,545,42966
2021-02-27,kujawsko-pomorskie,KP,708,68190,21,2268,3894,313666,834,75249,793,43759
2021-02-28,kujawsko-pomorskie,KP,480,68670,1,2269,2225,315891,583,75832,551,44310
2021-03-01,kujawsko-pomorskie,KP,336,69006,2,2271,1873,317764,410,76242,510,44820
2021-03-02,kujawsko-pomorskie,KP,529,69535,27,2298,2995,320759,596,76838,509,45329
2021-03-03,kujawsko-pomorskie,KP,949,70484,23,2321,3680,324439,990,77828,254,45583
2021-03-04,kujawsko-pomorskie,KP,1049,71533,21,2342,3839,328278,1130,78958,568,46151
2021-03-05,kujawsko-pomorskie,KP,983,72516,15,2357,3591,331869,1062,80020,689,46840
2021-03-06,kujawsko-pomorskie,KP,833,73349,10,2367,3656,335525,960,80980,885,47725
2021-03-07,kujawsko-pomorskie,KP,696,74045,3,2370,2814,338339,799,81779,648,48373
2021-03-08,kujawsko-pomorskie,KP,298,74343,7,2377,1729,340068,366,82145,665,49038
2021-03-09,kujawsko-pomorskie,KP,728,75071,24,2401,3531,343599,805,82950,542,49580
2021-03-10,kujawsko-pomorskie,KP,944,76015,25,2426,3791,347390,998,83948,346,49926
2021-03-11,kujawsko-pomorskie,KP,1314,77329,32,2458,4606,351996,1464,85412,668,50594
2021-03-12,kujawsko-pomorskie,KP,991,78320,24,2482,3843,355839,1036,86448,786,51380
2021-03-13,kujawsko-pomorskie,KP,1225,79545,23,2505,4487,360326,1318,87766,1110,52490
2021-03-14,kujawsko-pomorskie,KP,843,80388,5,2510,2833,363159,969,88735,907,53397
2021-03-15,kujawsko-pomorskie,KP,596,80984,1,2511,2344,365503,701,89436,801,54198
2021-03-16,kujawsko-pomorskie,KP,972,81956,38,2549,4252,369755,1046,90482,798,54996
2021-03-17,kujawsko-pomorskie,KP,1272,83228,31,2580,4521,374276,1382,91864,369,55365
2021-03-18,kujawsko-pomorskie,KP,1734,84962,21,2601,4713,378989,1855,93719,735,56100
2021-03-19,kujawsko-pomorskie,KP,1567,86529,30,2631,5448,384437,1875,95594,969,57069
2021-03-20,kujawsko-pomorskie,KP,1489,88018,25,2656,5201,389638,1728,97322,1328,58397
2021-03-21,kujawsko-pomorskie,KP,1155,89173,4,2660,3559,393197,1193,98515,985,59382
2021-03-22,kujawsko-pomorskie,KP,704,89877,8,2668,2380,395577,739,99254,1042,60424
2021-03-23,kujawsko-pomorskie,KP,862,90739,46,2714,4290,399867,1272,100526,1015,61439
2021-03-24,kujawsko-pomorskie,KP,1273,92012,47,2761,4457,404324,1459,101985,526,61965
2021-03-25,kujawsko-pomorskie,KP,2254,94266,31,2792,6404,410728,2448,104433,1101,63066
2021-03-26,kujawsko-pomorskie,KP,1939,96205,30,2822,6361,417089,2277,106710,1265,64331
2021-03-27,kujawsko-pomorskie,KP,1501,97706,23,2845,5870,422959,1775,108485,1852,66183
2021-03-28,kujawsko-pomorskie,KP,1537,99243,6,2851,5323,428282,1808,110293,1304,67487
2021-03-29,kujawsko-pomorskie,KP,642,99885,9,2860,2763,431045,934,111227,1460,68947
2021-03-30,kujawsko-pomorskie,KP,1179,101064,51,2911,4932,435977,1316,112543,1211,70158
2021-03-31,kujawsko-pomorskie,KP,1658,102722,49,2960,5348,441325,1839,114382,708,70866
2021-04-01,kujawsko-pomorskie,KP,1791,104513,42,3002,5667,446992,1993,116375,1279,72145
2021-04-02,kujawsko-pomorskie,KP,1594,106107,33,3035,5031,452023,1643,118018,1456,73601
2021-04-03,kujawsko-pomorskie,KP,1126,107233,42,3077,4962,456985,1484,119502,2006,75607
2021-04-04,kujawsko-pomorskie,KP,1102,108335,13,3090,3494,460479,1286,120788,1826,77433
2021-04-05,kujawsko-pomorskie,KP,376,108711,3,3093,1811,462290,569,121357,1508,78941
2021-04-06,kujawsko-pomorskie,KP,368,109079,4,3097,2111,464401,541,121898,1313,80254
2021-04-07,kujawsko-pomorskie,KP,776,109855,63,3160,4447,468848,855,122753,842,81096
2021-04-08,kujawsko-pomorskie,KP,1586,111441,65,3225,6158,475006,1668,124421,1304,82400
2021-04-09,kujawsko-pomorskie,KP,1442,112883,34,3259,5200,480206,1595,126016,1635,84035
2021-04-10,kujawsko-pomorskie,KP,1189,114072,54,3313,5299,485505,1263,127279,1808,85843
2021-04-11,kujawsko-pomorskie,KP,1111,115183,7,3320,3988,489493,1152,128431,1366,87209
2021-04-12,kujawsko-pomorskie,KP,524,115707,2,3322,2094,491587,556,128987,1218,88427
2021-04-13,kujawsko-pomorskie,KP,758,116465,74,3396,4138,495725,803,129790,1070,89497
2021-04-14,kujawsko-pomorskie,KP,989,117454,48,3444,5065,500790,1040,130830,453,89950
2021-04-15,kujawsko-pomorskie,KP,1085,118539,33,3477,4176,504966,1124,131954,478,90428
2021-04-16,kujawsko-pomorskie,KP,892,119431,30,3507,4040,509006,926,132880,1025,91453
2021-04-17,kujawsko-pomorskie,KP,780,120211,55,3562,4335,513341,827,133707,1605,93058
2021-04-18,kujawsko-pomorskie,KP,623,120834,6,3568,2828,516169,652,134359,1265,94323
2021-04-19,kujawsko-pomorskie,KP,342,121176,5,3573,2142,518311,470,134829,1214,95537
2021-04-20,kujawsko-pomorskie,KP,545,121721,56,3629,3638,521949,579,135408,977,96514
2021-04-21,kujawsko-pomorskie,KP,663,122384,39,3668,3799,525748,708,136116,544,97058
2021-04-22,kujawsko-pomorskie,KP,695,123079,28,3696,3597,529345,729,136845,897,97955
2021-04-23,kujawsko-pomorskie,KP,469,123548,22,3718,2730,532075,499,137344,993,98948
2021-04-24,kujawsko-pomorskie,KP,442,123990,21,3739,3289,535364,479,137823,1095,100043
2021-04-25,kujawsko-pomorskie,KP,316,124306,1,3740,1867,537231,339,138162,859,100902
2021-04-26,kujawsko-pomorskie,KP,183,124489,5,3745,1229,538460,199,138361,780,101682
2021-04-27,kujawsko-pomorskie,KP,372,124861,41,3786,3763,542223,413,138774,637,102319
2021-04-28,kujawsko-pomorskie,KP,411,125272,32,3818,3234,545457,427,139201,386,102705
2021-04-29,kujawsko-pomorskie,KP,425,125697,29,3847,2967,548424,455,139656,644,103349
2021-04-30,kujawsko-pomorskie,KP,302,125999,25,3872,2690,551114,325,139981,583,103932
2021-05-01,kujawsko-pomorskie,KP,272,126271,23,3895,2982,554096,305,140286,776,104708
2021-05-02,kujawsko-pomorskie,KP,248,126519,7,3902,1654,555750,264,140550,490,105198
2021-05-03,kujawsko-pomorskie,KP,130,126649,4,3906,1229,556979,136,140686,379,105577
2021-05-04,kujawsko-pomorskie,KP,131,126780,1,3907,1417,558396,139,140825,315,105892
2021-05-05,kujawsko-pomorskie,KP,216,126996,52,3959,3308,561704,244,141069,240,106132
2021-05-06,kujawsko-pomorskie,KP,321,127317,22,3981,3102,564806,346,141415,410,106542
2021-05-07,kujawsko-pomorskie,KP,308,127625,23,4004,3000,567806,321,141736,388,106930
2021-05-08,kujawsko-pomorskie,KP,206,127831,15,4019,2967,570773,226,141962,435,107365
2021-05-09,kujawsko-pomorskie,KP,194,128025,4,4023,2036,572809,204,142166,293,107658
2021-05-10,kujawsko-pomorskie,KP,96,128121,0,4023,1339,574148,103,142269,292,107950
2021-05-11,kujawsko-pomorskie,KP,208,128329,28,4051,3474,577622,223,142492,275,108225
2021-05-12,kujawsko-pomorskie,KP,238,128567,15,4066,3338,580960,263,142755,145,108370
2021-05-13,kujawsko-pomorskie,KP,202,128769,12,4078,2607,583567,216,142971,155,108525
2021-05-14,kujawsko-pomorskie,KP,169,128938,15,4093,2710,586277,189,143160,247,108772
2021-05-15,kujawsko-pomorskie,KP,144,129082,14,4107,2494,588771,149,143309,314,109086
2021-05-16,kujawsko-pomorskie,KP,108,129190,1,4108,1893,590664,115,143424,277,109363
2021-05-17,kujawsko-pomorskie,KP,59,129249,0,4108,1255,591919,64,143488,226,109589
2021-05-18,kujawsko-pomorskie,KP,99,129348,15,4123,2926,594845,111,143599,205,109794
2021-05-19,kujawsko-pomorskie,KP,104,129452,13,4136,2727,597572,112,143711,117,109911
2021-05-20,kujawsko-pomorskie,KP,86,129538,9,4145,2632,600204,98,143809,212,110123
2021-05-21,kujawsko-pomorskie,KP,81,129619,7,4152,2505,602709,86,143895,206,110329
2021-05-22,kujawsko-pomorskie,KP,68,129687,6,4158,2614,605323,78,143973,223,110552
2021-05-23,kujawsko-pomorskie,KP,53,129740,1,4159,1845,607168,59,144032,172,110724
2021-05-24,kujawsko-pomorskie,KP,27,129767,0,4159,1117,608285,29,144061,141,110865
2021-05-25,kujawsko-pomorskie,KP,51,129818,6,4165,3045,611330,57,144118,123,110988
2021-05-26,kujawsko-pomorskie,KP,53,129871,6,4171,2774,614104,55,144173,71,111059
2021-05-27,kujawsko-pomorskie,KP,55,129926,4,4175,2807,616911,73,144246,121,111180
2021-05-28,kujawsko-pomorskie,KP,39,129965,8,4183,2416,619327,42,144288,101,111281
2021-05-29,kujawsko-pomorskie,KP,27,129992,6,4189,2907,622234,39,144327,100,111381
2021-05-30,kujawsko-pomorskie,KP,22,130014,0,4189,1570,623804,27,144354,83,111464
2021-05-31,kujawsko-pomorskie,KP,9,130023,0,4189,1190,624994,12,144366,61,111525
2021-06-01,kujawsko-pomorskie,KP,18,130041,9,4198,2637,627631,22,144388,62,111587
2021-06-02,kujawsko-pomorskie,KP,27,130068,1,4199,2980,630611,33,144421,30,111617
2021-06-03,kujawsko-pomorskie,KP,28,130096,1,4200,2349,632960,38,144459,55,111672
2021-06-04,kujawsko-pomorskie,KP,15,130111,3,4203,1339,634299,16,144475,53,111725
2021-06-05,kujawsko-pomorskie,KP,27,130138,1,4204,2398,636697,29,144504,56,111781
2021-06-06,kujawsko-pomorskie,KP,12,130150,0,4204,1728,638425,13,144517,40,111821
2021-06-07,kujawsko-pomorskie,KP,11,130161,1,4205,1363,639788,13,144530,34,111855
2021-06-08,kujawsko-pomorskie,KP,14,130175,5,4210,3310,643098,15,144545,28,111883
2021-06-09,kujawsko-pomorskie,KP,16,130191,7,4217,2766,645864,25,144570,14,111897
2021-06-10,kujawsko-pomorskie,KP,14,130205,0,4217,2443,648307,21,144591,18,111915
2021-06-11,kujawsko-pomorskie,KP,13,130218,6,4223,2473,650780,16,144607,23,111938
2021-06-12,kujawsko-pomorskie,KP,15,130233,3,4226,2455,653235,18,144625,34,111972
2021-06-13,kujawsko-pomorskie,KP,8,130241,0,4226,1839,655074,8,144633,23,111995
2021-06-14,kujawsko-pomorskie,KP,6,130247,0,4226,1085,656159,6,144639,19,112014
2021-06-15,kujawsko-pomorskie,KP,8,130255,1,4227,3087,659246,11,144650,17,112031
2021-06-16,kujawsko-pomorskie,KP,21,130276,3,4230,2592,661838,27,144677,12,112043
2021-06-17,kujawsko-pomorskie,KP,10,130286,1,4231,2063,663901,14,144691,18,112061
2021-06-18,kujawsko-pomorskie,KP,14,130300,1,4232,1997,665898,18,144709,21,112082
2021-06-19,kujawsko-pomorskie,KP,2,130302,1,4233,2071,667969,4,144713,15,112097
2021-06-20,kujawsko-pomorskie,KP,11,130313,0,4233,1383,669352,14,144727,11,112108
2021-06-21,kujawsko-pomorskie,KP,4,130317,0,4233,1012,670364,6,144733,13,112121
2021-06-22,kujawsko-pomorskie,KP,3,130320,2,4235,3060,673424,4,144737,13,112134
2021-06-23,kujawsko-pomorskie,KP,5,130325,2,4237,2847,676271,11,144748,6,112140
2021-06-24,kujawsko-pomorskie,KP,6,130331,1,4238,2002,678273,7,144755,12,112152
2021-06-25,kujawsko-pomorskie,KP,0,130331,2,4240,1777,680050,1,144756,21,112173
2021-06-26,kujawsko-pomorskie,KP,1,130332,4,4244,1877,681927,2,144758,8,112181
2021-06-27,kujawsko-pomorskie,KP,4,130336,0,4244,1125,683052,4,144762,13,112194
2021-06-28,kujawsko-pomorskie,KP,2,130338,0,4244,842,683894,6,144768,6,112200
2021-06-29,kujawsko-pomorskie,KP,6,130344,0,4244,2426,686320,8,144776,10,112210
2021-06-30,kujawsko-pomorskie,KP,5,130349,1,4245,2296,688616,6,144782,4,112214
2021-07-01,kujawsko-pomorskie,KP,8,130357,3,4248,1676,690292,11,144793,7,112221
2021-07-02,kujawsko-pomorskie,KP,5,130362,0,4248,1668,691960,6,144799,6,112227
2021-07-03,kujawsko-pomorskie,KP,4,130366,2,4250,1848,693808,7,144806,6,112233
2021-07-04,kujawsko-pomorskie,KP,3,130369,0,4250,1301,695109,3,144809,4,112237
2021-07-05,kujawsko-pomorskie,KP,2,130371,0,4250,753,695862,3,144812,1,112238
2021-07-06,kujawsko-pomorskie,KP,1,130372,1,4251,2162,698024,2,144814,3,112241
2021-07-07,kujawsko-pomorskie,KP,13,130385,1,4252,2025,700049,15,144829,6,112247
2021-07-08,kujawsko-pomorskie,KP,1,130386,0,4252,1622,701671,3,144832,5,112252
2021-07-09,kujawsko-pomorskie,KP,10,130396,2,4254,1702,703373,12,144844,11,112263
2021-07-10,kujawsko-pomorskie,KP,4,130400,0,4254,1771,705144,4,144848,11,112274
2021-07-11,kujawsko-pomorskie,KP,4,130404,0,4254,1357,706501,4,144852,4,112278
2021-07-12,kujawsko-pomorskie,KP,2,130406,0,4254,927,707428,4,144856,5,112283
2021-07-13,kujawsko-pomorskie,KP,2,130408,0,4254,2038,709466,2,144858,3,112286
2021-07-14,kujawsko-pomorskie,KP,0,130408,1,4255,1909,711375,0,144858,9,112295
2021-07-15,kujawsko-pomorskie,KP,10,130418,1,4256,1527,712902,13,144871,1,112296
2021-07-16,kujawsko-pomorskie,KP,3,130421,0,4256,1492,714394,4,144875,6,112302
2021-07-17,kujawsko-pomorskie,KP,5,130426,0,4256,2034,716428,6,144881,5,112307
2021-07-18,kujawsko-pomorskie,KP,0,130426,0,4256,1156,717584,1,144882,8,112315
2021-07-19,kujawsko-pomorskie,KP,1,130427,0,4256,893,718477,2,144884,4,112319
2021-07-20,kujawsko-pomorskie,KP,6,130433,0,4256,2006,720483,9,144893,7,112326
2021-07-21,kujawsko-pomorskie,KP,5,130438,0,4256,1684,722167,5,144898,4,112330
2021-07-22,kujawsko-pomorskie,KP,1,130439,0,4256,1397,723564,3,144901,3,112333
2021-07-23,kujawsko-pomorskie,KP,4,130443,0,4256,1425,724989,6,144907,4,112337
2021-07-24,kujawsko-pomorskie,KP,4,130447,0,4256,1776,726765,4,144911,10,112347
2021-07-25,kujawsko-pomorskie,KP,5,130452,0,4256,1752,728517,5,144916,3,112350
2021-07-26,kujawsko-pomorskie,KP,3,130455,0,4256,970,729487,3,144919,7,112357
2021-07-27,kujawsko-pomorskie,KP,1,130456,0,4256,1932,731419,4,144923,9,112366
2021-07-28,kujawsko-pomorskie,KP,3,130459,0,4256,1588,733007,3,144926,4,112370
2021-07-29,kujawsko-pomorskie,KP,9,130468,3,4259,1762,734769,14,144940,8,112378
2021-07-30,kujawsko-pomorskie,KP,4,130472,0,4259,1429,736198,6,144946,12,112390
2021-07-31,kujawsko-pomorskie,KP,7,130479,0,4259,1889,738087,8,144954,2,112392
2021-08-01,kujawsko-pomorskie,KP,5,130484,0,4259,1242,739329,6,144960,9,112401
2021-08-02,kujawsko-pomorskie,KP,3,130487,0,4259,953,740282,4,144964,4,112405
2021-08-03,kujawsko-pomorskie,KP,7,130494,0,4259,2070,742352,9,144973,5,112410
2021-08-04,kujawsko-pomorskie,KP,10,130504,0,4259,1748,744100,11,144984,7,112417
2021-08-05,kujawsko-pomorskie,KP,8,130512,1,4260,1699,745799,10,144994,5,112422
2021-08-06,kujawsko-pomorskie,KP,7,130519,2,4262,1673,747472,7,145001,4,112426
2021-08-07,kujawsko-pomorskie,KP,7,130526,0,4262,1938,749410,7,145008,14,112440
2021-08-08,kujawsko-pomorskie,KP,4,130530,0,4262,1435,750845,4,145012,6,112446
2021-08-09,kujawsko-pomorskie,KP,2,130532,0,4262,975,751820,5,145017,4,112450
2021-08-10,kujawsko-pomorskie,KP,16,130548,0,4262,1923,753743,17,145034,9,112459
2021-08-11,kujawsko-pomorskie,KP,3,130551,0,4262,1751,755494,3,145037,8,112467
2021-08-12,kujawsko-pomorskie,KP,6,130557,0,4262,1610,757104,8,145045,8,112475
2021-08-13,kujawsko-pomorskie,KP,10,130567,0,4262,1542,758646,12,145057,7,112482
2021-08-14,kujawsko-pomorskie,KP,9,130576,0,4262,1959,760605,13,145070,9,112491
2021-08-15,kujawsko-pomorskie,KP,6,130582,0,4262,1375,761980,7,145077,4,112495
2021-08-16,kujawsko-pomorskie,KP,4,130586,0,4262,1022,763002,5,145082,10,112505
2021-08-17,kujawsko-pomorskie,KP,9,130595,0,4262,2068,765070,12,145094,14,112519
2021-08-18,kujawsko-pomorskie,KP,6,130601,0,4262,1702,766772,7,145101,7,112526
2021-08-19,kujawsko-pomorskie,KP,7,130608,0,4262,1557,768329,9,145110,14,112540
2021-08-20,kujawsko-pomorskie,KP,13,130621,0,4262,1495,769824,16,145126,7,112547
2021-08-21,kujawsko-pomorskie,KP,17,130638,0,4262,1864,771688,20,145146,9,112556
2021-08-22,kujawsko-pomorskie,KP,4,130642,0,4262,1305,772993,5,145151,9,112565
2021-08-23,kujawsko-pomorskie,KP,2,130644,0,4262,786,773779,3,145154,8,112573
2021-08-24,kujawsko-pomorskie,KP,8,130652,2,4264,1927,775706,10,145164,8,112581
2021-08-25,kujawsko-pomorskie,KP,10,130662,0,4264,1684,777390,14,145178,2,112583
2021-08-26,kujawsko-pomorskie,KP,9,130671,0,4264,1565,778955,10,145188,10,112593
2021-08-27,kujawsko-pomorskie,KP,10,130681,0,4264,1508,780463,13,145201,6,112599
2021-08-28,kujawsko-pomorskie,KP,8,130689,0,4264,1688,782151,10,145211,18,112617
2021-08-29,kujawsko-pomorskie,KP,7,130696,0,4264,1109,783260,8,145219,9,112626
2021-08-30,kujawsko-pomorskie,KP,3,130699,0,4264,847,784107,8,145227,16,112642
2021-08-31,kujawsko-pomorskie,KP,6,130705,0,4264,2039,786146,6,145233,11,112653
2021-09-01,kujawsko-pomorskie,KP,15,130720,0,4264,1779,787925,21,145254,2,112655
2021-09-02,kujawsko-pomorskie,KP,17,130737,0,4264,1508,789433,25,145279,9,112664
2021-09-03,kujawsko-pomorskie,KP,15,130752,0,4264,1510,790943,17,145296,4,112668
2021-09-04,kujawsko-pomorskie,KP,5,130757,1,4265,1578,792521,19,145315,8,112676
2021-09-05,kujawsko-pomorskie,KP,16,130773,0,4265,1134,793655,20,145335,8,112684
2021-09-06,kujawsko-pomorskie,KP,9,130782,0,4265,805,794460,13,145348,13,112697
2021-09-07,kujawsko-pomorskie,KP,13,130795,1,4266,2238,796698,20,145368,10,112707
2021-09-08,kujawsko-pomorskie,KP,21,130816,1,4267,1695,798393,25,145393,5,112712
2021-09-09,kujawsko-pomorskie,KP,24,130840,0,4267,1619,800012,27,145420,11,112723
2021-09-10,kujawsko-pomorskie,KP,16,130856,2,4269,1654,801666,18,145438,38,112761
2021-09-11,kujawsko-pomorskie,KP,20,130876,0,4269,2134,803800,27,145465,22,112783
2021-09-12,kujawsko-pomorskie,KP,18,130894,0,4269,1126,804926,23,145488,14,112797
2021-09-13,kujawsko-pomorskie,KP,19,130913,0,4269,896,805822,20,145508,12,112809
2021-09-14,kujawsko-pomorskie,KP,14,130927,0,4269,2104,807926,17,145525,16,112825
2021-09-15,kujawsko-pomorskie,KP,22,130949,0,4269,1930,809856,26,145551,12,112837
2021-09-16,kujawsko-pomorskie,KP,21,130970,2,4271,1867,811723,27,145578,16,112853
2021-09-17,kujawsko-pomorskie,KP,21,130991,0,4271,1521,813244,23,145601,21,112874
2021-09-18,kujawsko-pomorskie,KP,20,131011,0,4271,1987,815231,30,145631,23,112897
2021-09-19,kujawsko-pomorskie,KP,22,131033,0,4271,1180,816411,24,145655,10,112907
2021-09-20,kujawsko-pomorskie,KP,2,131035,0,4271,848,817259,9,145664,16,112923
2021-09-21,kujawsko-pomorskie,KP,43,131078,2,4273,2314,819573,47,145711,15,112938
2021-09-22,kujawsko-pomorskie,KP,16,131094,1,4274,1939,821512,22,145733,9,112947
2021-09-23,kujawsko-pomorskie,KP,44,131138,1,4275,1806,823318,55,145788,16,112963
2021-09-24,kujawsko-pomorskie,KP,33,131171,0,4275,1765,825083,41,145829,19,112982
2021-09-25,kujawsko-pomorskie,KP,36,131207,2,4277,2118,827201,49,145878,24,113006
2021-09-26,kujawsko-pomorskie,KP,19,131226,0,4277,1170,828371,23,145901,28,113034
2021-09-27,kujawsko-pomorskie,KP,13,131239,0,4277,822,829193,27,145928,15,113049
2021-09-28,kujawsko-pomorskie,KP,23,131262,3,4280,1970,831163,34,145962,31,113080
2021-09-29,kujawsko-pomorskie,KP,38,131300,3,4283,2377,833540,47,146009,23,113103
2021-09-30,kujawsko-pomorskie,KP,38,131338,2,4285,1726,835266,41,146050,40,113143
2021-10-01,kujawsko-pomorskie,KP,37,131375,1,4286,1879,837145,43,146093,23,113166
2021-10-02,kujawsko-pomorskie,KP,63,131438,2,4288,1956,839101,70,146163,76,113242
2021-10-03,kujawsko-pomorskie,KP,35,131473,0,4288,1171,840272,42,146205,31,113273
2021-10-04,kujawsko-pomorskie,KP,22,131495,0,4288,872,841144,24,146229,30,113303
2021-10-05,kujawsko-pomorskie,KP,43,131538,4,4292,2236,843380,50,146279,30,113333
2021-10-06,kujawsko-pomorskie,KP,58,131596,3,4295,1990,845370,68,146347,23,113356
2021-10-07,kujawsko-pomorskie,KP,66,131662,1,4296,1937,847307,74,146421,34,113390
2021-10-08,kujawsko-pomorskie,KP,77,131739,4,4300,1914,849221,88,146509,73,113463
2021-10-09,kujawsko-pomorskie,KP,56,131795,1,4301,1752,850973,61,146570,40,113503
2021-10-10,kujawsko-pomorskie,KP,35,131830,1,4302,987,851960,37,146607,37,113540
2021-10-11,kujawsko-pomorskie,KP,27,131857,0,4302,849,852809,32,146639,60,113600
2021-10-12,kujawsko-pomorskie,KP,61,131918,1,4303,2024,854833,69,146708,35,113635
2021-10-13,kujawsko-pomorskie,KP,67,131985,2,4305,2275,857108,76,146784,31,113666
2021-10-14,kujawsko-pomorskie,KP,90,132075,1,4306,1838,858946,104,146888,59,113725
2021-10-15,kujawsko-pomorskie,KP,97,132172,1,4307,1749,860695,103,146991,60,113785
2021-10-16,kujawsko-pomorskie,KP,109,132281,2,4309,2096,862791,115,147106,82,113867
2021-10-17,kujawsko-pomorskie,KP,72,132353,0,4309,1147,863938,76,147182,83,113950
2021-10-18,kujawsko-pomorskie,KP,67,132420,2,4311,1006,864944,72,147254,48,113998
2021-10-19,kujawsko-pomorskie,KP,126,132546,3,4314,2358,867302,137,147391,50,114048
2021-10-20,kujawsko-pomorskie,KP,203,132749,2,4316,2371,869673,218,147609,33,114081
2021-10-21,kujawsko-pomorskie,KP,217,132966,0,4316,2247,871920,229,147838,54,114135
2021-10-22,kujawsko-pomorskie,KP,186,133152,3,4319,2212,874132,197,148035,79,114214
2021-10-23,kujawsko-pomorskie,KP,238,133390,2,4321,2557,876689,250,148285,91,114305
2021-10-24,kujawsko-pomorskie,KP,156,133546,0,4321,1277,877966,166,148451,89,114394
2021-10-25,kujawsko-pomorskie,KP,100,133646,0,4321,1036,879002,105,148556,106,114500
2021-10-26,kujawsko-pomorskie,KP,242,133888,2,4323,2786,881788,257,148813,92,114592
2021-10-27,kujawsko-pomorskie,KP,273,134161,4,4327,2647,884435,291,149104,70,114662
2021-10-28,kujawsko-pomorskie,KP,313,134474,4,4331,2702,887137,338,149442,125,114787
2021-10-29,kujawsko-pomorskie,KP,357,134831,4,4335,2755,889892,384,149826,204,114991
2021-10-30,kujawsko-pomorskie,KP,389,135220,8,4343,2761,892653,429,150255,205,115196
2021-10-31,kujawsko-pomorskie,KP,208,135428,0,4343,1404,894057,227,150482,176,115372
2021-11-01,kujawsko-pomorskie,KP,183,135611,4,4347,1240,895297,202,150684,227,115599
2021-11-02,kujawsko-pomorskie,KP,145,135756,0,4347,1139,896436,167,150851,163,115762
2021-11-03,kujawsko-pomorskie,KP,478,136234,9,4356,3693,900129,529,151380,120,115882
2021-11-04,kujawsko-pomorskie,KP,664,136898,10,4366,3681,903810,693,152073,242,116124
2021-11-05,kujawsko-pomorskie,KP,592,137490,2,4368,3249,907059,644,152717,299,116423
2021-11-06,kujawsko-pomorskie,KP,713,138203,8,4376,3834,910893,760,153477,292,116715
2021-11-07,kujawsko-pomorskie,KP,399,138602,0,4376,2078,912971,438,153915,332,117047
2021-11-08,kujawsko-pomorskie,KP,253,138855,0,4376,1563,914534,269,154184,392,117439
2021-11-09,kujawsko-pomorskie,KP,769,139624,14,4390,4313,918847,838,155022,258,117697
2021-11-10,kujawsko-pomorskie,KP,705,140329,12,4402,3801,922648,755,155777,204,117901
2021-11-11,kujawsko-pomorskie,KP,934,141263,10,4412,4214,926862,1000,156777,177,118078
2021-11-12,kujawsko-pomorskie,KP,507,141770,2,4414,2120,928982,546,157323,457,118535
2021-11-13,kujawsko-pomorskie,KP,824,142594,17,4431,4052,933034,884,158207,658,119193
2021-11-14,kujawsko-pomorskie,KP,492,143086,4,4435,2077,935111,519,158726,570,119763
2021-11-15,kujawsko-pomorskie,KP,415,143501,4,4439,1817,936928,439,159165,697,120460
2021-11-16,kujawsko-pomorskie,KP,1006,144507,32,4471,4807,941735,1075,160240,464,120924
2021-11-17,kujawsko-pomorskie,KP,973,145480,26,4497,4571,946306,1031,161271,277,121201
2021-11-18,kujawsko-pomorskie,KP,1360,146840,18,4515,5481,951787,1459,162730,750,121951
2021-11-19,kujawsko-pomorskie,KP,1282,148122,17,4532,5257,957044,1349,164079,714,122665
2021-11-20,kujawsko-pomorskie,KP,1384,149506,17,4549,5249,962293,1472,165551,971,123636
2021-11-21,kujawsko-pomorskie,KP,788,150294,2,4551,2693,964986,857,166408,537,124173
2021-11-22,kujawsko-pomorskie,KP,575,150869,4,4555,2274,967260,621,167029,758,124931
2021-11-23,kujawsko-pomorskie,KP,1165,152034,26,4581,5311,972571,1235,168264,529,125460
2021-11-24,kujawsko-pomorskie,KP,1380,153414,21,4602,5408,977979,1449,169713,474,125934
2021-11-25,kujawsko-pomorskie,KP,1536,154950,26,4628,5978,983957,1623,171336,990,126924
2021-11-26,kujawsko-pomorskie,KP,1455,156405,16,4644,5528,989485,1529,172865,1000,127924
2021-11-27,kujawsko-pomorskie,KP,1363,157768,29,4673,5648,995133,1421,174286,1416,129340
2021-11-28,kujawsko-pomorskie,KP,947,158715,1,4674,3354,998487,1000,175286,1176,130516
2021-11-29,kujawsko-pomorskie,KP,762,159477,3,4677,2798,1001285,826,176112,1396,131912
2021-11-30,kujawsko-pomorskie,KP,1138,160615,34,4711,5183,1006468,1221,177333,915,132827
2021-12-01,kujawsko-pomorskie,KP,1361,161976,15,4726,5836,1012304,1449,178782,609,133436
2021-12-02,kujawsko-pomorskie,KP,1726,163702,20,4746,6299,1018603,1830,180612,1218,134654
2021-12-03,kujawsko-pomorskie,KP,1318,165020,22,4768,5338,1023941,1409,182021,1410,136064
2021-12-04,kujawsko-pomorskie,KP,1490,166510,36,4804,5776,1029717,1570,183591,1505,137569
2021-12-05,kujawsko-pomorskie,KP,1128,167638,5,4809,3566,1033283,1185,184776,1453,139022
2021-12-06,kujawsko-pomorskie,KP,526,168164,6,4815,2283,1035566,581,185357,1363,140385
2021-12-07,kujawsko-pomorskie,KP,1293,169457,43,4858,5471,1041037,1376,186733,1030,141415
2021-12-08,kujawsko-pomorskie,KP,1407,170864,36,4894,5542,1046579,1478,188211,796,142211
2021-12-09,kujawsko-pomorskie,KP,1530,172394,39,4933,5883,1052462,1619,189830,1226,143437
2021-12-10,kujawsko-pomorskie,KP,1393,173787,20,4953,5708,1058170,1474,191304,1257,144694
2021-12-11,kujawsko-pomorskie,KP,1126,174913,29,4982,4982,1063152,1210,192514,1890,146584
2021-12-12,kujawsko-pomorskie,KP,975,175888,0,4982,3610,1066762,1035,193549,1269,147853
2021-12-13,kujawsko-pomorskie,KP,495,176383,5,4987,2277,1069039,567,194116,1452,149305
2021-12-14,kujawsko-pomorskie,KP,1212,177595,35,5022,5704,1074743,1307,195423,1206,150511
2021-12-15,kujawsko-pomorskie,KP,1084,178679,47,5069,5504,1080247,1157,196580,594,151105
2021-12-16,kujawsko-pomorskie,KP,1274,179953,37,5106,5456,1085703,1349,197929,1311,152416
2021-12-17,kujawsko-pomorskie,KP,1164,181117,29,5135,5661,1091364,1251,199180,1423,153839
2021-12-18,kujawsko-pomorskie,KP,1099,182216,16,5151,5208,1096572,1175,200355,1651,155490
2021-12-19,kujawsko-pomorskie,KP,777,182993,1,5152,3188,1099760,823,201178,1334,156824
2021-12-20,kujawsko-pomorskie,KP,385,183378,10,5162,2273,1102033,428,201606,1251,158075
2021-12-21,kujawsko-pomorskie,KP,990,184368,48,5210,5616,1107649,1062,202668,903,158978
2021-12-22,kujawsko-pomorskie,KP,850,185218,29,5239,4672,1112321,909,203577,601,159579
2021-12-23,kujawsko-pomorskie,KP,958,186176,28,5267,5009,1117330,1019,204596,1329,160908
2021-12-24,kujawsko-pomorskie,KP,923,187099,41,5308,4555,1121885,1025,205621,1092,162000
2021-12-25,kujawsko-pomorskie,KP,445,187544,21,5329,2396,1124281,478,206099,1308,163308
2021-12-26,kujawsko-pomorskie,KP,327,187871,2,5331,1827,1126108,359,206458,1140,164448
2021-12-27,kujawsko-pomorskie,KP,189,188060,1,5332,1754,1127862,222,206680,1163,165611
2021-12-28,kujawsko-pomorskie,KP,668,188728,55,5387,5129,1132991,736,207416,805,166416
2021-12-29,kujawsko-pomorskie,KP,775,189503,41,5428,5041,1138032,820,208236,435,166851
2021-12-30,kujawsko-pomorskie,KP,719,190222,67,5495,4844,1142876,810,209046,1013,167864
2021-12-31,kujawsko-pomorskie,KP,694,190916,20,5515,4722,1147598,744,209790,880,168744
2022-01-01,kujawsko-pomorskie,KP,561,191477,27,5542,3935,1151533,613,210403,969,169713
2022-01-02,kujawsko-pomorskie,KP,312,191789,1,5543,2382,1153915,350,210753,950,170663
2022-01-03,kujawsko-pomorskie,KP,260,192049,2,5545,2635,1156550,296,211049,440,171103
2022-01-04,kujawsko-pomorskie,KP,687,192736,57,5602,5704,1162254,781,211830,367,171470
2022-01-05,kujawsko-pomorskie,KP,765,193501,33,5635,5785,1168039,839,212669,221,171691
2022-01-06,kujawsko-pomorskie,KP,775,194276,36,5671,5212,1173251,842,213511,715,172406
2022-01-07,kujawsko-pomorskie,KP,484,194760,1,5672,2758,1176009,520,214031,753,173159
2022-01-08,kujawsko-pomorskie,KP,583,195343,25,5697,4476,1180485,652,214683,742,173901
2022-01-09,kujawsko-pomorskie,KP,390,195733,0,5697,3068,1183553,434,215117,701,174602
2022-01-10,kujawsko-pomorskie,KP,275,196008,3,5700,2297,1185850,332,215449,572,175174
2022-01-11,kujawsko-pomorskie,KP,610,196618,35,5735,5483,1191333,705,216154,367,175541
2022-01-12,kujawsko-pomorskie,KP,612,197230,38,5773,4504,1195837,697,216851,301,175842
2022-01-13,kujawsko-pomorskie,KP,656,197886,21,5794,4283,1200120,747,217598,773,176615
2022-01-14,kujawsko-pomorskie,KP,589,198475,16,5810,4359,1204479,704,218302,770,177385
2022-01-15,kujawsko-pomorskie,KP,644,199119,22,5832,5326,1209805,754,219056,821,178206
2022-01-16,kujawsko-pomorskie,KP,447,199566,1,5833,3083,1212888,534,219590,493,178699
2022-01-17,kujawsko-pomorskie,KP,293,199859,0,5833,2307,1215195,363,219953,617,179316
2022-01-18,kujawsko-pomorskie,KP,776,200635,17,5850,5031,1220226,967,220920,458,179774
2022-01-19,kujawsko-pomorskie,KP,986,201621,20,5870,5216,1225442,1183,222103,334,180108
2022-01-20,kujawsko-pomorskie,KP,1161,202782,22,5892,5290,1230732,1348,223451,637,180745
2022-01-21,kujawsko-pomorskie,KP,1158,203940,10,5902,5392,1236124,1382,224833,664,181409
2022-01-22,kujawsko-pomorskie,KP,1404,205344,11,5913,6464,1242588,1657,226490,758,182167
2022-01-23,kujawsko-pomorskie,KP,1148,206492,1,5914,4353,1246941,1349,227839,636,182803
2022-01-24,kujawsko-pomorskie,KP,744,207236,0,5914,3207,1250148,870,228709,749,183552
2022-01-25,kujawsko-pomorskie,KP,1147,208383,20,5934,5655,1255803,1384,230093,482,184034
2022-01-26,kujawsko-pomorskie,KP,2204,210587,12,5946,7599,1263402,2616,232709,359,184393
2022-01-27,kujawsko-pomorskie,KP,2498,213085,18,5964,8151,1271553,2948,235657,998,185391
2022-01-28,kujawsko-pomorskie,KP,2186,215271,15,5979,7286,1278839,2592,238249,1077,186468
2022-01-29,kujawsko-pomorskie,KP,1955,217226,6,5985,7058,1285897,2317,240566,1400,187868
2022-01-30,kujawsko-pomorskie,KP,2432,219658,1,5986,7140,1293037,2823,243389,1310,189178
2022-01-31,kujawsko-pomorskie,KP,1285,220943,0,5986,4530,1297567,1550,244939,1583,190761
2022-02-01,kujawsko-pomorskie,KP,1797,222740,24,6010,7195,1304762,2164,247103,1373,192134
2022-02-02,kujawsko-pomorskie,KP,3066,225806,21,6031,9656,1314418,3655,250758,820,192954
2022-02-03,kujawsko-pomorskie,KP,3123,228929,10,6041,9494,1323912,3725,254483,1520,194474
2022-02-04,kujawsko-pomorskie,KP,2798,231727,9,6050,9392,1333304,3295,257778,2565,197039
2022-02-05,kujawsko-pomorskie,KP,2702,234429,12,6062,9145,1342449,3237,261015,2825,199864
2022-02-06,kujawsko-pomorskie,KP,2482,236911,0,6062,7376,1349825,2948,263963,2503,202367
2022-02-07,kujawsko-pomorskie,KP,1684,238595,2,6064,5269,1355094,2009,265972,2272,204639
2022-02-08,kujawsko-pomorskie,KP,2737,241332,14,6078,8706,1363800,2880,268852,2717,207356
2022-02-09,kujawsko-pomorskie,KP,4222,245554,17,6095,11336,1375136,4393,273245,1757,209113
2022-02-10,kujawsko-pomorskie,KP,3716,249270,9,6104,10232,1385368,3850,277095,2590,211703
2022-02-11,kujawsko-pomorskie,KP,3713,252983,9,6113,10320,1395688,4095,281190,3677,215380
2022-02-12,kujawsko-pomorskie,KP,3222,256205,12,6125,9508,1405196,3377,284567,3594,218974
2022-02-13,kujawsko-pomorskie,KP,2538,258743,4,6129,6866,1412062,2697,287264,3108,222082
2022-02-14,kujawsko-pomorskie,KP,1444,260187,3,6132,4631,1416693,1622,288886,3128,225210
2022-02-15,kujawsko-pomorskie,KP,2481,262668,26,6158,8552,1425245,2747,291633,2920,228130
2022-02-16,kujawsko-pomorskie,KP,2997,265665,16,6174,8825,1434070,3230,294863,2215,230345
2022-02-17,kujawsko-pomorskie,KP,3011,268676,20,6194,9410,1443480,3285,298148,2989,233334
2022-02-18,kujawsko-pomorskie,KP,2643,271319,18,6212,8727,1452207,2948,301096,4084,237418
2022-02-19,kujawsko-pomorskie,KP,2187,273506,14,6226,7922,1460129,2534,303630,3790,241208
2022-02-20,kujawsko-pomorskie,KP,1267,274773,0,6226,4650,1464779,1486,305116,3601,244809
2022-02-21,kujawsko-pomorskie,KP,990,275763,4,6230,3676,1468455,1082,306198,3707,248516
2022-02-22,kujawsko-pomorskie,KP,2161,277924,27,6257,8376,1476831,2532,308730,5455,253971
2022-02-23,kujawsko-pomorskie,KP,2161,280085,12,6269,7744,1484575,2351,311081,4273,258244
2022-02-24,kujawsko-pomorskie,KP,1839,281924,20,6289,6677,1491252,1987,313068,4129,262373
2022-02-25,kujawsko-pomorskie,KP,1787,283711,11,6300,6413,1497665,1929,314997,2222,264595
2022-02-26,kujawsko-pomorskie,KP,1405,285116,19,6319,5448,1503113,1509,316506,1617,266212
2022-02-27,kujawsko-pomorskie,KP,950,286066,2,6321,3440,1506553,1024,317530,889,267101
2022-02-28,kujawsko-pomorskie,KP,614,286680,0,6321,2652,1509205,673,318203,2136,269237
2022-03-01,kujawsko-pomorskie,KP,1472,288152,14,6335,5972,1515177,1578,319781,2200,271437
2022-03-02,kujawsko-pomorskie,KP,1396,289548,23,6358,5638,1520815,1502,321283,1903,273340
2022-03-03,kujawsko-pomorskie,KP,1479,291027,24,6382,5667,1526482,1549,322832,1772,275112
2022-03-04,kujawsko-pomorskie,KP,1295,292322,21,6403,5333,1531815,1367,324199,1437,276549
2022-03-05,kujawsko-pomorskie,KP,1209,293531,9,6412,4988,1536803,1285,325484,1061,277610
2022-03-06,kujawsko-pomorskie,KP,646,294177,0,6412,2787,1539590,699,326183,644,278254
2022-03-07,kujawsko-pomorskie,KP,602,294779,0,6412,2526,1542116,641,326824,1492,279746
2022-03-08,kujawsko-pomorskie,KP,1355,296134,15,6427,5659,1547775,1418,328242,1488,281234
2022-03-09,kujawsko-pomorskie,KP,1452,297586,12,6439,5728,1553503,1561,329803,1490,282724
2022-03-10,kujawsko-pomorskie,KP,1290,298876,15,6454,5440,1558943,1358,331161,1333,284057
2022-03-11,kujawsko-pomorskie,KP,1038,299914,8,6462,4497,1563440,1107,332268,1209,285266
2022-03-12,kujawsko-pomorskie,KP,953,300867,9,6471,4309,1567749,1027,333295,765,286031
2022-03-13,kujawsko-pomorskie,KP,581,301448,1,6472,2711,1570460,618,333913,643,286674
2022-03-14,kujawsko-pomorskie,KP,369,301817,1,6473,2137,1572597,384,334297,1382,288056
2022-03-15,kujawsko-pomorskie,KP,1022,302839,19,6492,5266,1577863,1094,335391,1459,289515
2022-03-16,kujawsko-pomorskie,KP,1013,303852,15,6507,5111,1582974,1068,336459,1306,290821
2022-03-17,kujawsko-pomorskie,KP,888,304740,12,6519,4599,1587573,937,337396,1065,291886
2022-03-18,kujawsko-pomorskie,KP,769,305509,6,6525,4095,1591668,814,338210,982,292868
2022-03-19,kujawsko-pomorskie,KP,728,306237,15,6540,3933,1595601,780,338990,681,293549
2022-03-20,kujawsko-pomorskie,KP,387,306624,1,6541,2014,1597615,397,339387,407,293956
2022-03-21,kujawsko-pomorskie,KP,224,306848,1,6542,1720,1599335,249,339636,1071,295027
2022-03-22,kujawsko-pomorskie,KP,690,307538,17,6559,4590,1603925,756,340392,970,295997
2022-03-23,kujawsko-pomorskie,KP,602,308140,14,6573,4063,1607988,640,341032,892,296889
2022-03-24,kujawsko-pomorskie,KP,553,308693,7,6580,3664,1611652,576,341608,818,297707
2022-03-25,kujawsko-pomorskie,KP,449,309142,13,6593,3519,1615171,479,342087,683,298390
2022-03-26,kujawsko-pomorskie,KP,318,309460,11,6604,3108,1618279,343,342430,428,298818
2022-03-27,kujawsko-pomorskie,KP,186,309646,0,6604,1625,1619904,219,342649,237,299055
2022-03-28,kujawsko-pomorskie,KP,103,309749,0,6604,1393,1621297,115,342764,692,299747
2022-03-29,kujawsko-pomorskie,KP,347,310096,11,6615,3710,1625007,391,343155,637,300384
2022-03-30,kujawsko-pomorskie,KP,239,310335,9,6624,2533,1627540,271,343426,642,301026
2022-03-31,kujawsko-pomorskie,KP,232,310567,13,6637,2773,1630313,266,343692,451,301477
2022-04-01,kujawsko-pomorskie,KP,229,310796,9,6646,2429,1632742,271,343963,332,301809
2022-04-02,kujawsko-pomorskie,KP,91,310887,5,6651,1484,1634226,114,344077,156,301965
2022-04-03,kujawsko-pomorskie,KP,15,310902,0,6651,421,1634647,43,344120,73,302038
2022-04-04,kujawsko-pomorskie,KP,4,310906,0,6651,270,1634917,6,344126,2,302040
2022-04-05,kujawsko-pomorskie,KP,79,310985,2,6653,1207,1636124,100,344226,5,302045
2022-04-06,kujawsko-pomorskie,KP,55,311040,6,6659,981,1637105,64,344290,13,302058
2022-04-07,kujawsko-pomorskie,KP,64,311104,1,6660,817,1637922,79,344369,12,302070
2022-04-08,kujawsko-pomorskie,KP,60,311164,2,6662,720,1638642,71,344440,10,302080
2022-04-09,kujawsko-pomorskie,KP,60,311224,1,6663,630,1639272,66,344506,4,302084
2022-04-10,kujawsko-pomorskie,KP,8,311232,0,6663,265,1639537,10,344516,1,302085
2022-04-11,kujawsko-pomorskie,KP,8,311240,0,6663,218,1639755,8,344524,1,302086
2022-04-12,kujawsko-pomorskie,KP,60,311300,2,6665,805,1640560,77,344601,7,302093
2022-04-13,kujawsko-pomorskie,KP,47,311347,0,6665,723,1641283,55,344656,4,302097
2022-04-14,kujawsko-pomorskie,KP,41,311388,5,6670,629,1641912,50,344706,4,302101
2022-04-15,kujawsko-pomorskie,KP,42,311430,1,6671,512,1642424,47,344753,7,302108
2022-04-16,kujawsko-pomorskie,KP,41,311471,1,6672,407,1642831,47,344800,4,302112
2022-04-17,kujawsko-pomorskie,KP,16,311487,0,6672,208,1643039,17,344817,3,302115
2022-04-18,kujawsko-pomorskie,KP,8,311495,0,6672,159,1643198,10,344827,2,302117
2022-04-19,kujawsko-pomorskie,KP,9,311504,0,6672,199,1643397,9,344836,0,302117
2022-04-20,kujawsko-pomorskie,KP,54,311558,1,6673,754,1644151,65,344901,7,302124
2022-04-21,kujawsko-pomorskie,KP,33,311591,2,6675,622,1644773,43,344944,12,302136
2022-04-22,kujawsko-pomorskie,KP,31,311622,1,6676,489,1645262,34,344978,1,302137
2022-04-23,kujawsko-pomorskie,KP,28,311650,1,6677,547,1645809,33,345011,3,302140
2022-04-24,kujawsko-pomorskie,KP,11,311661,0,6677,199,1646008,15,345026,2,302142
2022-04-25,kujawsko-pomorskie,KP,9,311670,0,6677,141,1646149,9,345035,2,302144
2022-04-26,kujawsko-pomorskie,KP,43,311713,0,6677,705,1646854,49,345084,10,302154
2022-04-27,kujawsko-pomorskie,KP,49,311762,2,6679,518,1647372,56,345140,2,302156
2022-04-28,kujawsko-pomorskie,KP,23,311785,0,6679,519,1647891,26,345166,3,302159
2022-04-29,kujawsko-pomorskie,KP,23,311808,0,6679,534,1648425,28,345194,2,302161
2022-04-30,kujawsko-pomorskie,KP,24,311832,0,6679,498,1648923,31,345225,4,302165
2022-05-01,kujawsko-pomorskie,KP,4,311836,0,6679,228,1649151,5,345230,2,302167
2022-05-02,kujawsko-pomorskie,KP,4,311840,0,6679,136,1649287,4,345234,0,302167
2022-05-03,kujawsko-pomorskie,KP,28,311868,0,6679,352,1649639,33,345267,1,302168
2022-05-04,kujawsko-pomorskie,KP,4,311872,0,6679,180,1649819,5,345272,0,302168
2022-05-05,kujawsko-pomorskie,KP,35,311907,0,6679,491,1650310,46,345318,5,302173
2022-05-06,kujawsko-pomorskie,KP,19,311926,1,6680,389,1650699,25,345343,3,302176
2022-05-07,kujawsko-pomorskie,KP,13,311939,0,6680,298,1650997,16,345359,2,302178
2022-05-08,kujawsko-pomorskie,KP,9,311948,0,6680,183,1651180,11,345370,3,302181
2022-05-09,kujawsko-pomorskie,KP,4,311952,0,6680,151,1651331,5,345375,2,302183
2022-05-10,kujawsko-pomorskie,KP,23,311975,4,6684,439,1651770,29,345404,10,302193
2022-05-11,kujawsko-pomorskie,KP,17,311992,2,6686,385,1652155,23,345427,0,302193
2022-05-12,kujawsko-pomorskie,KP,22,312014,0,6686,354,1652509,23,345450,4,302197
2022-05-13,kujawsko-pomorskie,KP,17,312031,0,6686,321,1652830,20,345470,6,302203
2022-05-14,kujawsko-pomorskie,KP,17,312048,0,6686,291,1653121,21,345491,2,302205
2022-05-15,kujawsko-pomorskie,KP,3,312051,0,6686,145,1653266,5,345496,2,302207
2022-05-16,kujawsko-pomorskie,KP,4,312055,0,6686,123,1653389,5,345501,1,302208
2022-05-17,kujawsko-pomorskie,KP,17,312072,0,6686,306,1653695,25,345526,0,302208
2022-05-18,kujawsko-pomorskie,KP,20,312092,0,6686,364,1654059,23,345549,4,302212
2022-05-19,kujawsko-pomorskie,KP,15,312107,1,6687,256,1654315,19,345568,5,302217
2022-05-20,kujawsko-pomorskie,KP,7,312114,0,6687,337,1654652,13,345581,0,302217
2022-05-21,kujawsko-pomorskie,KP,13,312127,0,6687,275,1654927,14,345595,0,302217
2022-05-22,kujawsko-pomorskie,KP,5,312132,0,6687,159,1655086,5,345600,1,302218
2022-05-23,kujawsko-pomorskie,KP,1,312133,0,6687,118,1655204,1,345601,1,302219
2022-05-24,kujawsko-pomorskie,KP,21,312154,0,6687,328,1655532,24,345625,2,302221
2022-05-25,kujawsko-pomorskie,KP,5,312159,0,6687,236,1655768,7,345632,4,302225
2022-05-26,kujawsko-pomorskie,KP,8,312167,1,6688,231,1655999,11,345643,4,302229
2022-05-27,kujawsko-pomorskie,KP,9,312176,0,6688,255,1656254,11,345654,2,302231
2022-05-28,kujawsko-pomorskie,KP,11,312187,0,6688,230,1656484,11,345665,1,302232
2022-05-29,kujawsko-pomorskie,KP,0,312187,0,6688,126,1656610,0,345665,0,302232
2022-05-30,kujawsko-pomorskie,KP,0,312187,0,6688,77,1656687,1,345666,5,302237
2022-05-31,kujawsko-pomorskie,KP,12,312199,0,6688,288,1656975,22,345688,2,302239
2022-06-01,kujawsko-pomorskie,KP,5,312204,2,6690,272,1657247,7,345695,3,302242
2022-06-02,kujawsko-pomorskie,KP,6,312210,0,6690,142,1657389,7,345702,2,302244
2022-06-03,kujawsko-pomorskie,KP,3,312213,0,6690,151,1657540,4,345706,1,302245
2022-06-04,kujawsko-pomorskie,KP,5,312218,0,6690,152,1657692,5,345711,4,302249
2022-06-05,kujawsko-pomorskie,KP,2,312220,0,6690,62,1657754,2,345713,1,302250
2022-06-06,kujawsko-pomorskie,KP,0,312220,0,6690,46,1657800,0,345713,0,302250
2022-06-07,kujawsko-pomorskie,KP,18,312238,1,6691,212,1658012,23,345736,0,302250
2022-06-08,kujawsko-pomorskie,KP,10,312248,0,6691,186,1658198,12,345748,2,302252
2022-06-09,kujawsko-pomorskie,KP,12,312260,0,6691,172,1658370,14,345762,1,302253
2022-06-10,kujawsko-pomorskie,KP,15,312275,0,6691,150,1658520,17,345779,2,302255
2022-06-11,kujawsko-pomorskie,KP,12,312287,0,6691,165,1658685,13,345792,0,302255
2022-06-12,kujawsko-pomorskie,KP,0,312287,0,6691,43,1658728,0,345792,2,302257
2022-06-13,kujawsko-pomorskie,KP,0,312287,0,6691,33,1658761,0,345792,0,302257
2022-06-14,kujawsko-pomorskie,KP,11,312298,0,6691,172,1658933,11,345803,0,302257
2022-06-15,kujawsko-pomorskie,KP,7,312305,0,6691,125,1659058,9,345812,0,302257
2022-06-16,kujawsko-pomorskie,KP,13,312318,0,6691,120,1659178,15,345827,2,302259
2022-06-17,kujawsko-pomorskie,KP,3,312321,0,6691,39,1659217,3,345830,0,302259
2022-06-18,kujawsko-pomorskie,KP,6,312327,0,6691,98,1659315,7,345837,0,302259
2022-06-19,kujawsko-pomorskie,KP,1,312328,0,6691,54,1659369,2,345839,3,302262
2022-06-20,kujawsko-pomorskie,KP,5,312333,0,6691,43,1659412,5,345844,1,302263
2022-06-21,kujawsko-pomorskie,KP,15,312348,0,6691,147,1659559,18,345862,0,302263
2022-06-22,kujawsko-pomorskie,KP,8,312356,0,6691,122,1659681,11,345873,1,302264
2022-06-23,kujawsko-pomorskie,KP,15,312371,0,6691,167,1659848,17,345890,3,302267
2022-06-24,kujawsko-pomorskie,KP,18,312389,0,6691,110,1659958,19,345909,3,302270
2022-06-25,kujawsko-pomorskie,KP,19,312408,1,6692,99,1660057,19,345928,1,302271
2022-06-26,kujawsko-pomorskie,KP,4,312412,0,6692,24,1660081,5,345933,0,302271
2022-06-27,kujawsko-pomorskie,KP,3,312415,0,6692,29,1660110,3,345936,0,302271
2022-06-28,kujawsko-pomorskie,KP,32,312447,0,6692,158,1660268,33,345969,2,302273
2022-06-29,kujawsko-pomorskie,KP,29,312476,0,6692,133,1660401,30,345999,0,302273
2022-06-30,kujawsko-pomorskie,KP,17,312493,0,6692,135,1660536,20,346019,2,302275
2022-07-01,kujawsko-pomorskie,KP,32,312525,0,6692,149,1660685,34,346053,3,302278
2022-07-02,kujawsko-pomorskie,KP,10,312535,0,6692,119,1660804,10,346063,0,302278
2022-07-03,kujawsko-pomorskie,KP,9,312544,0,6692,56,1660860,11,346074,0,302278
2022-07-04,kujawsko-pomorskie,KP,6,312550,0,6692,36,1660896,6,346080,1,302279
2022-07-05,kujawsko-pomorskie,KP,29,312579,0,6692,212,1661108,32,346112,1,302280
2022-07-06,kujawsko-pomorskie,KP,45,312624,0,6692,186,1661294,51,346163,0,302280
2022-07-07,kujawsko-pomorskie,KP,40,312664,0,6692,179,1661473,46,346209,0,302280
2022-07-08,kujawsko-pomorskie,KP,43,312707,0,6692,188,1661661,45,346254,0,302280
2022-07-09,kujawsko-pomorskie,KP,55,312762,1,6693,215,1661876,56,346310,0,302280
2022-07-10,kujawsko-pomorskie,KP,10,312772,0,6693,50,1661926,10,346320,0,302280
2022-07-11,kujawsko-pomorskie,KP,3,312775,0,6693,21,1661947,3,346323,1,302281
2022-07-12,kujawsko-pomorskie,KP,105,312880,1,6694,394,1662341,105,346428,0,302281
2022-07-13,kujawsko-pomorskie,KP,66,312946,0,6694,276,1662617,67,346495,0,302281
2022-07-14,kujawsko-pomorskie,KP,75,313021,0,6694,310,1662927,79,346574,4,302285
2022-07-15,kujawsko-pomorskie,KP,62,313083,1,6695,221,1663148,64,346638,2,302287
2022-07-16,kujawsko-pomorskie,KP,52,313135,0,6695,218,1663366,57,346695,0,302287
2022-07-17,kujawsko-pomorskie,KP,5,313140,0,6695,41,1663407,6,346701,0,302287
2022-07-18,kujawsko-pomorskie,KP,5,313145,0,6695,31,1663438,5,346706,0,302287
2022-07-19,kujawsko-pomorskie,KP,96,313241,0,6695,331,1663769,99,346805,2,302289
2022-07-20,kujawsko-pomorskie,KP,113,313354,1,6696,353,1664122,121,346926,0,302289
2022-07-21,kujawsko-pomorskie,KP,138,313492,2,6698,365,1664487,148,347074,2,302291
2022-07-22,kujawsko-pomorskie,KP,152,313644,0,6698,391,1664878,159,347233,2,302293
2022-07-23,kujawsko-pomorskie,KP,139,313783,1,6699,399,1665277,144,347377,3,302296
2022-07-24,kujawsko-pomorskie,KP,22,313805,0,6699,77,1665354,22,347399,1,302297
2022-07-25,kujawsko-pomorskie,KP,15,313820,0,6699,79,1665433,15,347414,0,302297
2022-07-26,kujawsko-pomorskie,KP,233,314053,0,6699,584,1666017,242,347656,0,302297
2022-07-27,kujawsko-pomorskie,KP,170,314223,0,6699,498,1666515,187,347843,0,302297
2022-07-28,kujawsko-pomorskie,KP,169,314392,1,6700,466,1666981,177,348020,0,302297
2022-07-29,kujawsko-pomorskie,KP,151,314543,0,6700,446,1667427,161,348181,2,302299
2022-07-30,kujawsko-pomorskie,KP,147,314690,0,6700,408,1667835,150,348331,1,302300
2022-07-31,kujawsko-pomorskie,KP,18,314708,0,6700,63,1667898,20,348351,0,302300
2022-08-01,kujawsko-pomorskie,KP,30,314738,0,6700,94,1667992,31,348382,3,302303
2022-08-02,kujawsko-pomorskie,KP,288,315026,3,6703,639,1668631,302,348684,1,302304
2022-08-03,kujawsko-pomorskie,KP,243,315269,0,6703,602,1669233,250,348934,1,302305
2022-08-04,kujawsko-pomorskie,KP,241,315510,0,6703,594,1669827,252,349186,0,302305
2022-08-05,kujawsko-pomorskie,KP,232,315742,2,6705,513,1670340,242,349428,0,302305
2022-08-06,kujawsko-pomorskie,KP,223,315965,2,6707,539,1670879,234,349662,1,302306
2022-08-07,kujawsko-pomorskie,KP,32,315997,0,6707,80,1670959,33,349695,3,302309
2022-08-08,kujawsko-pomorskie,KP,29,316026,0,6707,87,1671046,30,349725,0,302309
2022-08-09,kujawsko-pomorskie,KP,328,316354,1,6708,823,1671869,347,350072,0,302309
2022-08-10,kujawsko-pomorskie,KP,196,316550,6,6714,597,1672466,208,350280,0,302309
2022-08-11,kujawsko-pomorskie,KP,197,316747,1,6715,520,1672986,210,350490,0,302309
2022-08-12,kujawsko-pomorskie,KP,247,316994,0,6715,598,1673584,262,350752,0,302309
2022-08-13,kujawsko-pomorskie,KP,247,317241,1,6716,541,1674125,257,351009,1,302310
2022-08-14,kujawsko-pomorskie,KP,27,317268,0,6716,81,1674206,28,351037,1,302311
2022-08-15,kujawsko-pomorskie,KP,25,317293,0,6716,88,1674294,25,351062,1,302312
2022-08-16,kujawsko-pomorskie,KP,29,317322,0,6716,88,1674382,30,351092,0,302312
2022-08-17,kujawsko-pomorskie,KP,378,317700,2,6718,858,1675240,399,351491,0,302312
2022-08-18,kujawsko-pomorskie,KP,309,318009,1,6719,688,1675928,326,351817,5,302317
2022-08-19,kujawsko-pomorskie,KP,246,318255,1,6720,570,1676498,263,352080,1,302318
2022-08-20,kujawsko-pomorskie,KP,222,318477,3,6723,556,1677054,230,352310,1,302319
2022-08-21,kujawsko-pomorskie,KP,31,318508,0,6723,107,1677161,32,352342,3,302322
2022-08-22,kujawsko-pomorskie,KP,27,318535,0,6723,96,1677257,28,352370,1,302323
2022-08-23,kujawsko-pomorskie,KP,305,318840,3,6726,736,1677993,318,352688,0,302323
2022-08-24,kujawsko-pomorskie,KP,198,319038,1,6727,559,1678552,207,352895,0,302323
2022-08-25,kujawsko-pomorskie,KP,189,319227,1,6728,528,1679080,205,353100,0,302323
2022-08-26,kujawsko-pomorskie,KP,185,319412,3,6731,439,1679519,193,353293,0,302323
2022-08-27,kujawsko-pomorskie,KP,159,319571,1,6732,422,1679941,166,353459,0,302323
2022-08-28,kujawsko-pomorskie,KP,17,319588,0,6732,74,1680015,18,353477,0,302323
2022-08-29,kujawsko-pomorskie,KP,14,319602,0,6732,71,1680086,14,353491,0,302323
2022-08-30,kujawsko-pomorskie,KP,275,319877,2,6734,789,1680875,292,353783,0,302323
2022-08-31,kujawsko-pomorskie,KP,213,320090,1,6735,562,1681437,227,354010,0,302323
2022-09-01,kujawsko-pomorskie,KP,169,320259,2,6737,509,1681946,176,354186,0,302323
2022-09-02,kujawsko-pomorskie,KP,94,320353,1,6738,355,1682301,98,354284,0,302323
2022-09-03,kujawsko-pomorskie,KP,95,320448,1,6739,311,1682612,96,354380,0,302323
2022-09-04,kujawsko-pomorskie,KP,16,320464,0,6739,109,1682721,18,354398,0,302323
2022-09-05,kujawsko-pomorskie,KP,11,320475,0,6739,73,1682794,12,354410,0,302323
2022-09-06,kujawsko-pomorskie,KP,212,320687,2,6741,548,1683342,218,354628,0,302323
2022-09-07,kujawsko-pomorskie,KP,141,320828,1,6742,411,1683753,144,354772,0,302323
2022-09-08,kujawsko-pomorskie,KP,173,321001,3,6745,526,1684279,182,354954,0,302323
2022-09-09,kujawsko-pomorskie,KP,214,321215,1,6746,623,1684902,220,355174,0,302323
2022-09-10,kujawsko-pomorskie,KP,159,321374,2,6748,484,1685386,171,355345,0,302323
2022-09-11,kujawsko-pomorskie,KP,25,321399,0,6748,78,1685464,26,355371,0,302323
2022-09-12,kujawsko-pomorskie,KP,26,321425,0,6748,88,1685552,28,355399,0,302323
2022-09-13,kujawsko-pomorskie,KP,306,321731,1,6749,824,1686376,318,355717,0,302323
2022-09-14,kujawsko-pomorskie,KP,346,322077,1,6750,918,1687294,353,356070,0,302323
2022-09-15,kujawsko-pomorskie,KP,369,322446,1,6751,980,1688274,379,356449,0,302323
2022-09-16,kujawsko-pomorskie,KP,186,322632,4,6755,597,1688871,193,356642,0,302323
2022-09-17,kujawsko-pomorskie,KP,168,322800,0,6755,603,1689474,176,356818,0,302323
2022-09-18,kujawsko-pomorskie,KP,20,322820,0,6755,79,1689553,23,356841,0,302323
2022-09-19,kujawsko-pomorskie,KP,28,322848,0,6755,126,1689679,28,356869,0,302323
2022-09-20,kujawsko-pomorskie,KP,301,323149,1,6756,1001,1690680,318,357187,0,302323
2022-09-21,kujawsko-pomorskie,KP,204,323353,0,6756,684,1691364,213,357400,0,302323
2022-09-22,kujawsko-pomorskie,KP,280,323633,1,6757,993,1692357,290,357690,0,302323
2022-09-23,kujawsko-pomorskie,KP,231,323864,3,6760,848,1693205,239,357929,0,302323
2022-09-24,kujawsko-pomorskie,KP,166,324030,1,6761,654,1693859,176,358105,0,302323
2022-09-25,kujawsko-pomorskie,KP,27,324057,0,6761,76,1693935,27,358132,0,302323
2022-09-26,kujawsko-pomorskie,KP,12,324069,0,6761,74,1694009,12,358144,0,302323
2022-09-27,kujawsko-pomorskie,KP,252,324321,1,6762,933,1694942,261,358405,0,302323
2022-09-28,kujawsko-pomorskie,KP,184,324505,1,6763,668,1695610,192,358597,0,302323
2022-09-29,kujawsko-pomorskie,KP,265,324770,2,6765,922,1696532,283,358880,0,302323
2022-09-30,kujawsko-pomorskie,KP,215,324985,2,6767,805,1697337,222,359102,0,302323
2022-10-01,kujawsko-pomorskie,KP,228,325213,1,6768,772,1698109,240,359342,0,302323
2022-10-02,kujawsko-pomorskie,KP,11,325224,0,6768,40,1698149,11,359353,0,302323
2022-10-03,kujawsko-pomorskie,KP,9,325233,0,6768,59,1698208,9,359362,0,302323
2022-10-04,kujawsko-pomorskie,KP,294,325527,2,6770,1085,1699293,307,359669,0,302323
2022-10-05,kujawsko-pomorskie,KP,184,325711,1,6771,778,1700071,190,359859,0,302323
2022-10-06,kujawsko-pomorskie,KP,142,325853,0,6771,572,1700643,144,360003,0,302323
2022-10-07,kujawsko-pomorskie,KP,167,326020,1,6772,671,1701314,189,360192,0,302323
2022-10-08,kujawsko-pomorskie,KP,166,326186,0,6772,840,1702154,188,360380,0,302323
2022-10-09,kujawsko-pomorskie,KP,21,326207,0,6772,91,1702245,21,360401,0,302323
2022-10-10,kujawsko-pomorskie,KP,28,326235,0,6772,86,1702331,32,360433,0,302323
2022-10-11,kujawsko-pomorskie,KP,196,326431,0,6772,956,1703287,212,360645,0,302323
2022-10-12,kujawsko-pomorskie,KP,124,326555,1,6773,636,1703923,130,360775,0,302323
2022-10-13,kujawsko-pomorskie,KP,110,326665,0,6773,543,1704466,116,360891,0,302323
2022-10-14,kujawsko-pomorskie,KP,83,326748,0,6773,443,1704909,91,360982,0,302323
2022-10-15,kujawsko-pomorskie,KP,85,326833,1,6774,439,1705348,90,361072,0,302323
2022-10-16,kujawsko-pomorskie,KP,7,326840,0,6774,111,1705459,7,361079,0,302323
2022-10-17,kujawsko-pomorskie,KP,16,326856,0,6774,98,1705557,17,361096,0,302323
2022-10-18,kujawsko-pomorskie,KP,164,327020,1,6775,819,1706376,177,361273,0,302323
2022-10-19,kujawsko-pomorskie,KP,109,327129,1,6776,670,1707046,117,361390,0,302323
2022-10-20,kujawsko-pomorskie,KP,84,327213,0,6776,509,1707555,92,361482,0,302323
2022-10-21,kujawsko-pomorskie,KP,59,327272,2,6778,470,1708025,63,361545,0,302323
2022-10-22,kujawsko-pomorskie,KP,78,327350,1,6779,400,1708425,82,361627,0,302323
2022-10-23,kujawsko-pomorskie,KP,12,327362,0,6779,140,1708565,14,361641,0,302323
2022-10-24,kujawsko-pomorskie,KP,11,327373,0,6779,56,1708621,11,361652,0,302323
2022-10-25,kujawsko-pomorskie,KP,88,327461,2,6781,655,1709276,96,361748,0,302323
2022-10-26,kujawsko-pomorskie,KP,62,327523,1,6782,459,1709735,66,361814,0,302323
2022-10-27,kujawsko-pomorskie,KP,67,327590,0,6782,538,1710273,72,361886,0,302323
2022-10-28,kujawsko-pomorskie,KP,43,327633,0,6782,414,1710687,47,361933,0,302323
2022-10-29,kujawsko-pomorskie,KP,54,327687,2,6784,327,1711014,61,361994,0,302323
2022-10-30,kujawsko-pomorskie,KP,8,327695,0,6784,79,1711093,11,362005,0,302323
2022-10-31,kujawsko-pomorskie,KP,6,327701,0,6784,65,1711158,7,362012,0,302323
2022-11-01,kujawsko-pomorskie,KP,51,327752,1,6785,375,1711533,54,362066,0,302323
2022-11-02,kujawsko-pomorskie,KP,3,327755,0,6785,64,1711597,3,362069,0,302323
2022-11-03,kujawsko-pomorskie,KP,60,327815,1,6786,472,1712069,72,362141,0,302323
2022-11-04,kujawsko-pomorskie,KP,36,327851,0,6786,419,1712488,41,362182,0,302323
2022-11-05,kujawsko-pomorskie,KP,53,327904,0,6786,411,1712899,61,362243,0,302323
2022-11-06,kujawsko-pomorskie,KP,4,327908,0,6786,69,1712968,4,362247,0,302323
2022-11-07,kujawsko-pomorskie,KP,6,327914,0,6786,47,1713015,7,362254,0,302323
2022-11-08,kujawsko-pomorskie,KP,39,327953,0,6786,589,1713604,46,362300,0,302323
2022-11-09,kujawsko-pomorskie,KP,24,327977,0,6786,319,1713923,26,362326,0,302323
2022-11-10,kujawsko-pomorskie,KP,20,327997,0,6786,337,1714260,27,362353,0,302323
2022-11-11,kujawsko-pomorskie,KP,25,328022,0,6786,283,1714543,29,362382,0,302323
2022-11-12,kujawsko-pomorskie,KP,3,328025,0,6786,83,1714626,3,362385,0,302323
2022-11-13,kujawsko-pomorskie,KP,4,328029,0,6786,65,1714691,4,362389,0,302323
2022-11-14,kujawsko-pomorskie,KP,5,328034,0,6786,60,1714751,6,362395,0,302323
2022-11-15,kujawsko-pomorskie,KP,36,328070,0,6786,429,1715180,39,362434,0,302323
2022-11-16,kujawsko-pomorskie,KP,24,328094,1,6787,325,1715505,27,362461,0,302323
2022-11-17,kujawsko-pomorskie,KP,15,328109,0,6787,233,1715738,16,362477,0,302323
2022-11-18,kujawsko-pomorskie,KP,23,328132,0,6787,242,1715980,24,362501,0,302323
2022-11-19,kujawsko-pomorskie,KP,23,328155,1,6788,213,1716193,26,362527,0,302323
2022-11-20,kujawsko-pomorskie,KP,4,328159,0,6788,83,1716276,5,362532,0,302323
2022-11-21,kujawsko-pomorskie,KP,4,328163,0,6788,58,1716334,4,362536,0,302323
2022-11-22,kujawsko-pomorskie,KP,26,328189,1,6789,334,1716668,30,362566,0,302323
2022-11-23,kujawsko-pomorskie,KP,27,328216,1,6790,279,1716947,30,362596,0,302323
2022-11-24,kujawsko-pomorskie,KP,24,328240,0,6790,254,1717201,25,362621,0,302323
2022-11-25,kujawsko-pomorskie,KP,17,328257,1,6791,200,1717401,17,362638,0,302323
2022-11-26,kujawsko-pomorskie,KP,23,328280,0,6791,226,1717627,26,362664,0,302323
2022-11-27,kujawsko-pomorskie,KP,2,328282,0,6791,37,1717664,2,362666,0,302323
2022-11-28,kujawsko-pomorskie,KP,4,328286,0,6791,58,1717722,5,362671,0,302323
2022-11-29,kujawsko-pomorskie,KP,50,328336,0,6791,435,1718157,57,362728,0,302323
2022-11-30,kujawsko-pomorskie,KP,30,328366,0,6791,364,1718521,31,362759,0,302323
2022-12-01,kujawsko-pomorskie,KP,26,328392,2,6793,298,1718819,29,362788,0,302323
2022-12-02,kujawsko-pomorskie,KP,25,328417,0,6793,308,1719127,26,362814,0,302323
2022-12-03,kujawsko-pomorskie,KP,34,328451,1,6794,329,1719456,38,362852,0,302323
2022-12-04,kujawsko-pomorskie,KP,2,328453,0,6794,54,1719510,2,362854,0,302323
2022-12-05,kujawsko-pomorskie,KP,6,328459,0,6794,50,1719560,6,362860,0,302323
2022-12-06,kujawsko-pomorskie,KP,67,328526,0,6794,487,1720047,76,362936,0,302323
2022-12-07,kujawsko-pomorskie,KP,33,328559,0,6794,383,1720430,35,362971,0,302323
2022-12-08,kujawsko-pomorskie,KP,38,328597,0,6794,377,1720807,38,363009,0,302323
2022-12-09,kujawsko-pomorskie,KP,23,328620,0,6794,152,1720959,24,363033,0,302323
2022-12-10,kujawsko-pomorskie,KP,22,328642,1,6795,294,1721253,28,363061,0,302323
2022-12-11,kujawsko-pomorskie,KP,7,328649,0,6795,53,1721306,7,363068,0,302323
2022-12-12,kujawsko-pomorskie,KP,20,328669,0,6795,123,1721429,23,363091,0,302323
2022-12-13,kujawsko-pomorskie,KP,88,328757,1,6796,678,1722107,89,363180,0,302323
2022-12-14,kujawsko-pomorskie,KP,40,328797,1,6797,425,1722532,42,363222,0,302323
2022-12-15,kujawsko-pomorskie,KP,35,328832,2,6799,372,1722904,35,363257,0,302323
2022-12-16,kujawsko-pomorskie,KP,35,328867,0,6799,329,1723233,37,363294,0,302323
2022-12-17,kujawsko-pomorskie,KP,42,328909,0,6799,413,1723646,48,363342,0,302323
2022-12-18,kujawsko-pomorskie,KP,5,328914,0,6799,84,1723730,5,363347,0,302323
2022-12-19,kujawsko-pomorskie,KP,4,328918,0,6799,91,1723821,4,363351,0,302323
2022-12-20,kujawsko-pomorskie,KP,73,328991,1,6800,514,1724335,81,363432,0,302323
2022-12-21,kujawsko-pomorskie,KP,32,329023,0,6800,392,1724727,32,363464,0,302323
2022-12-22,kujawsko-pomorskie,KP,44,329067,2,6802,465,1725192,46,363510,0,302323
2022-12-23,kujawsko-pomorskie,KP,36,329103,6,6808,368,1725560,38,363548,0,302323
2022-12-24,kujawsko-pomorskie,KP,33,329136,1,6809,298,1725858,34,363582,0,302323
2022-12-25,kujawsko-pomorskie,KP,6,329142,0,6809,83,1725941,6,363588,0,302323
2022-12-26,kujawsko-pomorskie,KP,7,329149,0,6809,112,1726053,8,363596,0,302323
2022-12-27,kujawsko-pomorskie,KP,12,329161,0,6809,120,1726173,14,363610,0,302323
2022-12-28,kujawsko-pomorskie,KP,41,329202,2,6811,442,1726615,48,363658,0,302323
2022-12-29,kujawsko-pomorskie,KP,37,329239,2,6813,424,1727039,40,363698,0,302323
2022-12-30,kujawsko-pomorskie,KP,45,329284,1,6814,380,1727419,51,363749,0,302323
2022-12-31,kujawsko-pomorskie,KP,38,329322,2,6816,356,1727775,42,363791,0,302323
2023-01-01,kujawsko-pomorskie,KP,4,329326,0,6816,90,1727865,5,363796,0,302323
2023-01-02,kujawsko-pomorskie,KP,2,329328,0,6816,73,1727938,4,363800,0,302323
2023-01-03,kujawsko-pomorskie,KP,27,329355,1,6817,367,1728305,33,363833,0,302323
2023-01-04,kujawsko-pomorskie,KP,34,329389,0,6817,355,1728660,38,363871,0,302323
2023-01-05,kujawsko-pomorskie,KP,24,329413,0,6817,256,1728916,26,363897,0,302323
2023-01-06,kujawsko-pomorskie,KP,17,329430,2,6819,209,1729125,20,363917,0,302323
2023-01-07,kujawsko-pomorskie,KP,1,329431,0,6819,81,1729206,1,363918,0,302323
2023-01-08,kujawsko-pomorskie,KP,9,329440,0,6819,54,1729260,9,363927,0,302323
2023-01-09,kujawsko-pomorskie,KP,3,329443,0,6819,43,1729303,3,363930,0,302323
2023-01-10,kujawsko-pomorskie,KP,35,329478,0,6819,352,1729655,42,363972,0,302323
2023-01-11,kujawsko-pomorskie,KP,17,329495,0,6819,168,1729823,20,363992,0,302323
2023-01-12,kujawsko-pomorskie,KP,15,329510,1,6820,175,1729998,15,364007,0,302323
2023-01-13,kujawsko-pomorskie,KP,22,329532,0,6820,146,1730144,24,364031,0,302323
2023-01-14,kujawsko-pomorskie,KP,20,329552,0,6820,162,1730306,23,364054,0,302323
2023-01-15,kujawsko-pomorskie,KP,3,329555,0,6820,24,1730330,3,364057,0,302323
2023-01-16,kujawsko-pomorskie,KP,2,329557,0,6820,36,1730366,2,364059,0,302323
2023-01-17,kujawsko-pomorskie,KP,20,329577,1,6821,210,1730576,21,364080,0,302323
2023-01-18,kujawsko-pomorskie,KP,25,329602,0,6821,179,1730755,28,364108,0,302323
2023-01-19,kujawsko-pomorskie,KP,13,329615,1,6822,187,1730942,15,364123,0,302323
2023-01-20,kujawsko-pomorskie,KP,25,329640,0,6822,160,1731102,28,364151,0,302323
2023-01-21,kujawsko-pomorskie,KP,33,329673,0,6822,159,1731261,36,364187,0,302323
2023-01-22,kujawsko-pomorskie,KP,3,329676,0,6822,25,1731286,3,364190,0,302323
2023-01-23,kujawsko-pomorskie,KP,3,329679,0,6822,26,1731312,3,364193,0,302323
2023-01-24,kujawsko-pomorskie,KP,70,329749,2,6824,238,1731550,70,364263,0,302323
2023-01-25,kujawsko-pomorskie,KP,29,329778,0,6824,170,1731720,34,364297,0,302323
2023-01-26,kujawsko-pomorskie,KP,54,329832,0,6824,222,1731942,57,364354,0,302323
2023-01-27,kujawsko-pomorskie,KP,64,329896,1,6825,277,1732219,65,364419,0,302323
2023-01-28,kujawsko-pomorskie,KP,48,329944,0,6825,179,1732398,51,364470,0,302323
2023-01-29,kujawsko-pomorskie,KP,3,329947,0,6825,23,1732421,3,364473,0,302323
2023-01-30,kujawsko-pomorskie,KP,8,329955,0,6825,24,1732445,8,364481,0,302323
2023-01-31,kujawsko-pomorskie,KP,101,330056,2,6827,348,1732793,105,364586,0,302323
2023-02-01,kujawsko-pomorskie,KP,64,330120,0,6827,251,1733044,65,364651,0,302323
2023-02-02,kujawsko-pomorskie,KP,71,330191,0,6827,270,1733314,73,364724,0,302323
2023-02-03,kujawsko-pomorskie,KP,86,330277,2,6829,475,1733789,94,364818,0,302323
2023-02-04,kujawsko-pomorskie,KP,72,330349,0,6829,233,1734022,74,364892,0,302323
2023-02-05,kujawsko-pomorskie,KP,5,330354,0,6829,40,1734062,6,364898,0,302323
2023-02-06,kujawsko-pomorskie,KP,4,330358,0,6829,50,1734112,6,364904,0,302323
2023-02-07,kujawsko-pomorskie,KP,107,330465,1,6830,384,1734496,111,365015,0,302323
2023-02-08,kujawsko-pomorskie,KP,71,330536,0,6830,256,1734752,80,365095,0,302323
2023-02-09,kujawsko-pomorskie,KP,86,330622,1,6831,290,1735042,95,365190,0,302323
2023-02-10,kujawsko-pomorskie,KP,68,330690,1,6832,189,1735231,76,365266,0,302323
2023-02-11,kujawsko-pomorskie,KP,81,330771,0,6832,311,1735542,86,365352,0,302323
2023-02-12,kujawsko-pomorskie,KP,11,330782,0,6832,35,1735577,11,365363,0,302323
2023-02-13,kujawsko-pomorskie,KP,5,330787,0,6832,26,1735603,6,365369,0,302323
2023-02-14,kujawsko-pomorskie,KP,181,330968,0,6832,536,1736139,184,365553,0,302323
2023-02-15,kujawsko-pomorskie,KP,130,331098,4,6836,408,1736547,136,365689,0,302323
2023-02-16,kujawsko-pomorskie,KP,135,331233,1,6837,360,1736907,140,365829,0,302323
2023-02-17,kujawsko-pomorskie,KP,123,331356,3,6840,349,1737256,130,365959,0,302323
2023-02-18,kujawsko-pomorskie,KP,138,331494,1,6841,411,1737667,151,366110,0,302323
2023-02-19,kujawsko-pomorskie,KP,6,331500,0,6841,43,1737710,7,366117,0,302323
2023-02-20,kujawsko-pomorskie,KP,10,331510,0,6841,60,1737770,12,366129,0,302323
2023-02-21,kujawsko-pomorskie,KP,250,331760,0,6841,675,1738445,258,366387,0,302323
2023-02-22,kujawsko-pomorskie,KP,175,331935,2,6843,493,1738938,181,366568,0,302323
2023-02-23,kujawsko-pomorskie,KP,209,332144,1,6844,478,1739416,220,366788,0,302323
2023-02-24,kujawsko-pomorskie,KP,210,332354,1,6845,499,1739915,218,367006,0,302323
2023-02-25,kujawsko-pomorskie,KP,193,332547,0,6845,519,1740434,204,367210,0,302323
2023-02-26,kujawsko-pomorskie,KP,19,332566,0,6845,68,1740502,21,367231,0,302323
2023-02-27,kujawsko-pomorskie,KP,19,332585,0,6845,59,1740561,20,367251,0,302323
2023-02-28,kujawsko-pomorskie,KP,311,332896,4,6849,744,1741305,323,367574,0,302323
2023-03-01,kujawsko-pomorskie,KP,218,333114,1,6850,601,1741906,229,367803,0,302323
2023-03-02,kujawsko-pomorskie,KP,220,333334,0,6850,525,1742431,229,368032,0,302323
2023-03-03,kujawsko-pomorskie,KP,277,333611,1,6851,721,1743152,285,368317,0,302323
2023-03-04,kujawsko-pomorskie,KP,201,333812,1,6852,535,1743687,208,368525,0,302323
2023-03-05,kujawsko-pomorskie,KP,18,333830,0,6852,62,1743749,19,368544,0,302323
2023-03-06,kujawsko-pomorskie,KP,14,333844,0,6852,59,1743808,14,368558,0,302323
2023-03-07,kujawsko-pomorskie,KP,376,334220,1,6853,994,1744802,388,368946,0,302323
2023-03-08,kujawsko-pomorskie,KP,291,334511,3,6856,720,1745522,298,369244,0,302323
2023-03-09,kujawsko-pomorskie,KP,217,334728,0,6856,639,1746161,227,369471,0,302323
2023-03-10,kujawsko-pomorskie,KP,276,335004,2,6858,715,1746876,283,369754,0,302323
2023-03-11,kujawsko-pomorskie,KP,233,335237,2,6860,658,1747534,243,369997,0,302323
2023-03-12,kujawsko-pomorskie,KP,26,335263,0,6860,84,1747618,30,370027,0,302323
2023-03-13,kujawsko-pomorskie,KP,21,335284,0,6860,78,1747696,23,370050,0,302323
2023-03-14,kujawsko-pomorskie,KP,357,335641,0,6860,1056,1748752,377,370427,0,302323
2023-03-15,kujawsko-pomorskie,KP,323,335964,1,6861,867,1749619,338,370765,0,302323
2023-03-16,kujawsko-pomorskie,KP,308,336272,2,6863,836,1750455,318,371083,0,302323
2023-03-17,kujawsko-pomorskie,KP,243,336515,0,6863,704,1751159,258,371341,0,302323
2023-03-18,kujawsko-pomorskie,KP,261,336776,3,6866,847,1752006,278,371619,0,302323
2023-03-19,kujawsko-pomorskie,KP,16,336792,0,6866,68,1752074,17,371636,0,302323
2023-03-20,kujawsko-pomorskie,KP,17,336809,2,6868,75,1752149,21,371657,0,302323
2023-03-21,kujawsko-pomorskie,KP,337,337146,3,6871,1042,1753191,356,372013,0,302323
2023-03-22,kujawsko-pomorskie,KP,216,337362,3,6874,723,1753914,228,372241,0,302323
2023-03-23,kujawsko-pomorskie,KP,185,337547,1,6875,674,1754588,189,372430,0,302323
2023-03-24,kujawsko-pomorskie,KP,150,337697,3,6878,539,1755127,155,372585,0,302323
2023-03-25,kujawsko-pomorskie,KP,137,337834,0,6878,556,1755683,142,372727,0,302323
2023-03-26,kujawsko-pomorskie,KP,12,337846,0,6878,63,1755746,15,372742,0,302323
2023-03-27,kujawsko-pomorskie,KP,10,337856,0,6878,56,1755802,12,372754,0,302323
2023-03-28,kujawsko-pomorskie,KP,166,338022,0,6878,754,1756556,175,372929,0,302323
2023-03-29,kujawsko-pomorskie,KP,80,338102,0,6878,495,1757051,84,373013,0,302323
2023-03-30,kujawsko-pomorskie,KP,99,338201,5,6883,457,1757508,106,373119,0,302323
2023-03-31,kujawsko-pomorskie,KP,82,338283,0,6883,452,1757960,88,373207,0,302323
2023-04-01,kujawsko-pomorskie,KP,74,338357,3,6886,379,1758339,80,373287,0,302323
2023-04-02,kujawsko-pomorskie,KP,7,338364,0,6886,70,1758409,9,373296,0,302323
2023-04-03,kujawsko-pomorskie,KP,11,338375,0,6886,56,1758465,12,373308,0,302323
2023-04-04,kujawsko-pomorskie,KP,116,338491,2,6888,589,1759054,124,373432,0,302323
2023-04-05,kujawsko-pomorskie,KP,74,338565,0,6888,432,1759486,77,373509,0,302323
2023-04-06,kujawsko-pomorskie,KP,40,338605,2,6890,412,1759898,44,373553,0,302323
2023-04-07,kujawsko-pomorskie,KP,28,338633,1,6891,287,1760185,31,373584,0,302323
2023-04-08,kujawsko-pomorskie,KP,35,338668,0,6891,263,1760448,40,373624,0,302323
2023-04-09,kujawsko-pomorskie,KP,6,338674,0,6891,50,1760498,7,373631,0,302323
2023-04-10,kujawsko-pomorskie,KP,6,338680,0,6891,49,1760547,7,373638,0,302323
2023-04-11,kujawsko-pomorskie,KP,5,338685,0,6891,55,1760602,6,373644,0,302323
2023-04-12,kujawsko-pomorskie,KP,70,338755,1,6892,520,1761122,72,373716,0,302323
2023-04-13,kujawsko-pomorskie,KP,47,338802,0,6892,334,1761456,49,373765,0,302323
2023-04-14,kujawsko-pomorskie,KP,43,338845,1,6893,309,1761765,44,373809,0,302323
2023-04-15,kujawsko-pomorskie,KP,30,338875,1,6894,279,1762044,34,373843,0,302323
2023-04-16,kujawsko-pomorskie,KP,0,338875,0,6894,44,1762088,0,373843,0,302323
2023-04-17,kujawsko-pomorskie,KP,1,338876,0,6894,42,1762130,2,373845,0,302323
2023-04-18,kujawsko-pomorskie,KP,43,338919,2,6896,327,1762457,49,373894,0,302323
2023-04-19,kujawsko-pomorskie,KP,26,338945,0,6896,262,1762719,30,373924,0,302323
2023-04-20,kujawsko-pomorskie,KP,16,338961,0,6896,193,1762912,18,373942,0,302323
2023-04-21,kujawsko-pomorskie,KP,18,338979,2,6898,191,1763103,18,373960,0,302323
2023-04-22,kujawsko-pomorskie,KP,16,338995,0,6898,153,1763256,17,373977,0,302323
2023-04-23,kujawsko-pomorskie,KP,0,338995,0,6898,35,1763291,0,373977,0,302323
2023-04-24,kujawsko-pomorskie,KP,1,338996,0,6898,34,1763325,1,373978,0,302323
2023-04-25,kujawsko-pomorskie,KP,8,339004,0,6898,246,1763571,10,373988,0,302323
2023-04-26,kujawsko-pomorskie,KP,19,339023,0,6898,228,1763799,20,374008,0,302323
2023-04-27,kujawsko-pomorskie,KP,10,339033,1,6899,251,1764050,10,374018,0,302323
2023-04-28,kujawsko-pomorskie,KP,7,339040,2,6901,229,1764279,8,374026,0,302323
2023-04-29,kujawsko-pomorskie,KP,7,339047,0,6901,221,1764500,8,374034,0,302323
2023-04-30,kujawsko-pomorskie,KP,0,339047,0,6901,23,1764523,0,374034,0,302323
2023-05-01,kujawsko-pomorskie,KP,3,339050,0,6901,29,1764552,3,374037,0,302323
2023-05-02,kujawsko-pomorskie,KP,2,339052,0,6901,29,1764581,2,374039,0,302323
2023-05-03,kujawsko-pomorskie,KP,10,339062,0,6901,162,1764743,13,374052,0,302323
2023-05-04,kujawsko-pomorskie,KP,1,339063,0,6901,26,1764769,1,374053,0,302323
2023-05-05,kujawsko-pomorskie,KP,16,339079,0,6901,220,1764989,16,374069,0,302323
2023-05-06,kujawsko-pomorskie,KP,15,339094,0,6901,173,1765162,15,374084,0,302323
2023-05-07,kujawsko-pomorskie,KP,1,339095,0,6901,25,1765187,1,374085,0,302323
2023-05-08,kujawsko-pomorskie,KP,2,339097,0,6901,29,1765216,2,374087,0,302323
2023-05-09,kujawsko-pomorskie,KP,9,339106,0,6901,204,1765420,9,374096,0,302323
2023-05-10,kujawsko-pomorskie,KP,13,339119,0,6901,125,1765545,14,374110,0,302323
2023-05-11,kujawsko-pomorskie,KP,8,339127,0,6901,150,1765695,9,374119,0,302323
2023-05-12,kujawsko-pomorskie,KP,10,339137,1,6902,118,1765813,10,374129,0,302323
2023-05-13,kujawsko-pomorskie,KP,6,339143,0,6902,99,1765912,6,374135,0,302323
2023-05-14,kujawsko-pomorskie,KP,0,339143,0,6902,22,1765934,1,374136,0,302323
2023-05-15,kujawsko-pomorskie,KP,0,339143,0,6902,26,1765960,1,374137,0,302323
2023-05-16,kujawsko-pomorskie,KP,8,339151,0,6902,166,1766126,9,374146,0,302323
2023-05-17,kujawsko-pomorskie,KP,7,339158,0,6902,129,1766255,7,374153,0,302323
2023-05-18,kujawsko-pomorskie,KP,3,339161,0,6902,114,1766369,3,374156,0,302323
2023-05-19,kujawsko-pomorskie,KP,5,339166,0,6902,118,1766487,6,374162,0,302323
2023-05-20,kujawsko-pomorskie,KP,1,339167,0,6902,102,1766589,2,374164,0,302323
2023-05-21,kujawsko-pomorskie,KP,1,339168,0,6902,21,1766610,1,374165,0,302323
2023-05-22,kujawsko-pomorskie,KP,0,339168,0,6902,13,1766623,0,374165,0,302323
2023-05-23,kujawsko-pomorskie,KP,10,339178,0,6902,137,1766760,12,374177,0,302323
2023-05-24,kujawsko-pomorskie,KP,3,339181,0,6902,102,1766862,3,374180,0,302323
2023-05-25,kujawsko-pomorskie,KP,8,339189,0,6902,108,1766970,8,374188,0,302323
2023-05-26,kujawsko-pomorskie,KP,0,339189,0,6902,78,1767048,0,374188,0,302323
2023-05-27,kujawsko-pomorskie,KP,3,339192,0,6902,81,1767129,3,374191,0,302323
2023-05-28,kujawsko-pomorskie,KP,1,339193,0,6902,12,1767141,1,374192,0,302323
2023-05-29,kujawsko-pomorskie,KP,0,339193,0,6902,10,1767151,0,374192,0,302323
2023-05-30,kujawsko-pomorskie,KP,5,339198,0,6902,167,1767318,5,374197,0,302323
2023-05-31,kujawsko-pomorskie,KP,4,339202,0,6902,90,1767408,4,374201,0,302323
2023-06-01,kujawsko-pomorskie,KP,5,339207,0,6902,98,1767506,5,374206,0,302323
2023-06-02,kujawsko-pomorskie,KP,1,339208,0,6902,72,1767578,1,374207,0,302323
2023-06-03,kujawsko-pomorskie,KP,2,339210,0,6902,49,1767627,2,374209,0,302323
2023-06-04,kujawsko-pomorskie,KP,0,339210,0,6902,15,1767642,0,374209,0,302323
2023-06-05,kujawsko-pomorskie,KP,0,339210,0,6902,20,1767662,0,374209,0,302323
2023-06-06,kujawsko-pomorskie,KP,0,339210,0,6902,113,1767775,0,374209,0,302323
2023-06-07,kujawsko-pomorskie,KP,3,339213,0,6902,128,1767903,4,374213,0,302323
2023-06-08,kujawsko-pomorskie,KP,3,339216,0,6902,77,1767980,3,374216,0,302323
2023-06-09,kujawsko-pomorskie,KP,0,339216,0,6902,8,1767988,0,374216,0,302323
2023-06-10,kujawsko-pomorskie,KP,4,339220,0,6902,72,1768060,4,374220,0,302323
2023-06-11,kujawsko-pomorskie,KP,1,339221,0,6902,9,1768069,1,374221,0,302323
2023-06-12,kujawsko-pomorskie,KP,0,339221,0,6902,18,1768087,0,374221,0,302323
2023-06-13,kujawsko-pomorskie,KP,4,339225,0,6902,92,1768179,4,374225,0,302323
2023-06-14,kujawsko-pomorskie,KP,3,339228,0,6902,56,1768235,3,374228,0,302323
2023-06-15,kujawsko-pomorskie,KP,2,339230,0,6902,62,1768297,2,374230,0,302323
2023-06-16,kujawsko-pomorskie,KP,2,339232,0,6902,45,1768342,2,374232,0,302323
2023-06-17,kujawsko-pomorskie,KP,2,339234,0,6902,52,1768394,2,374234,0,302323
2023-06-18,kujawsko-pomorskie,KP,0,339234,0,6902,16,1768410,0,374234,0,302323
2023-06-19,kujawsko-pomorskie,KP,0,339234,0,6902,4,1768414,0,374234,0,302323
2023-06-20,kujawsko-pomorskie,KP,6,339240,0,6902,90,1768504,7,374241,0,302323
2023-06-21,kujawsko-pomorskie,KP,0,339240,0,6902,56,1768560,0,374241,0,302323
2023-06-22,kujawsko-pomorskie,KP,2,339242,0,6902,49,1768609,2,374243,0,302323
2023-06-23,kujawsko-pomorskie,KP,1,339243,0,6902,32,1768641,1,374244,0,302323
2023-06-24,kujawsko-pomorskie,KP,3,339246,0,6902,36,1768677,3,374247,0,302323
2023-06-25,kujawsko-pomorskie,KP,1,339247,0,6902,5,1768682,1,374248,0,302323
2023-06-26,kujawsko-pomorskie,KP,0,339247,0,6902,13,1768695,0,374248,0,302323
2023-06-27,kujawsko-pomorskie,KP,4,339251,0,6902,79,1768774,5,374253,0,302323
2023-06-28,kujawsko-pomorskie,KP,1,339252,0,6902,41,1768815,1,374254,0,302323
2023-06-29,kujawsko-pomorskie,KP,2,339254,1,6903,34,1768849,2,374256,0,302323
2023-06-30,kujawsko-pomorskie,KP,1,339255,0,6903,27,1768876,1,374257,0,302323
2023-07-01,kujawsko-pomorskie,KP,0,339255,0,6903,22,1768898,0,374257,0,302323
2023-07-02,kujawsko-pomorskie,KP,0,339255,0,6903,4,1768902,0,374257,0,302323
2023-07-03,kujawsko-pomorskie,KP,0,339255,0,6903,5,1768907,0,374257,0,302323
2023-07-04,kujawsko-pomorskie,KP,5,339260,0,6903,23,1768930,5,374262,0,302323
2023-07-05,kujawsko-pomorskie,KP,0,339260,0,6903,20,1768950,0,374262,0,302323
2023-07-06,kujawsko-pomorskie,KP,1,339261,0,6903,30,1768980,1,374263,0,302323
2023-07-07,kujawsko-pomorskie,KP,2,339263,0,6903,18,1768998,2,374265,0,302323
2023-07-08,kujawsko-pomorskie,KP,0,339263,0,6903,18,1769016,0,374265,0,302323
2023-07-09,kujawsko-pomorskie,KP,0,339263,0,6903,4,1769020,0,374265,0,302323
2023-07-10,kujawsko-pomorskie,KP,0,339263,0,6903,5,1769025,0,374265,0,302323
2023-07-11,kujawsko-pomorskie,KP,1,339264,0,6903,19,1769044,1,374266,0,302323
2023-07-12,kujawsko-pomorskie,KP,0,339264,0,6903,15,1769059,0,374266,0,302323
2023-07-13,kujawsko-pomorskie,KP,1,339265,0,6903,32,1769091,1,374267,0,302323
2023-07-14,kujawsko-pomorskie,KP,1,339266,0,6903,10,1769101,1,374268,0,302323
2023-07-15,kujawsko-pomorskie,KP,0,339266,0,6903,5,1769106,0,374268,0,302323
2023-07-16,kujawsko-pomorskie,KP,0,339266,0,6903,4,1769110,0,374268,0,302323
2023-07-17,kujawsko-pomorskie,KP,0,339266,0,6903,1,1769111,0,374268,0,302323
2023-07-18,kujawsko-pomorskie,KP,0,339266,0,6903,7,1769118,0,374268,0,302323
2023-07-19,kujawsko-pomorskie,KP,1,339267,0,6903,19,1769137,1,374269,0,302323
2023-07-20,kujawsko-pomorskie,KP,2,339269,0,6903,17,1769154,2,374271,0,302323
2023-07-21,kujawsko-pomorskie,KP,2,339271,0,6903,17,1769171,2,374273,0,302323
2023-07-22,kujawsko-pomorskie,KP,0,339271,0,6903,11,1769182,0,374273,0,302323
2023-07-23,kujawsko-pomorskie,KP,0,339271,0,6903,3,1769185,0,374273,0,302323
2023-07-24,kujawsko-pomorskie,KP,0,339271,0,6903,5,1769190,0,374273,0,302323
2023-07-25,kujawsko-pomorskie,KP,1,339272,0,6903,20,1769210,3,374276,0,302323
2023-07-26,kujawsko-pomorskie,KP,0,339272,0,6903,4,1769214,0,374276,0,302323
2023-07-27,kujawsko-pomorskie,KP,0,339272,0,6903,5,1769219,0,374276,0,302323
2023-07-28,kujawsko-pomorskie,KP,0,339272,0,6903,14,1769233,0,374276,0,302323
2023-07-29,kujawsko-pomorskie,KP,0,339272,0,6903,6,1769239,0,374276,0,302323
2023-07-30,kujawsko-pomorskie,KP,0,339272,0,6903,1,1769240,0,374276,0,302323
2023-07-31,kujawsko-pomorskie,KP,0,339272,0,6903,2,1769242,0,374276,0,302323
2023-08-01,kujawsko-pomorskie,KP,2,339274,0,6903,9,1769251,2,374278,0,302323
2023-08-02,kujawsko-pomorskie,KP,0,339274,0,6903,10,1769261,0,374278,0,302323
2023-08-03,kujawsko-pomorskie,KP,0,339274,0,6903,14,1769275,0,374278,0,302323
2023-08-04,kujawsko-pomorskie,KP,1,339275,0,6903,6,1769281,1,374279,0,302323
2023-08-05,kujawsko-pomorskie,KP,0,339275,0,6903,7,1769288,0,374279,0,302323
2023-08-06,kujawsko-pomorskie,KP,0,339275,0,6903,0,1769288,0,374279,0,302323
2023-08-07,kujawsko-pomorskie,KP,0,339275,0,6903,1,1769289,0,374279,0,302323
2023-08-08,kujawsko-pomorskie,KP,2,339277,0,6903,9,1769298,2,374281,0,302323
2023-08-09,kujawsko-pomorskie,KP,2,339279,0,6903,8,1769306,3,374284,0,302323
2023-08-10,kujawsko-pomorskie,KP,3,339282,0,6903,21,1769327,3,374287,0,302323
2023-08-11,kujawsko-pomorskie,KP,3,339285,0,6903,7,1769334,3,374290,0,302323
2023-08-12,kujawsko-pomorskie,KP,3,339288,0,6903,7,1769341,3,374293,0,302323
2023-08-13,kujawsko-pomorskie,KP,0,339288,0,6903,0,1769341,0,374293,0,302323
2023-08-14,kujawsko-pomorskie,KP,0,339288,0,6903,1,1769342,0,374293,0,302323
2023-08-15,kujawsko-pomorskie,KP,4,339292,0,6903,24,1769366,5,374298,0,302323
2023-08-16,kujawsko-pomorskie,KP,0,339292,0,6903,0,1769366,0,374298,0,302323
2023-08-17,kujawsko-pomorskie,KP,9,339301,0,6903,15,1769381,9,374307,0,302323
2023-08-18,kujawsko-pomorskie,KP,2,339303,0,6903,13,1769394,2,374309,0,302323
2023-08-19,kujawsko-pomorskie,KP,6,339309,0,6903,15,1769409,6,374315,0,302323
2023-08-20,kujawsko-pomorskie,KP,1,339310,0,6903,3,1769412,1,374316,0,302323
2023-08-21,kujawsko-pomorskie,KP,0,339310,0,6903,0,1769412,0,374316,0,302323
2023-08-22,kujawsko-pomorskie,KP,1,339311,0,6903,8,1769420,1,374317,0,302323
2023-08-23,kujawsko-pomorskie,KP,3,339314,0,6903,9,1769429,3,374320,0,302323
2023-08-24,kujawsko-pomorskie,KP,2,339316,0,6903,8,1769437,2,374322,0,302323
2023-08-25,kujawsko-pomorskie,KP,5,339321,0,6903,14,1769451,5,374327,0,302323
2023-08-26,kujawsko-pomorskie,KP,2,339323,0,6903,10,1769461,2,374329,0,302323
2023-08-27,kujawsko-pomorskie,KP,0,339323,0,6903,1,1769462,0,374329,0,302323
2023-08-28,kujawsko-pomorskie,KP,0,339323,0,6903,1,1769463,0,374329,0,302323
2023-08-29,kujawsko-pomorskie,KP,1,339324,0,6903,11,1769474,1,374330,0,302323
2023-08-30,kujawsko-pomorskie,KP,3,339327,0,6903,17,1769491,3,374333,0,302323
2023-08-31,kujawsko-pomorskie,KP,7,339334,1,6904,18,1769509,7,374340,0,302323
2023-09-01,kujawsko-pomorskie,KP,2,339336,0,6904,12,1769521,2,374342,0,302323
2023-09-02,kujawsko-pomorskie,KP,2,339338,0,6904,27,1769548,2,374344,0,302323
2023-09-03,kujawsko-pomorskie,KP,0,339338,0,6904,0,1769548,0,374344,0,302323
2023-09-04,kujawsko-pomorskie,KP,1,339339,0,6904,1,1769549,1,374345,0,302323
2023-09-05,kujawsko-pomorskie,KP,5,339344,0,6904,23,1769572,5,374350,0,302323
2023-09-06,kujawsko-pomorskie,KP,7,339351,0,6904,19,1769591,7,374357,0,302323
2023-09-07,kujawsko-pomorskie,KP,5,339356,0,6904,14,1769605,5,374362,0,302323
2023-09-08,kujawsko-pomorskie,KP,3,339359,0,6904,9,1769614,3,374365,0,302323
2023-09-09,kujawsko-pomorskie,KP,3,339362,0,6904,18,1769632,3,374368,0,302323
2023-09-10,kujawsko-pomorskie,KP,0,339362,0,6904,1,1769633,0,374368,0,302323
2023-09-11,kujawsko-pomorskie,KP,0,339362,0,6904,2,1769635,0,374368,0,302323
2023-09-12,kujawsko-pomorskie,KP,6,339368,0,6904,44,1769679,6,374374,0,302323
2023-09-13,kujawsko-pomorskie,KP,9,339377,0,6904,25,1769704,10,374384,0,302323
2023-09-14,kujawsko-pomorskie,KP,5,339382,0,6904,28,1769732,5,374389,0,302323
2023-09-15,kujawsko-pomorskie,KP,8,339390,0,6904,35,1769767,8,374397,0,302323
2023-09-16,kujawsko-pomorskie,KP,4,339394,0,6904,30,1769797,4,374401,0,302323
2023-09-17,kujawsko-pomorskie,KP,0,339394,0,6904,0,1769797,0,374401,0,302323
2023-09-18,kujawsko-pomorskie,KP,0,339394,0,6904,0,1769797,0,374401,0,302323
2023-09-19,kujawsko-pomorskie,KP,6,339400,0,6904,39,1769836,6,374407,0,302323
2023-09-20,kujawsko-pomorskie,KP,12,339412,0,6904,37,1769873,12,374419,0,302323
2023-09-21,kujawsko-pomorskie,KP,15,339427,0,6904,50,1769923,15,374434,0,302323
2023-09-22,kujawsko-pomorskie,KP,7,339434,1,6905,32,1769955,8,374442,0,302323
2023-09-23,kujawsko-pomorskie,KP,9,339443,0,6905,33,1769988,9,374451,0,302323
2023-09-24,kujawsko-pomorskie,KP,0,339443,0,6905,0,1769988,0,374451,0,302323
2023-09-25,kujawsko-pomorskie,KP,2,339445,0,6905,2,1769990,2,374453,0,302323
2023-09-26,kujawsko-pomorskie,KP,13,339458,0,6905,71,1770061,13,374466,0,302323
2023-09-27,kujawsko-pomorskie,KP,9,339467,0,6905,43,1770104,9,374475,0,302323
2023-09-28,kujawsko-pomorskie,KP,6,339473,0,6905,31,1770135,6,374481,0,302323
2023-09-29,kujawsko-pomorskie,KP,18,339491,0,6905,40,1770175,19,374500,0,302323
2023-09-30,kujawsko-pomorskie,KP,22,339513,0,6905,53,1770228,22,374522,0,302323
2023-10-01,kujawsko-pomorskie,KP,0,339513,0,6905,0,1770228,0,374522,0,302323
2023-10-02,kujawsko-pomorskie,KP,0,339513,0,6905,0,1770228,0,374522,0,302323
2023-10-03,kujawsko-pomorskie,KP,18,339531,0,6905,75,1770303,18,374540,0,302323
2023-10-04,kujawsko-pomorskie,KP,17,339548,0,6905,126,1770429,18,374558,0,302323
2023-10-05,kujawsko-pomorskie,KP,9,339557,0,6905,79,1770508,9,374567,0,302323
2023-10-06,kujawsko-pomorskie,KP,13,339570,0,6905,84,1770592,13,374580,0,302323
2023-10-07,kujawsko-pomorskie,KP,2,339572,0,6905,56,1770648,2,374582,0,302323
2023-10-08,kujawsko-pomorskie,KP,1,339573,0,6905,3,1770651,1,374583,0,302323
2023-10-09,kujawsko-pomorskie,KP,0,339573,0,6905,1,1770652,0,374583,0,302323
2023-10-10,kujawsko-pomorskie,KP,13,339586,0,6905,101,1770753,13,374596,0,302323
2023-10-11,kujawsko-pomorskie,KP,6,339592,0,6905,75,1770828,6,374602,0,302323
2023-10-12,kujawsko-pomorskie,KP,9,339601,0,6905,55,1770883,9,374611,0,302323
2023-10-13,kujawsko-pomorskie,KP,16,339617,0,6905,78,1770961,16,374627,0,302323
2023-10-14,kujawsko-pomorskie,KP,21,339638,0,6905,79,1771040,22,374649,0,302323
2023-10-15,kujawsko-pomorskie,KP,0,339638,0,6905,0,1771040,0,374649,0,302323
2023-10-16,kujawsko-pomorskie,KP,1,339639,0,6905,1,1771041,1,374650,0,302323
2023-10-17,kujawsko-pomorskie,KP,24,339663,0,6905,117,1771158,24,374674,0,302323
2023-10-18,kujawsko-pomorskie,KP,19,339682,3,6908,58,1771216,19,374693,0,302323
2023-10-19,kujawsko-pomorskie,KP,21,339703,0,6908,112,1771328,22,374715,0,302323
2023-10-20,kujawsko-pomorskie,KP,33,339736,0,6908,113,1771441,33,374748,0,302323
2023-10-21,kujawsko-pomorskie,KP,19,339755,0,6908,79,1771520,19,374767,0,302323
2023-10-22,kujawsko-pomorskie,KP,0,339755,0,6908,0,1771520,0,374767,0,302323
2023-10-23,kujawsko-pomorskie,KP,0,339755,0,6908,1,1771521,0,374767,0,302323
2023-10-24,kujawsko-pomorskie,KP,72,339827,0,6908,163,1771684,74,374841,0,302323
2023-10-25,kujawsko-pomorskie,KP,39,339866,0,6908,137,1771821,40,374881,0,302323
2023-10-26,kujawsko-pomorskie,KP,34,339900,0,6908,93,1771914,34,374915,0,302323
2023-10-27,kujawsko-pomorskie,KP,34,339934,0,6908,100,1772014,34,374949,0,302323
2023-10-28,kujawsko-pomorskie,KP,45,339979,0,6908,115,1772129,45,374994,0,302323
2023-10-29,kujawsko-pomorskie,KP,0,339979,0,6908,0,1772129,0,374994,0,302323
2023-10-30,kujawsko-pomorskie,KP,1,339980,0,6908,1,1772130,1,374995,0,302323
2023-10-31,kujawsko-pomorskie,KP,76,340056,0,6908,168,1772298,77,375072,0,302323
2023-11-01,kujawsko-pomorskie,KP,55,340111,0,6908,113,1772411,56,375128,0,302323
2023-11-02,kujawsko-pomorskie,KP,2,340113,0,6908,2,1772413,2,375130,0,302323
2023-11-03,kujawsko-pomorskie,KP,77,340190,0,6908,159,1772572,78,375208,0,302323
2023-11-04,kujawsko-pomorskie,KP,63,340253,0,6908,128,1772700,64,375272,0,302323
2023-11-05,kujawsko-pomorskie,KP,0,340253,0,6908,3,1772703,1,375273,0,302323
2023-11-06,kujawsko-pomorskie,KP,0,340253,0,6908,0,1772703,0,375273,0,302323
2023-11-07,kujawsko-pomorskie,KP,130,340383,1,6909,311,1773014,135,375408,0,302323
2023-11-08,kujawsko-pomorskie,KP,83,340466,0,6909,199,1773213,83,375491,0,302323
2023-11-09,kujawsko-pomorskie,KP,73,340539,0,6909,176,1773389,74,375565,0,302323
2023-11-10,kujawsko-pomorskie,KP,89,340628,0,6909,215,1773604,93,375658,0,302323
2023-11-11,kujawsko-pomorskie,KP,101,340729,0,6909,196,1773800,103,375761,0,302323
2023-11-12,kujawsko-pomorskie,KP,15,340744,0,6909,16,1773816,16,375777,0,302323
2023-11-13,kujawsko-pomorskie,KP,3,340747,0,6909,5,1773821,3,375780,0,302323
2023-11-14,kujawsko-pomorskie,KP,112,340859,1,6910,237,1774058,116,375896,0,302323
2023-11-15,kujawsko-pomorskie,KP,100,340959,0,6910,217,1774275,101,375997,0,302323
2023-11-16,kujawsko-pomorskie,KP,89,341048,1,6911,267,1774542,94,376091,0,302323
2023-11-17,kujawsko-pomorskie,KP,93,341141,0,6911,198,1774740,93,376184,0,302323
2023-11-18,kujawsko-pomorskie,KP,95,341236,0,6911,214,1774954,104,376288,0,302323
2023-11-19,kujawsko-pomorskie,KP,3,341239,0,6911,5,1774959,3,376291,0,302323
2023-11-20,kujawsko-pomorskie,KP,3,341242,0,6911,6,1774965,4,376295,0,302323
2023-11-21,kujawsko-pomorskie,KP,178,341420,0,6911,382,1775347,185,376480,0,302323
2023-11-22,kujawsko-pomorskie,KP,148,341568,0,6911,341,1775688,152,376632,0,302323
2023-11-23,kujawsko-pomorskie,KP,99,341667,1,6912,254,1775942,99,376731,0,302323
2023-11-24,kujawsko-pomorskie,KP,138,341805,0,6912,326,1776268,139,376870,0,302323
2023-11-25,kujawsko-pomorskie,KP,139,341944,0,6912,329,1776597,144,377014,0,302323
2023-11-26,kujawsko-pomorskie,KP,4,341948,0,6912,4,1776601,4,377018,0,302323
2023-11-27,kujawsko-pomorskie,KP,1,341949,0,6912,2,1776603,1,377019,0,302323
2023-11-28,kujawsko-pomorskie,KP,242,342191,1,6913,450,1777053,249,377268,0,302323
2023-11-29,kujawsko-pomorskie,KP,189,342380,1,6914,375,1777428,193,377461,0,302323
2023-11-30,kujawsko-pomorskie,KP,187,342567,0,6914,377,1777805,193,377654,0,302323
2023-12-01,kujawsko-pomorskie,KP,201,342768,0,6914,390,1778195,204,377858,0,302323
2023-12-02,kujawsko-pomorskie,KP,207,342975,0,6914,366,1778561,210,378068,0,302323
2023-12-03,kujawsko-pomorskie,KP,7,342982,0,6914,10,1778571,7,378075,0,302323
2023-12-04,kujawsko-pomorskie,KP,2,342984,0,6914,3,1778574,2,378077,0,302323
2023-12-05,kujawsko-pomorskie,KP,372,343356,0,6914,650,1779224,387,378464,0,302323
2023-12-06,kujawsko-pomorskie,KP,320,343676,0,6914,581,1779805,332,378796,0,302323
2023-12-07,kujawsko-pomorskie,KP,279,343955,2,6916,590,1780395,284,379080,0,302323
2023-12-08,kujawsko-pomorskie,KP,244,344199,0,6916,554,1780949,253,379333,0,302323
2023-12-09,kujawsko-pomorskie,KP,225,344424,0,6916,455,1781404,237,379570,0,302323
2023-12-10,kujawsko-pomorskie,KP,11,344435,0,6916,16,1781420,11,379581,0,302323
2023-12-11,kujawsko-pomorskie,KP,7,344442,0,6916,9,1781429,8,379589,0,302323
2023-12-12,kujawsko-pomorskie,KP,434,344876,3,6919,779,1782208,438,380027,0,302323
2023-12-13,kujawsko-pomorskie,KP,321,345197,1,6920,583,1782791,329,380356,0,302323
2023-12-14,kujawsko-pomorskie,KP,295,345492,2,6922,630,1783421,309,380665,0,302323
2023-12-15,kujawsko-pomorskie,KP,243,345735,6,6928,522,1783943,247,380912,0,302323
2023-12-16,kujawsko-pomorskie,KP,262,345997,0,6928,533,1784476,266,381178,0,302323
2023-12-17,kujawsko-pomorskie,KP,4,346001,0,6928,4,1784480,4,381182,0,302323
2023-12-18,kujawsko-pomorskie,KP,10,346011,0,6928,17,1784497,11,381193,0,302323
2023-12-19,kujawsko-pomorskie,KP,335,346346,3,6931,704,1785201,347,381540,0,302323
2023-12-20,kujawsko-pomorskie,KP,208,346554,3,6934,462,1785663,213,381753,0,302323
2023-12-21,kujawsko-pomorskie,KP,200,346754,3,6937,489,1786152,205,381958,0,302323
2023-12-22,kujawsko-pomorskie,KP,179,346933,2,6939,459,1786611,187,382145,0,302323
2023-12-23,kujawsko-pomorskie,KP,152,347085,4,6943,416,1787027,157,382302,0,302323
2023-12-24,kujawsko-pomorskie,KP,7,347092,0,6943,18,1787045,8,382310,0,302323
2023-12-25,kujawsko-pomorskie,KP,6,347098,0,6943,18,1787063,6,382316,0,302323
2023-12-26,kujawsko-pomorskie,KP,5,347103,0,6943,13,1787076,5,382321,0,302323
2023-12-27,kujawsko-pomorskie,KP,8,347111,0,6943,14,1787090,8,382329,0,302323
2023-12-28,kujawsko-pomorskie,KP,184,347295,4,6947,502,1787592,193,382522,0,302323
2023-12-29,kujawsko-pomorskie,KP,157,347452,2,6949,381,1787973,165,382687,0,302323
2023-12-30,kujawsko-pomorskie,KP,133,347585,1,6950,369,1788342,135,382822,0,302323
2023-12-31,kujawsko-pomorskie,KP,7,347592,0,6950,16,1788358,7,382829,0,302323
2024-01-01,kujawsko-pomorskie,KP,2,347594,0,6950,4,1788362,2,382831,0,302323
2024-01-02,kujawsko-pomorskie,KP,4,347598,0,6950,22,1788384,5,382836,0,302323
2024-01-03,kujawsko-pomorskie,KP,146,347744,2,6952,424,1788808,156,382992,0,302323
2024-01-04,kujawsko-pomorskie,KP,190,347934,3,6955,605,1789413,199,383191,0,302323
2024-01-05,kujawsko-pomorskie,KP,109,348043,2,6957,558,1789971,120,383311,0,302323
2024-01-06,kujawsko-pomorskie,KP,75,348118,1,6958,266,1790237,78,383389,0,302323
2024-01-07,kujawsko-pomorskie,KP,5,348123,0,6958,11,1790248,5,383394,0,302323
2024-01-08,kujawsko-pomorskie,KP,3,348126,0,6958,6,1790254,3,383397,0,302323
2024-01-09,kujawsko-pomorskie,KP,101,348227,1,6959,413,1790667,105,383502,0,302323
2024-01-10,kujawsko-pomorskie,KP,90,348317,2,6961,333,1791000,90,383592,0,302323
2024-01-11,kujawsko-pomorskie,KP,50,348367,2,6963,230,1791230,52,383644,0,302323
2024-01-12,kujawsko-pomorskie,KP,56,348423,0,6963,260,1791490,58,383702,0,302323
2024-01-13,kujawsko-pomorskie,KP,53,348476,1,6964,259,1791749,54,383756,0,302323
2024-01-14,kujawsko-pomorskie,KP,6,348482,0,6964,10,1791759,6,383762,0,302323
2024-01-15,kujawsko-pomorskie,KP,4,348486,0,6964,15,1791774,4,383766,0,302323
2024-01-16,kujawsko-pomorskie,KP,97,348583,1,6965,431,1792205,99,383865,0,302323
2024-01-17,kujawsko-pomorskie,KP,74,348657,0,6965,333,1792538,76,383941,0,302323
2024-01-18,kujawsko-pomorskie,KP,52,348709,1,6966,347,1792885,54,383995,0,302323
2024-01-19,kujawsko-pomorskie,KP,38,348747,0,6966,233,1793118,38,384033,0,302323
2024-01-20,kujawsko-pomorskie,KP,42,348789,0,6966,314,1793432,43,384076,0,302323
2024-01-21,kujawsko-pomorskie,KP,0,348789,0,6966,6,1793438,0,384076,0,302323
2024-01-22,kujawsko-pomorskie,KP,2,348791,0,6966,26,1793464,2,384078,0,302323
2024-01-23,kujawsko-pomorskie,KP,77,348868,0,6966,417,1793881,79,384157,0,302323
2024-01-24,kujawsko-pomorskie,KP,52,348920,0,6966,351,1794232,55,384212,0,302323
2024-01-25,kujawsko-pomorskie,KP,56,348976,1,6967,301,1794533,58,384270,0,302323
2024-01-26,kujawsko-pomorskie,KP,37,349013,0,6967,296,1794829,38,384308,0,302323
2024-01-27,kujawsko-pomorskie,KP,35,349048,1,6968,260,1795089,36,384344,0,302323
2024-01-28,kujawsko-pomorskie,KP,3,349051,0,6968,11,1795100,3,384347,0,302323
2024-01-29,kujawsko-pomorskie,KP,1,349052,0,6968,8,1795108,1,384348,0,302323
2024-01-30,kujawsko-pomorskie,KP,58,349110,0,6968,464,1795572,58,384406,0,302323
2024-01-31,kujawsko-pomorskie,KP,31,349141,1,6969,319,1795891,31,384437,0,302323
2024-02-01,kujawsko-pomorskie,KP,29,349170,0,6969,291,1796182,32,384469,0,302323
2024-02-02,kujawsko-pomorskie,KP,25,349195,1,6970,218,1796400,26,384495,0,302323
2024-02-03,kujawsko-pomorskie,KP,25,349220,0,6970,235,1796635,26,384521,0,302323
2024-02-04,kujawsko-pomorskie,KP,1,349221,0,6970,4,1796639,1,384522,0,302323
2024-02-05,kujawsko-pomorskie,KP,0,349221,0,6970,2,1796641,0,384522,0,302323
2024-02-06,kujawsko-pomorskie,KP,30,349251,1,6971,386,1797027,32,384554,0,302323
2024-02-07,kujawsko-pomorskie,KP,19,349270,0,6971,344,1797371,19,384573,0,302323
2024-02-08,kujawsko-pomorskie,KP,24,349294,0,6971,217,1797588,24,384597,0,302323
2024-02-09,kujawsko-pomorskie,KP,22,349316,1,6972,197,1797785,22,384619,0,302323
2024-02-10,kujawsko-pomorskie,KP,12,349328,0,6972,214,1797999,13,384632,0,302323
2024-02-11,kujawsko-pomorskie,KP,0,349328,0,6972,8,1798007,0,384632,0,302323
2024-02-12,kujawsko-pomorskie,KP,0,349328,0,6972,4,1798011,0,384632,0,302323
2024-02-13,kujawsko-pomorskie,KP,25,349353,0,6972,353,1798364,27,384659,0,302323
2024-02-14,kujawsko-pomorskie,KP,13,349366,0,6972,240,1798604,14,384673,0,302323
2024-02-15,kujawsko-pomorskie,KP,16,349382,0,6972,218,1798822,17,384690,0,302323
2024-02-16,kujawsko-pomorskie,KP,13,349395,0,6972,152,1798974,14,384704,0,302323
2024-02-17,kujawsko-pomorskie,KP,9,349404,0,6972,181,1799155,9,384713,0,302323
2024-02-18,kujawsko-pomorskie,KP,0,349404,0,6972,3,1799158,0,384713,0,302323
2024-02-19,kujawsko-pomorskie,KP,1,349405,0,6972,14,1799172,1,384714,0,302323
2024-02-20,kujawsko-pomorskie,KP,20,349425,0,6972,236,1799408,22,384736,0,302323
2024-02-21,kujawsko-pomorskie,KP,7,349432,0,6972,170,1799578,8,384744,0,302323
2024-02-22,kujawsko-pomorskie,KP,28,349460,0,6972,160,1799738,28,384772,0,302323
2024-02-23,kujawsko-pomorskie,KP,7,349467,0,6972,176,1799914,7,384779,0,302323
2024-02-24,kujawsko-pomorskie,KP,6,349473,1,6973,197,1800111,6,384785,0,302323
2024-02-25,kujawsko-pomorskie,KP,0,349473,0,6973,7,1800118,0,384785,0,302323
2024-02-26,kujawsko-pomorskie,KP,0,349473,0,6973,2,1800120,0,384785,0,302323
2024-02-27,kujawsko-pomorskie,KP,7,349480,0,6973,211,1800331,7,384792,0,302323
2024-02-28,kujawsko-pomorskie,KP,11,349491,0,6973,183,1800514,11,384803,0,302323
2024-02-29,kujawsko-pomorskie,KP,13,349504,1,6974,149,1800663,14,384817,0,302323
2024-03-01,kujawsko-pomorskie,KP,6,349510,0,6974,111,1800774,6,384823,0,302323
2024-03-02,kujawsko-pomorskie,KP,7,349517,0,6974,91,1800865,8,384831,0,302323
2024-03-03,kujawsko-pomorskie,KP,0,349517,0,6974,3,1800868,0,384831,0,302323
2024-03-04,kujawsko-pomorskie,KP,1,349518,0,6974,4,1800872,1,384832,0,302323
2024-03-05,kujawsko-pomorskie,KP,5,349523,1,6975,137,1801009,5,384837,0,302323
2024-03-06,kujawsko-pomorskie,KP,6,349529,0,6975,199,1801208,7,384844,0,302323
2024-03-07,kujawsko-pomorskie,KP,8,349537,0,6975,135,1801343,8,384852,0,302323
2024-03-08,kujawsko-pomorskie,KP,6,349543,0,6975,91,1801434,7,384859,0,302323
2024-03-09,kujawsko-pomorskie,KP,6,349549,0,6975,102,1801536,7,384866,0,302323
2024-03-10,kujawsko-pomorskie,KP,0,349549,0,6975,0,1801536,0,384866,0,302323
2024-03-11,kujawsko-pomorskie,KP,0,349549,0,6975,2,1801538,0,384866,0,302323
2024-03-12,kujawsko-pomorskie,KP,7,349556,0,6975,162,1801700,7,384873,0,302323
2024-03-13,kujawsko-pomorskie,KP,5,349561,1,6976,116,1801816,5,384878,0,302323
2024-03-14,kujawsko-pomorskie,KP,7,349568,0,6976,126,1801942,7,384885,0,302323
2024-03-15,kujawsko-pomorskie,KP,0,349568,0,6976,57,1801999,0,384885,0,302323
2024-03-16,kujawsko-pomorskie,KP,4,349572,0,6976,104,1802103,5,384890,0,302323
2024-03-17,kujawsko-pomorskie,KP,0,349572,0,6976,1,1802104,0,384890,0,302323
2024-03-18,kujawsko-pomorskie,KP,0,349572,0,6976,0,1802104,0,384890,0,302323
2024-03-19,kujawsko-pomorskie,KP,9,349581,0,6976,205,1802309,9,384899,0,302323
2024-03-20,kujawsko-pomorskie,KP,3,349584,0,6976,128,1802437,3,384902,0,302323
2024-03-21,kujawsko-pomorskie,KP,9,349593,0,6976,131,1802568,9,384911,0,302323
2024-03-22,kujawsko-pomorskie,KP,3,349596,0,6976,104,1802672,3,384914,0,302323
2024-03-23,kujawsko-pomorskie,KP,8,349604,0,6976,92,1802764,9,384923,0,302323
2024-03-24,kujawsko-pomorskie,KP,0,349604,0,6976,0,1802764,0,384923,0,302323
2024-03-25,kujawsko-pomorskie,KP,0,349604,0,6976,0,1802764,0,384923,0,302323
2024-03-26,kujawsko-pomorskie,KP,4,349608,0,6976,199,1802963,5,384928,0,302323
2024-03-27,kujawsko-pomorskie,KP,1,349609,0,6976,87,1803050,1,384929,0,302323
2024-03-28,kujawsko-pomorskie,KP,4,349613,0,6976,115,1803165,4,384933,0,302323
2024-03-29,kujawsko-pomorskie,KP,4,349617,0,6976,72,1803237,4,384937,0,302323
2024-03-30,kujawsko-pomorskie,KP,2,349619,0,6976,75,1803312,2,384939,0,302323
2024-03-31,kujawsko-pomorskie,KP,0,349619,0,6976,1,1803313,0,384939,0,302323
2024-04-01,kujawsko-pomorskie,KP,0,349619,0,6976,0,1803313,0,384939,0,302323
2024-04-02,kujawsko-pomorskie,KP,0,349619,0,6976,0,1803313,0,384939,0,302323
2024-04-03,kujawsko-pomorskie,KP,4,349623,0,6976,94,1803407,4,384943,0,302323
2024-04-19,kujawsko-pomorskie,KP,0,349623,0,6976,55,1803462,0,384943,0,302323
2024-04-20,kujawsko-pomorskie,KP,1,349624,0,6976,31,1803493,1,384944,0,302323
2024-04-21,kujawsko-pomorskie,KP,0,349624,0,6976,0,1803493,0,384944,0,302323
2024-04-22,kujawsko-pomorskie,KP,0,349624,0,6976,2,1803495,0,384944,0,302323
2024-04-23,kujawsko-pomorskie,KP,1,349625,1,6977,68,1803563,1,384945,0,302323
2024-04-24,kujawsko-pomorskie,KP,6,349631,0,6977,44,1803607,6,384951,0,302323
2024-04-25,kujawsko-pomorskie,KP,1,349632,0,6977,55,1803662,1,384952,0,302323
2024-04-26,kujawsko-pomorskie,KP,7,349639,0,6977,46,1803708,7,384959,0,302323
2024-04-27,kujawsko-pomorskie,KP,6,349645,0,6977,54,1803762,6,384965,0,302323
2024-04-28,kujawsko-pomorskie,KP,0,349645,0,6977,0,1803762,0,384965,0,302323
2024-04-29,kujawsko-pomorskie,KP,0,349645,0,6977,0,1803762,0,384965,0,302323
2024-04-30,kujawsko-pomorskie,KP,4,349649,0,6977,85,1803847,6,384971,0,302323
2024-05-01,kujawsko-pomorskie,KP,0,349649,0,6977,45,1803892,0,384971,0,302323
2024-05-02,kujawsko-pomorskie,KP,0,349649,0,6977,1,1803893,0,384971,0,302323
2024-05-03,kujawsko-pomorskie,KP,1,349650,0,6977,44,1803937,3,384974,0,302323
2024-05-04,kujawsko-pomorskie,KP,0,349650,0,6977,0,1803937,0,384974,0,302323
2024-05-05,kujawsko-pomorskie,KP,0,349650,0,6977,0,1803937,0,384974,0,302323
2024-05-06,kujawsko-pomorskie,KP,0,349650,0,6977,0,1803937,0,384974,0,302323
2024-05-07,kujawsko-pomorskie,KP,2,349652,0,6977,75,1804012,2,384976,0,302323
2024-05-08,kujawsko-pomorskie,KP,2,349654,0,6977,94,1804106,2,384978,0,302323
2024-05-09,kujawsko-pomorskie,KP,0,349654,0,6977,25,1804131,0,384978,0,302323
2024-05-10,kujawsko-pomorskie,KP,1,349655,0,6977,24,1804155,2,384980,0,302323
2024-05-11,kujawsko-pomorskie,KP,4,349659,0,6977,36,1804191,4,384984,0,302323
2024-05-12,kujawsko-pomorskie,KP,0,349659,0,6977,0,1804191,0,384984,0,302323
2024-05-13,kujawsko-pomorskie,KP,0,349659,0,6977,0,1804191,0,384984,0,302323
2024-05-14,kujawsko-pomorskie,KP,0,349659,0,6977,42,1804233,0,384984,0,302323
2024-05-15,kujawsko-pomorskie,KP,2,349661,0,6977,26,1804259,2,384986,0,302323
2024-05-16,kujawsko-pomorskie,KP,2,349663,0,6977,30,1804289,2,384988,0,302323
2024-05-17,kujawsko-pomorskie,KP,3,349666,0,6977,29,1804318,3,384991,0,302323
2024-05-18,kujawsko-pomorskie,KP,3,349669,0,6977,19,1804337,3,384994,0,302323
2024-05-19,kujawsko-pomorskie,KP,0,349669,0,6977,0,1804337,0,384994,0,302323
2024-05-20,kujawsko-pomorskie,KP,0,349669,0,6977,0,1804337,0,384994,0,302323
2024-05-21,kujawsko-pomorskie,KP,3,349672,0,6977,53,1804390,3,384997,0,302323
2024-05-22,kujawsko-pomorskie,KP,1,349673,0,6977,25,1804415,1,384998,0,302323
2024-05-23,kujawsko-pomorskie,KP,2,349675,0,6977,26,1804441,2,385000,0,302323
2024-05-24,kujawsko-pomorskie,KP,2,349677,0,6977,31,1804472,2,385002,0,302323
2024-05-25,kujawsko-pomorskie,KP,0,349677,0,6977,19,1804491,0,385002,0,302323
2024-05-26,kujawsko-pomorskie,KP,0,349677,0,6977,1,1804492,0,385002,0,302323
2024-05-27,kujawsko-pomorskie,KP,0,349677,0,6977,0,1804492,0,385002,0,302323
2024-05-28,kujawsko-pomorskie,KP,1,349678,0,6977,50,1804542,1,385003,0,302323
2024-05-29,kujawsko-pomorskie,KP,2,349680,0,6977,28,1804570,2,385005,0,302323
2024-05-30,kujawsko-pomorskie,KP,3,349683,0,6977,5,1804575,3,385008,0,302323
2024-05-31,kujawsko-pomorskie,KP,0,349683,0,6977,0,1804575,0,385008,0,302323
2024-06-01,kujawsko-pomorskie,KP,4,349687,0,6977,21,1804596,4,385012,0,302323
2024-06-02,kujawsko-pomorskie,KP,0,349687,0,6977,1,1804597,0,385012,0,302323
2024-06-03,kujawsko-pomorskie,KP,0,349687,0,6977,2,1804599,0,385012,0,302323
2024-06-04,kujawsko-pomorskie,KP,5,349692,0,6977,25,1804624,5,385017,0,302323
2024-06-05,kujawsko-pomorskie,KP,2,349694,0,6977,23,1804647,2,385019,0,302323
2024-06-06,kujawsko-pomorskie,KP,4,349698,0,6977,37,1804684,5,385024,0,302323
2024-06-07,kujawsko-pomorskie,KP,4,349702,0,6977,55,1804739,5,385029,0,302323
2024-06-08,kujawsko-pomorskie,KP,2,349704,0,6977,21,1804760,2,385031,0,302323
2024-06-09,kujawsko-pomorskie,KP,0,349704,0,6977,0,1804760,0,385031,0,302323
2024-06-10,kujawsko-pomorskie,KP,0,349704,0,6977,0,1804760,0,385031,0,302323
2024-06-11,kujawsko-pomorskie,KP,4,349708,0,6977,40,1804800,4,385035,0,302323
2024-06-12,kujawsko-pomorskie,KP,4,349712,0,6977,22,1804822,4,385039,0,302323
2024-06-13,kujawsko-pomorskie,KP,2,349714,0,6977,29,1804851,2,385041,0,302323
2024-06-14,kujawsko-pomorskie,KP,4,349718,0,6977,19,1804870,4,385045,0,302323
2024-06-15,kujawsko-pomorskie,KP,0,349718,0,6977,14,1804884,0,385045,0,302323
2024-06-16,kujawsko-pomorskie,KP,0,349718,0,6977,0,1804884,0,385045,0,302323
2024-06-17,kujawsko-pomorskie,KP,0,349718,0,6977,0,1804884,0,385045,0,302323
2024-06-18,kujawsko-pomorskie,KP,18,349736,0,6977,56,1804940,18,385063,0,302323
2024-06-19,kujawsko-pomorskie,KP,3,349739,0,6977,16,1804956,3,385066,0,302323
2024-06-20,kujawsko-pomorskie,KP,3,349742,0,6977,40,1804996,3,385069,0,302323
2024-06-21,kujawsko-pomorskie,KP,5,349747,0,6977,19,1805015,5,385074,0,302323
2024-06-22,kujawsko-pomorskie,KP,4,349751,0,6977,19,1805034,4,385078,0,302323
2024-06-23,kujawsko-pomorskie,KP,0,349751,0,6977,0,1805034,0,385078,0,302323
2024-06-24,kujawsko-pomorskie,KP,0,349751,0,6977,0,1805034,0,385078,0,302323
2024-06-25,kujawsko-pomorskie,KP,9,349760,0,6977,46,1805080,10,385088,0,302323
2024-06-26,kujawsko-pomorskie,KP,4,349764,0,6977,15,1805095,4,385092,0,302323
2024-06-27,kujawsko-pomorskie,KP,5,349769,0,6977,20,1805115,6,385098,0,302323
2024-06-28,kujawsko-pomorskie,KP,10,349779,0,6977,44,1805159,10,385108,0,302323
2024-06-29,kujawsko-pomorskie,KP,5,349784,0,6977,27,1805186,5,385113,0,302323
2024-06-30,kujawsko-pomorskie,KP,0,349784,0,6977,0,1805186,0,385113,0,302323
2024-07-01,kujawsko-pomorskie,KP,0,349784,0,6977,2,1805188,0,385113,0,302323
2020-11-24,opolskie,OP,514,514,24,24,1389,1389,536,536,0,0
2020-11-25,opolskie,OP,466,980,39,63,1379,2768,503,1039,0,0
2020-11-26,opolskie,OP,587,1567,23,86,1530,4298,637,1676,0,0
2020-11-27,opolskie,OP,536,2103,19,105,1491,5789,560,2236,0,0
2020-11-28,opolskie,OP,434,2537,18,123,1433,7222,467,2703,0,0
2020-11-29,opolskie,OP,434,2971,3,126,1052,8274,454,3157,0,0
2020-11-30,opolskie,OP,197,3168,0,126,574,8848,207,3364,0,0
2020-12-01,opolskie,OP,359,3527,20,146,1401,10249,418,3782,0,0
2020-12-02,opolskie,OP,257,3784,39,185,883,11132,290,4072,0,0
2020-12-03,opolskie,OP,467,4251,27,212,1440,12572,514,4586,0,0
2020-12-04,opolskie,OP,448,4699,14,226,1346,13918,486,5072,0,0
2020-12-05,opolskie,OP,359,5058,23,249,1263,15181,425,5497,0,0
2020-12-06,opolskie,OP,309,5367,8,257,1034,16215,348,5845,0,0
2020-12-07,opolskie,OP,197,5564,1,258,482,16697,219,6064,0,0
2020-12-08,opolskie,OP,141,5705,18,276,976,17673,184,6248,0,0
2020-12-09,opolskie,OP,226,5931,19,295,1055,18728,253,6501,0,0
2020-12-10,opolskie,OP,496,6427,14,309,1403,20131,519,7020,0,0
2020-12-11,opolskie,OP,340,6767,13,322,1187,21318,368,7388,0,0
2020-12-12,opolskie,OP,316,7083,8,330,1318,22636,345,7733,0,0
2020-12-13,opolskie,OP,131,7214,0,330,642,23278,146,7879,0,0
2020-12-14,opolskie,OP,177,7391,1,331,668,23946,204,8083,0,0
2020-12-15,opolskie,OP,128,7519,17,348,806,24752,168,8251,0,0
2020-12-16,opolskie,OP,247,7766,20,368,1273,26025,278,8529,0,0
2020-12-17,opolskie,OP,253,8019,15,383,1129,27154,285,8814,0,0
2020-12-18,opolskie,OP,250,8269,13,396,1259,28413,272,9086,0,0
2020-12-19,opolskie,OP,223,8492,14,410,1127,29540,255,9341,0,0
2020-12-20,opolskie,OP,177,8669,1,411,922,30462,199,9540,0,0
2020-12-21,opolskie,OP,138,8807,2,413,541,31003,156,9696,0,0
2020-12-22,opolskie,OP,92,8899,19,432,596,31599,110,9806,0,0
2020-12-23,opolskie,OP,247,9146,15,447,1003,32602,269,10075,0,0
2020-12-24,opolskie,OP,280,9426,14,461,1207,33809,304,10379,148,148
2020-12-25,opolskie,OP,258,9684,2,463,738,34547,272,10651,300,448
2020-12-26,opolskie,OP,97,9781,1,464,331,34878,102,10753,234,682
2020-12-27,opolskie,OP,99,9880,1,465,429,35307,118,10871,244,926
2020-12-28,opolskie,OP,49,9929,0,465,359,35666,68,10939,221,1147
2020-12-29,opolskie,OP,120,10049,6,471,846,36512,154,11093,209,1356
2020-12-30,opolskie,OP,206,10255,28,499,1061,37573,258,11351,109,1465
2020-12-31,opolskie,OP,347,10602,20,519,1317,38890,367,11718,160,1625
2021-01-01,opolskie,OP,179,10781,15,534,870,39760,197,11915,225,1850
2021-01-02,opolskie,OP,182,10963,2,536,636,40396,193,12108,316,2166
2021-01-03,opolskie,OP,99,11062,0,536,660,41056,115,12223,141,2307
2021-01-04,opolskie,OP,84,11146,0,536,450,41506,96,12319,93,2400
2021-01-05,opolskie,OP,93,11239,12,548,1084,42590,123,12442,130,2530
2021-01-06,opolskie,OP,222,11461,15,563,1161,43751,241,12683,85,2615
2021-01-08,opolskie,OP,95,11556,9,572,822,44573,119,12802,239,2854
2021-01-09,opolskie,OP,195,11751,8,580,1274,45847,219,13021,332,3186
2021-01-10,opolskie,OP,181,11932,0,580,941,46788,189,13210,161,3347
2021-01-11,opolskie,OP,127,12059,1,581,656,47444,139,13349,175,3522
2021-01-12,opolskie,OP,116,12175,8,589,987,48431,147,13496,147,3669
2021-01-13,opolskie,OP,172,12347,3,592,1365,49796,189,13685,69,3738
2021-01-14,opolskie,OP,234,12581,3,595,1729,51525,251,13936,156,3894
2021-01-15,opolskie,OP,213,12794,6,601,1858,53383,242,14178,204,4098
2021-01-16,opolskie,OP,221,13015,3,604,1502,54885,239,14417,323,4421
2021-01-17,opolskie,OP,99,13114,1,605,1515,56400,113,14530,73,4494
2021-01-18,opolskie,OP,125,13239,0,605,1012,57412,136,14666,250,4744
2021-01-19,opolskie,OP,95,13334,10,615,1035,58447,106,14772,244,4988
2021-01-20,opolskie,OP,138,13472,4,619,906,59353,150,14922,112,5100
2021-01-21,opolskie,OP,143,13615,7,626,1212,60565,174,15096,145,5245
2021-01-22,opolskie,OP,113,13728,6,632,929,61494,128,15224,185,5430
2021-01-23,opolskie,OP,95,13823,6,638,1004,62498,110,15334,230,5660
2021-01-24,opolskie,OP,104,13927,0,638,877,63375,117,15451,227,5887
2021-01-25,opolskie,OP,44,13971,0,638,500,63875,50,15501,151,6038
2021-01-26,opolskie,OP,78,14049,10,648,940,64815,96,15597,162,6200
2021-01-27,opolskie,OP,105,14154,1,649,863,65678,114,15711,77,6277
2021-01-28,opolskie,OP,153,14307,4,653,1067,66745,158,15869,108,6385
2021-01-29,opolskie,OP,144,14451,5,658,1046,67791,157,16026,153,6538
2021-01-30,opolskie,OP,100,14551,5,663,778,68569,106,16132,165,6703
2021-01-31,opolskie,OP,124,14675,0,663,751,69320,131,16263,110,6813
2021-02-01,opolskie,OP,44,14719,0,663,495,69815,48,16311,102,6915
2021-02-02,opolskie,OP,55,14774,8,671,884,70699,69,16380,101,7016
2021-02-03,opolskie,OP,124,14898,6,677,1016,71715,135,16515,57,7073
2021-02-04,opolskie,OP,138,15036,8,685,1093,72808,147,16662,80,7153
2021-02-05,opolskie,OP,95,15131,1,686,909,73717,103,16765,117,7270
2021-02-06,opolskie,OP,101,15232,19,705,883,74600,111,16876,145,7415
2021-02-07,opolskie,OP,82,15314,2,707,792,75392,90,16966,133,7548
2021-02-08,opolskie,OP,40,15354,0,707,558,75950,46,17012,116,7664
2021-02-09,opolskie,OP,61,15415,9,716,1066,77016,74,17086,114,7778
2021-02-10,opolskie,OP,68,15483,8,724,857,77873,79,17165,46,7824
2021-02-11,opolskie,OP,152,15635,3,727,1364,79237,169,17334,86,7910
2021-02-12,opolskie,OP,83,15718,6,733,802,80039,93,17427,114,8024
2021-02-13,opolskie,OP,119,15837,24,757,1373,81412,126,17553,122,8146
2021-02-14,opolskie,OP,101,15938,0,757,900,82312,105,17658,89,8235
2021-02-15,opolskie,OP,40,15978,0,757,566,82878,51,17709,100,8335
2021-02-16,opolskie,OP,48,16026,5,762,1169,84047,52,17761,95,8430
2021-02-17,opolskie,OP,89,16115,15,777,1225,85272,102,17863,44,8474
2021-02-18,opolskie,OP,160,16275,6,783,1317,86589,174,18037,60,8534
2021-02-19,opolskie,OP,122,16397,0,783,1054,87643,130,18167,75,8609
2021-02-20,opolskie,OP,133,16530,3,786,1111,88754,139,18306,157,8766
2021-02-21,opolskie,OP,136,16666,1,787,958,89712,143,18449,110,8876
2021-02-22,opolskie,OP,52,16718,0,787,715,90427,57,18506,89,8965
2021-02-23,opolskie,OP,71,16789,5,792,1041,91468,83,18589,87,9052
2021-02-24,opolskie,OP,106,16895,5,797,1288,92756,117,18706,52,9104
2021-02-25,opolskie,OP,211,17106,6,803,1211,93967,225,18931,65,9169
2021-02-26,opolskie,OP,157,17263,11,814,977,94944,165,19096,98,9267
2021-02-27,opolskie,OP,120,17383,5,819,1165,96109,134,19230,154,9421
2021-02-28,opolskie,OP,137,17520,0,819,981,97090,141,19371,113,9534
2021-03-01,opolskie,OP,84,17604,0,819,778,97868,88,19459,122,9656
2021-03-02,opolskie,OP,87,17691,8,827,1178,99046,98,19557,141,9797
2021-03-03,opolskie,OP,205,17896,5,832,1291,100337,219,19776,53,9850
2021-03-04,opolskie,OP,266,18162,1,833,1256,101593,278,20054,87,9937
2021-03-05,opolskie,OP,225,18387,4,837,1178,102771,238,20292,125,10062
2021-03-06,opolskie,OP,198,18585,1,838,1013,103784,216,20508,191,10253
2021-03-07,opolskie,OP,239,18824,3,841,1122,104906,247,20755,161,10414
2021-03-08,opolskie,OP,122,18946,0,841,855,105761,131,20886,119,10533
2021-03-09,opolskie,OP,123,19069,9,850,1171,106932,131,21017,150,10683
2021-03-10,opolskie,OP,248,19317,6,856,1259,108191,261,21278,86,10769
2021-03-11,opolskie,OP,285,19602,5,861,1276,109467,303,21581,116,10885
2021-03-12,opolskie,OP,360,19962,5,866,1386,110853,369,21950,178,11063
2021-03-13,opolskie,OP,345,20307,5,871,1368,112221,361,22311,282,11345
2021-03-14,opolskie,OP,293,20600,0,871,1303,113524,306,22617,230,11575
2021-03-15,opolskie,OP,263,20863,0,871,1127,114651,291,22908,164,11739
2021-03-16,opolskie,OP,168,21031,4,875,1247,115898,188,23096,225,11964
2021-03-17,opolskie,OP,354,21385,2,877,1536,117434,395,23491,121,12085
2021-03-18,opolskie,OP,637,22022,7,884,1813,119247,662,24153,119,12204
2021-03-19,opolskie,OP,563,22585,7,891,1779,121026,599,24752,274,12478
2021-03-20,opolskie,OP,472,23057,18,909,1480,122506,523,25275,316,12794
2021-03-21,opolskie,OP,499,23556,2,911,1736,124242,515,25790,281,13075
2021-03-22,opolskie,OP,236,23792,0,911,1402,125644,250,26040,256,13331
2021-03-23,opolskie,OP,316,24108,11,922,1659,127303,358,26398,387,13718
2021-03-24,opolskie,OP,483,24591,8,930,1751,129054,522,26920,208,13926
2021-03-25,opolskie,OP,638,25229,14,944,2157,131211,666,27586,267,14193
2021-03-26,opolskie,OP,693,25922,10,954,2192,133403,718,28304,328,14521
2021-03-27,opolskie,OP,651,26573,16,970,1964,135367,690,28994,647,15168
2021-03-28,opolskie,OP,665,27238,2,972,2103,137470,688,29682,481,15649
2021-03-29,opolskie,OP,448,27686,2,974,1411,138881,467,30149,438,16087
2021-03-30,opolskie,OP,323,28009,18,992,1469,140350,353,30502,582,16669
2021-03-31,opolskie,OP,640,28649,16,1008,1965,142315,671,31173,221,16890
2021-04-01,opolskie,OP,806,29455,22,1030,2341,144656,835,32008,419,17309
2021-04-02,opolskie,OP,707,30162,10,1040,2380,147036,756,32764,553,17862
2021-04-03,opolskie,OP,610,30772,7,1047,1850,148886,644,33408,619,18481
2021-04-04,opolskie,OP,645,31417,8,1055,1649,150535,663,34071,614,19095
2021-04-05,opolskie,OP,233,31650,0,1055,1171,151706,250,34321,599,19694
2021-04-06,opolskie,OP,207,31857,0,1055,1986,153692,233,34554,564,20258
2021-04-07,opolskie,OP,253,32110,16,1071,3181,156873,288,34842,508,20766
2021-04-08,opolskie,OP,568,32678,36,1107,2911,159784,617,35459,398,21164
2021-04-09,opolskie,OP,715,33393,22,1129,2619,162403,742,36201,548,21712
2021-04-10,opolskie,OP,733,34126,12,1141,2911,165314,780,36981,913,22625
2021-04-11,opolskie,OP,629,34755,11,1152,2828,168142,645,37626,635,23260
2021-04-12,opolskie,OP,289,35044,4,1156,1856,169998,303,37929,606,23866
2021-04-13,opolskie,OP,211,35255,16,1172,2107,172105,233,38162,629,24495
2021-04-14,opolskie,OP,498,35753,24,1196,2289,174394,551,38713,279,24774
2021-04-15,opolskie,OP,636,36389,15,1211,2151,176545,667,39380,246,25020
2021-04-16,opolskie,OP,459,36848,7,1218,2076,178621,495,39875,263,25283
2021-04-17,opolskie,OP,349,37197,9,1227,1875,180496,373,40248,673,25956
2021-04-18,opolskie,OP,406,37603,3,1230,2047,182543,424,40672,714,26670
2021-04-19,opolskie,OP,190,37793,1,1231,1549,184092,207,40879,625,27295
2021-04-20,opolskie,OP,203,37996,16,1247,2119,186211,226,41105,632,27927
2021-04-21,opolskie,OP,358,38354,24,1271,1752,187963,387,41492,307,28234
2021-04-22,opolskie,OP,358,38712,11,1282,1645,189608,381,41873,248,28482
2021-04-23,opolskie,OP,292,39004,10,1292,1422,191030,308,42181,508,28990
2021-04-24,opolskie,OP,339,39343,6,1298,1715,192745,360,42541,751,29741
2021-04-25,opolskie,OP,267,39610,3,1301,1769,194514,290,42831,414,30155
2021-04-26,opolskie,OP,99,39709,1,1302,1177,195691,109,42940,394,30549
2021-04-27,opolskie,OP,149,39858,11,1313,1999,197690,172,43112,420,30969
2021-04-28,opolskie,OP,213,40071,13,1326,1473,199163,235,43347,202,31171
2021-04-29,opolskie,OP,318,40389,11,1337,1730,200893,333,43680,224,31395
2021-04-30,opolskie,OP,271,40660,11,1348,1785,202678,287,43967,374,31769
2021-05-01,opolskie,OP,166,40826,8,1356,1535,204213,178,44145,446,32215
2021-05-02,opolskie,OP,211,41037,3,1359,1551,205764,223,44368,337,32552
2021-05-03,opolskie,OP,62,41099,0,1359,1191,206955,73,44441,269,32821
2021-05-04,opolskie,OP,75,41174,1,1360,1171,208126,90,44531,250,33071
2021-05-05,opolskie,OP,104,41278,8,1368,1668,209794,123,44654,132,33203
2021-05-06,opolskie,OP,184,41462,21,1389,1660,211454,200,44854,188,33391
2021-05-07,opolskie,OP,204,41666,7,1396,1598,213052,234,45088,193,33584
2021-05-08,opolskie,OP,165,41831,8,1404,1722,214774,173,45261,327,33911
2021-05-09,opolskie,OP,116,41947,3,1407,1372,216146,125,45386,248,34159
2021-05-10,opolskie,OP,72,42019,1,1408,1033,217179,77,45463,177,34336
2021-05-11,opolskie,OP,84,42103,11,1419,1671,218850,95,45558,216,34552
2021-05-12,opolskie,OP,124,42227,8,1427,1602,220452,141,45699,88,34640
2021-05-13,opolskie,OP,176,42403,7,1434,1489,221941,190,45889,90,34730
2021-05-14,opolskie,OP,98,42501,8,1442,1456,223397,112,46001,144,34874
2021-05-15,opolskie,OP,117,42618,8,1450,1438,224835,138,46139,188,35062
2021-05-16,opolskie,OP,66,42684,0,1450,1321,226156,73,46212,190,35252
2021-05-17,opolskie,OP,45,42729,0,1450,1114,227270,47,46259,152,35404
2021-05-18,opolskie,OP,41,42770,6,1456,1543,228813,56,46315,112,35516
2021-05-19,opolskie,OP,77,42847,6,1462,1271,230084,84,46399,77,35593
2021-05-20,opolskie,OP,73,42920,6,1468,1367,231451,78,46477,88,35681
2021-05-21,opolskie,OP,56,42976,2,1470,1545,232996,69,46546,122,35803
2021-05-22,opolskie,OP,49,43025,2,1472,1227,234223,53,46599,199,36002
2021-05-23,opolskie,OP,54,43079,1,1473,1003,235226,57,46656,92,36094
2021-05-24,opolskie,OP,15,43094,0,1473,786,236012,20,46676,111,36205
2021-05-25,opolskie,OP,27,43121,5,1478,1764,237776,41,46717,86,36291
2021-05-26,opolskie,OP,35,43156,5,1483,1405,239181,48,46765,46,36337
2021-05-27,opolskie,OP,46,43202,3,1486,1498,240679,59,46824,60,36397
2021-05-28,opolskie,OP,34,43236,4,1490,1274,241953,40,46864,70,36467
2021-05-29,opolskie,OP,32,43268,3,1493,1340,243293,38,46902,77,36544
2021-05-30,opolskie,OP,37,43305,0,1493,1051,244344,38,46940,52,36596
2021-05-31,opolskie,OP,15,43320,2,1495,709,245053,17,46957,56,36652
2021-06-01,opolskie,OP,18,43338,2,1497,1544,246597,23,46980,58,36710
2021-06-02,opolskie,OP,25,43363,3,1500,1425,248022,31,47011,20,36730
2021-06-03,opolskie,OP,31,43394,3,1503,1146,249168,37,47048,36,36766
2021-06-04,opolskie,OP,18,43412,1,1504,650,249818,21,47069,44,36810
2021-06-05,opolskie,OP,14,43426,1,1505,1145,250963,19,47088,37,36847
2021-06-06,opolskie,OP,19,43445,0,1505,999,251962,22,47110,35,36882
2021-06-07,opolskie,OP,11,43456,0,1505,766,252728,14,47124,30,36912
2021-06-08,opolskie,OP,12,43468,2,1507,1438,254166,23,47147,36,36948
2021-06-09,opolskie,OP,13,43481,0,1507,1192,255358,17,47164,15,36963
2021-06-10,opolskie,OP,9,43490,1,1508,1409,256767,13,47177,17,36980
2021-06-11,opolskie,OP,5,43495,0,1508,1180,257947,9,47186,30,37010
2021-06-12,opolskie,OP,6,43501,1,1509,1133,259080,8,47194,40,37050
2021-06-13,opolskie,OP,8,43509,0,1509,1091,260171,10,47204,19,37069
2021-06-14,opolskie,OP,5,43514,0,1509,618,260789,5,47209,22,37091
2021-06-15,opolskie,OP,0,43514,2,1511,1296,262085,8,47217,17,37108
2021-06-16,opolskie,OP,12,43526,4,1515,1259,263344,20,47237,7,37115
2021-06-17,opolskie,OP,5,43531,1,1516,1103,264447,11,47248,19,37134
2021-06-18,opolskie,OP,12,43543,1,1517,1139,265586,16,47264,9,37143
2021-06-19,opolskie,OP,6,43549,1,1518,994,266580,12,47276,12,37155
2021-06-20,opolskie,OP,3,43552,0,1518,908,267488,5,47281,7,37162
2021-06-21,opolskie,OP,3,43555,0,1518,570,268058,7,47288,6,37168
2021-06-22,opolskie,OP,1,43556,0,1518,1435,269493,5,47293,6,37174
2021-06-23,opolskie,OP,2,43558,3,1521,1242,270735,5,47298,5,37179
2021-06-24,opolskie,OP,4,43562,0,1521,1117,271852,6,47304,8,37187
2021-06-25,opolskie,OP,5,43567,1,1522,831,272683,7,47311,11,37198
2021-06-26,opolskie,OP,3,43570,0,1522,876,273559,5,47316,11,37209
2021-06-27,opolskie,OP,1,43571,1,1523,592,274151,2,47318,8,37217
2021-06-28,opolskie,OP,0,43571,0,1523,447,274598,0,47318,7,37224
2021-06-29,opolskie,OP,2,43573,0,1523,1167,275765,3,47321,5,37229
2021-06-30,opolskie,OP,3,43576,0,1523,1036,276801,4,47325,1,37230
2021-07-01,opolskie,OP,2,43578,1,1524,945,277746,3,47328,6,37236
2021-07-02,opolskie,OP,3,43581,1,1525,825,278571,4,47332,2,37238
2021-07-03,opolskie,OP,1,43582,0,1525,960,279531,1,47333,3,37241
2021-07-04,opolskie,OP,4,43586,0,1525,685,280216,8,47341,4,37245
2021-07-05,opolskie,OP,0,43586,0,1525,394,280610,0,47341,2,37247
2021-07-06,opolskie,OP,1,43587,0,1525,1058,281668,2,47343,1,37248
2021-07-07,opolskie,OP,3,43590,0,1525,879,282547,4,47347,2,37250
2021-07-08,opolskie,OP,3,43593,0,1525,992,283539,5,47352,2,37252
2021-07-09,opolskie,OP,2,43595,1,1526,876,284415,4,47356,1,37253
2021-07-10,opolskie,OP,2,43597,0,1526,941,285356,4,47360,4,37257
2021-07-11,opolskie,OP,3,43600,0,1526,651,286007,3,47363,1,37258
2021-07-12,opolskie,OP,1,43601,0,1526,533,286540,1,47364,4,37262
2021-07-13,opolskie,OP,0,43601,0,1526,997,287537,1,47365,5,37267
2021-07-14,opolskie,OP,1,43602,0,1526,901,288438,3,47368,1,37268
2021-07-15,opolskie,OP,4,43606,1,1527,869,289307,4,47372,0,37268
2021-07-16,opolskie,OP,1,43607,0,1527,770,290077,2,47374,4,37272
2021-07-17,opolskie,OP,3,43610,0,1527,947,291024,5,47379,2,37274
2021-07-18,opolskie,OP,0,43610,0,1527,651,291675,0,47379,3,37277
2021-07-19,opolskie,OP,1,43611,0,1527,540,292215,2,47381,0,37277
2021-07-20,opolskie,OP,1,43612,0,1527,921,293136,1,47382,4,37281
2021-07-21,opolskie,OP,1,43613,0,1527,853,293989,3,47385,0,37281
2021-07-22,opolskie,OP,0,43613,0,1527,708,294697,0,47385,1,37282
2021-07-23,opolskie,OP,0,43613,0,1527,831,295528,2,47387,3,37285
2021-07-24,opolskie,OP,1,43614,0,1527,861,296389,1,47388,1,37286
2021-07-25,opolskie,OP,3,43617,0,1527,699,297088,3,47391,2,37288
2021-07-26,opolskie,OP,1,43618,0,1527,442,297530,1,47392,5,37293
2021-07-27,opolskie,OP,5,43623,1,1528,952,298482,5,47397,0,37293
2021-07-28,opolskie,OP,1,43624,0,1528,814,299296,3,47400,0,37293
2021-07-29,opolskie,OP,4,43628,0,1528,805,300101,6,47406,1,37294
2021-07-30,opolskie,OP,1,43629,0,1528,760,300861,2,47408,1,37295
2021-07-31,opolskie,OP,3,43632,0,1528,916,301777,3,47411,2,37297
2021-08-01,opolskie,OP,2,43634,0,1528,875,302652,3,47414,0,37297
2021-08-02,opolskie,OP,0,43634,0,1528,644,303296,0,47414,1,37298
2021-08-03,opolskie,OP,4,43638,0,1528,1166,304462,6,47420,4,37302
2021-08-04,opolskie,OP,3,43641,0,1528,1093,305555,4,47424,0,37302
2021-08-05,opolskie,OP,3,43644,0,1528,1006,306561,7,47431,1,37303
2021-08-06,opolskie,OP,5,43649,0,1528,1195,307756,5,47436,5,37308
2021-08-07,opolskie,OP,8,43657,0,1528,1245,309001,8,47444,6,37314
2021-08-08,opolskie,OP,1,43658,0,1528,1158,310159,2,47446,3,37317
2021-08-09,opolskie,OP,0,43658,0,1528,753,310912,0,47446,3,37320
2021-08-10,opolskie,OP,3,43661,0,1528,1295,312207,3,47449,2,37322
2021-08-11,opolskie,OP,6,43667,0,1528,957,313164,9,47458,2,37324
2021-08-12,opolskie,OP,4,43671,0,1528,944,314108,4,47462,2,37326
2021-08-13,opolskie,OP,4,43675,1,1529,1087,315195,4,47466,4,37330
2021-08-14,opolskie,OP,4,43679,0,1529,1165,316360,4,47470,7,37337
2021-08-15,opolskie,OP,9,43688,0,1529,1213,317573,10,47480,4,37341
2021-08-16,opolskie,OP,4,43692,0,1529,570,318143,4,47484,9,37350
2021-08-17,opolskie,OP,3,43695,0,1529,1273,319416,7,47491,3,37353
2021-08-18,opolskie,OP,8,43703,0,1529,930,320346,8,47499,2,37355
2021-08-19,opolskie,OP,8,43711,0,1529,1067,321413,8,47507,3,37358
2021-08-20,opolskie,OP,3,43714,0,1529,961,322374,4,47511,6,37364
2021-08-21,opolskie,OP,3,43717,0,1529,1304,323678,3,47514,4,37368
2021-08-22,opolskie,OP,18,43735,0,1529,999,324677,20,47534,3,37371
2021-08-23,opolskie,OP,3,43738,0,1529,450,325127,4,47538,5,37376
2021-08-24,opolskie,OP,3,43741,0,1529,1139,326266,4,47542,9,37385
2021-08-25,opolskie,OP,5,43746,0,1529,861,327127,7,47549,3,37388
2021-08-26,opolskie,OP,7,43753,0,1529,985,328112,7,47556,1,37389
2021-08-27,opolskie,OP,6,43759,0,1529,972,329084,7,47563,7,37396
2021-08-28,opolskie,OP,7,43766,0,1529,1236,330320,10,47573,9,37405
2021-08-29,opolskie,OP,4,43770,0,1529,763,331083,5,47578,5,37410
2021-08-30,opolskie,OP,1,43771,0,1529,447,331530,1,47579,5,37415
2021-08-31,opolskie,OP,5,43776,0,1529,1093,332623,5,47584,16,37431
2021-09-01,opolskie,OP,12,43788,1,1530,876,333499,14,47598,3,37434
2021-09-02,opolskie,OP,10,43798,0,1530,834,334333,10,47608,5,37439
2021-09-03,opolskie,OP,9,43807,0,1530,769,335102,9,47617,6,37445
2021-09-04,opolskie,OP,8,43815,0,1530,971,336073,8,47625,7,37452
2021-09-05,opolskie,OP,7,43822,0,1530,791,336864,10,47635,6,37458
2021-09-06,opolskie,OP,3,43825,0,1530,422,337286,3,47638,5,37463
2021-09-07,opolskie,OP,6,43831,0,1530,1031,338317,6,47644,6,37469
2021-09-08,opolskie,OP,16,43847,0,1530,901,339218,17,47661,1,37470
2021-09-09,opolskie,OP,12,43859,0,1530,822,340040,17,47678,5,37475
2021-09-10,opolskie,OP,8,43867,0,1530,914,340954,11,47689,12,37487
2021-09-11,opolskie,OP,5,43872,0,1530,833,341787,6,47695,9,37496
2021-09-12,opolskie,OP,14,43886,0,1530,674,342461,15,47710,8,37504
2021-09-13,opolskie,OP,6,43892,0,1530,455,342916,8,47718,8,37512
2021-09-14,opolskie,OP,4,43896,0,1530,990,343906,7,47725,10,37522
2021-09-15,opolskie,OP,17,43913,1,1531,913,344819,18,47743,2,37524
2021-09-16,opolskie,OP,18,43931,0,1531,938,345757,20,47763,10,37534
2021-09-17,opolskie,OP,10,43941,0,1531,776,346533,11,47774,9,37543
2021-09-18,opolskie,OP,17,43958,0,1531,907,347440,18,47792,16,37559
2021-09-19,opolskie,OP,14,43972,0,1531,664,348104,14,47806,10,37569
2021-09-20,opolskie,OP,4,43976,0,1531,388,348492,6,47812,7,37576
2021-09-21,opolskie,OP,8,43984,0,1531,1017,349509,9,47821,19,37595
2021-09-22,opolskie,OP,12,43996,0,1531,981,350490,13,47834,6,37601
2021-09-23,opolskie,OP,20,44016,0,1531,928,351418,27,47861,9,37610
2021-09-24,opolskie,OP,13,44029,0,1531,908,352326,13,47874,12,37622
2021-09-25,opolskie,OP,8,44037,0,1531,763,353089,8,47882,15,37637
2021-09-26,opolskie,OP,7,44044,1,1532,740,353829,7,47889,14,37651
2021-09-27,opolskie,OP,4,44048,0,1532,387,354216,5,47894,18,37669
2021-09-28,opolskie,OP,8,44056,1,1533,1053,355269,13,47907,13,37682
2021-09-29,opolskie,OP,14,44070,0,1533,911,356180,14,47921,7,37689
2021-09-30,opolskie,OP,22,44092,2,1535,845,357025,25,47946,7,37696
2021-10-01,opolskie,OP,18,44110,1,1536,905,357930,25,47971,15,37711
2021-10-02,opolskie,OP,15,44125,5,1541,814,358744,16,47987,21,37732
2021-10-03,opolskie,OP,13,44138,0,1541,605,359349,16,48003,11,37743
2021-10-04,opolskie,OP,8,44146,0,1541,495,359844,10,48013,7,37750
2021-10-05,opolskie,OP,17,44163,4,1545,975,360819,18,48031,7,37757
2021-10-06,opolskie,OP,20,44183,1,1546,815,361634,24,48055,7,37764
2021-10-07,opolskie,OP,24,44207,0,1546,958,362592,26,48081,10,37774
2021-10-08,opolskie,OP,16,44223,0,1546,813,363405,22,48103,15,37789
2021-10-09,opolskie,OP,18,44241,0,1546,822,364227,19,48122,21,37810
2021-10-10,opolskie,OP,25,44266,0,1546,513,364740,27,48149,16,37826
2021-10-11,opolskie,OP,10,44276,0,1546,409,365149,14,48163,14,37840
2021-10-12,opolskie,OP,20,44296,0,1546,960,366109,24,48187,12,37852
2021-10-13,opolskie,OP,36,44332,1,1547,1019,367128,43,48230,7,37859
2021-10-14,opolskie,OP,32,44364,2,1549,997,368125,37,48267,18,37877
2021-10-15,opolskie,OP,38,44402,1,1550,853,368978,42,48309,16,37893
2021-10-16,opolskie,OP,34,44436,1,1551,843,369821,37,48346,28,37921
2021-10-17,opolskie,OP,32,44468,0,1551,543,370364,38,48384,21,37942
2021-10-18,opolskie,OP,21,44489,0,1551,425,370789,23,48407,18,37960
2021-10-19,opolskie,OP,50,44539,5,1556,1101,371890,60,48467,25,37985
2021-10-20,opolskie,OP,56,44595,2,1558,968,372858,61,48528,10,37995
2021-10-21,opolskie,OP,89,44684,1,1559,1025,373883,91,48619,23,38018
2021-10-22,opolskie,OP,84,44768,0,1559,949,374832,93,48712,37,38055
2021-10-23,opolskie,OP,87,44855,3,1562,1096,375928,89,48801,31,38086
2021-10-24,opolskie,OP,77,44932,0,1562,656,376584,78,48879,37,38123
2021-10-25,opolskie,OP,39,44971,0,1562,422,377006,42,48921,40,38163
2021-10-26,opolskie,OP,81,45052,2,1564,1206,378212,106,49027,32,38195
2021-10-27,opolskie,OP,119,45171,1,1565,1149,379361,125,49152,20,38215
2021-10-28,opolskie,OP,134,45305,0,1565,1257,380618,151,49303,47,38262
2021-10-29,opolskie,OP,110,45415,0,1565,1209,381827,138,49441,50,38312
2021-10-30,opolskie,OP,156,45571,1,1566,1167,382994,165,49606,86,38398
2021-10-31,opolskie,OP,145,45716,0,1566,675,383669,151,49757,81,38479
2021-11-01,opolskie,OP,57,45773,0,1566,507,384176,71,49828,84,38563
2021-11-02,opolskie,OP,54,45827,0,1566,697,384873,59,49887,78,38641
2021-11-03,opolskie,OP,159,45986,0,1566,1418,386291,177,50064,43,38684
2021-11-04,opolskie,OP,201,46187,10,1576,1406,387697,218,50282,102,38786
2021-11-05,opolskie,OP,289,46476,5,1581,1616,389313,310,50592,111,38897
2021-11-06,opolskie,OP,229,46705,4,1585,1368,390681,242,50834,145,39042
2021-11-07,opolskie,OP,276,46981,0,1585,1215,391896,293,51127,123,39165
2021-11-08,opolskie,OP,99,47080,0,1585,683,392579,104,51231,149,39314
2021-11-09,opolskie,OP,202,47282,3,1588,1422,394001,230,51461,146,39460
2021-11-10,opolskie,OP,363,47645,7,1595,1946,395947,397,51858,47,39507
2021-11-11,opolskie,OP,453,48098,9,1604,1866,397813,495,52353,74,39581
2021-11-12,opolskie,OP,315,48413,0,1604,1058,398871,328,52681,162,39743
2021-11-13,opolskie,OP,217,48630,4,1608,1287,400158,231,52912,193,39936
2021-11-14,opolskie,OP,344,48974,0,1608,1232,401390,366,53278,279,40215
2021-11-15,opolskie,OP,129,49103,0,1608,790,402180,146,53424,226,40441
2021-11-16,opolskie,OP,309,49412,3,1611,1772,403952,342,53766,261,40702
2021-11-17,opolskie,OP,528,49940,24,1635,2098,406050,554,54320,124,40826
2021-11-18,opolskie,OP,705,50645,8,1643,2589,408639,742,55062,206,41032
2021-11-19,opolskie,OP,626,51271,13,1656,2257,410896,656,55718,352,41384
2021-11-20,opolskie,OP,594,51865,7,1663,2111,413007,640,56358,469,41853
2021-11-21,opolskie,OP,600,52465,0,1663,1667,414674,640,56998,293,42146
2021-11-22,opolskie,OP,392,52857,0,1663,1401,416075,420,57418,235,42381
2021-11-23,opolskie,OP,447,53304,7,1670,2090,418165,478,57896,326,42707
2021-11-24,opolskie,OP,797,54101,22,1692,2474,420639,851,58747,138,42845
2021-11-25,opolskie,OP,781,54882,22,1714,2693,423332,821,59568,315,43160
2021-11-26,opolskie,OP,928,55810,6,1720,2885,426217,1014,60582,541,43701
2021-11-27,opolskie,OP,724,56534,8,1728,2582,428799,764,61346,711,44412
2021-11-28,opolskie,OP,774,57308,1,1729,1896,430695,832,62178,577,44989
2021-11-29,opolskie,OP,511,57819,0,1729,1492,432187,545,62723,641,45630
2021-11-30,opolskie,OP,398,58217,16,1745,2182,434369,452,63175,577,46207
2021-12-01,opolskie,OP,692,58909,29,1774,2482,436851,734,63909,427,46634
2021-12-02,opolskie,OP,960,59869,16,1790,2926,439777,1013,64922,399,47033
2021-12-03,opolskie,OP,942,60811,20,1810,3140,442917,1005,65927,822,47855
2021-12-04,opolskie,OP,831,61642,22,1832,2595,445512,909,66836,864,48719
2021-12-05,opolskie,OP,869,62511,0,1832,2259,447771,933,67769,938,49657
2021-12-06,opolskie,OP,498,63009,0,1832,1573,449344,528,68297,699,50356
2021-12-07,opolskie,OP,483,63492,22,1854,2260,451604,545,68842,825,51181
2021-12-08,opolskie,OP,824,64316,32,1886,2821,454425,876,69718,584,51765
2021-12-09,opolskie,OP,1001,65317,23,1909,3046,457471,1072,70790,426,52191
2021-12-10,opolskie,OP,869,66186,10,1919,2733,460204,934,71724,644,52835
2021-12-11,opolskie,OP,858,67044,27,1946,2701,462905,926,72650,992,53827
2021-12-12,opolskie,OP,834,67878,0,1946,2093,464998,881,73531,938,54765
2021-12-13,opolskie,OP,470,68348,0,1946,1465,466463,507,74038,832,55597
2021-12-14,opolskie,OP,457,68805,15,1961,2213,468676,502,74540,994,56591
2021-12-15,opolskie,OP,670,69475,39,2000,2379,471055,721,75261,549,57140
2021-12-16,opolskie,OP,936,70411,22,2022,2890,473945,1004,76265,489,57629
2021-12-17,opolskie,OP,672,71083,19,2041,2525,476470,731,76996,840,58469
2021-12-18,opolskie,OP,659,71742,21,2062,2523,478993,715,77711,1028,59497
2021-12-19,opolskie,OP,647,72389,0,2062,2064,481057,693,78404,875,60372
2021-12-20,opolskie,OP,338,72727,0,2062,1298,482355,388,78792,851,61223
2021-12-21,opolskie,OP,354,73081,32,2094,2096,484451,395,79187,870,62093
2021-12-22,opolskie,OP,546,73627,26,2120,2199,486650,594,79781,527,62620
2021-12-23,opolskie,OP,643,74270,13,2133,2439,489089,705,80486,507,63127
2021-12-24,opolskie,OP,573,74843,13,2146,2215,491304,632,81118,747,63874
2021-12-25,opolskie,OP,381,75224,19,2165,1369,492673,411,81529,940,64814
2021-12-26,opolskie,OP,216,75440,0,2165,799,493472,238,81767,677,65491
2021-12-27,opolskie,OP,200,75640,0,2165,961,494433,225,81992,683,66174
2021-12-28,opolskie,OP,228,75868,28,2193,2072,496505,267,82259,702,66876
2021-12-29,opolskie,OP,439,76307,24,2217,2224,498729,500,82759,333,67209
2021-12-30,opolskie,OP,542,76849,40,2257,2575,501304,585,83344,402,67611
2021-12-31,opolskie,OP,345,77194,9,2266,1997,503301,392,83736,551,68162
2022-01-01,opolskie,OP,404,77598,12,2278,1834,505135,444,84180,662,68824
2022-01-02,opolskie,OP,275,77873,0,2278,1121,506256,314,84494,545,69369
2022-01-03,opolskie,OP,229,78102,0,2278,1276,507532,259,84753,390,69759
2022-01-04,opolskie,OP,296,78398,16,2294,2206,509738,335,85088,250,70009
2022-01-05,opolskie,OP,388,78786,21,2315,2257,511995,444,85532,223,70232
2022-01-06,opolskie,OP,480,79266,29,2344,2253,514248,534,86066,304,70536
2022-01-07,opolskie,OP,280,79546,1,2345,1236,515484,314,86380,436,70972
2022-01-08,opolskie,OP,320,79866,7,2352,1933,517417,360,86740,550,71522
2022-01-09,opolskie,OP,248,80114,0,2352,1288,518705,280,87020,361,71883
2022-01-10,opolskie,OP,250,80364,0,2352,1208,519913,286,87306,414,72297
2022-01-11,opolskie,OP,169,80533,20,2372,2104,522017,212,87518,296,72593
2022-01-12,opolskie,OP,441,80974,31,2403,2259,524276,505,88023,246,72839
2022-01-13,opolskie,OP,473,81447,6,2409,2328,526604,567,88590,310,73149
2022-01-14,opolskie,OP,352,81799,12,2421,1924,528528,424,89014,422,73571
2022-01-15,opolskie,OP,379,82178,8,2429,2066,530594,454,89468,529,74100
2022-01-16,opolskie,OP,335,82513,0,2429,1405,531999,382,89850,287,74387
2022-01-17,opolskie,OP,249,82762,0,2429,1188,533187,299,90149,327,74714
2022-01-18,opolskie,OP,392,83154,10,2439,2293,535480,459,90608,321,75035
2022-01-19,opolskie,OP,623,83777,24,2463,2401,537881,732,91340,254,75289
2022-01-20,opolskie,OP,753,84530,12,2475,2774,540655,883,92223,224,75513
2022-01-21,opolskie,OP,697,85227,12,2487,2643,543298,825,93048,458,75971
2022-01-22,opolskie,OP,999,86226,5,2492,3314,546612,1166,94214,518,76489
2022-01-23,opolskie,OP,1035,87261,0,2492,2636,549248,1228,95442,397,76886
2022-01-24,opolskie,OP,532,87793,0,2492,1921,551169,639,96081,427,77313
2022-01-25,opolskie,OP,874,88667,7,2499,3239,554408,1035,97116,342,77655
2022-01-26,opolskie,OP,1217,89884,11,2510,3795,558203,1447,98563,315,77970
2022-01-27,opolskie,OP,1284,91168,6,2516,3836,562039,1537,100100,453,78423
2022-01-28,opolskie,OP,1632,92800,6,2522,4479,566518,1951,102051,681,79104
2022-01-29,opolskie,OP,1488,94288,8,2530,4405,570923,1787,103838,895,79999
2022-01-30,opolskie,OP,1589,95877,1,2531,3944,574867,1863,105701,841,80840
2022-01-31,opolskie,OP,1067,96944,0,2531,2882,577749,1239,106940,1055,81895
2022-02-01,opolskie,OP,930,97874,9,2540,3392,581141,1103,108043,1283,83178
2022-02-02,opolskie,OP,1413,99287,5,2545,4156,585297,1719,109762,572,83750
2022-02-03,opolskie,OP,1519,100806,2,2547,4441,589738,1810,111572,988,84738
2022-02-04,opolskie,OP,1069,101875,9,2556,3609,593347,1294,112866,1481,86219
2022-02-05,opolskie,OP,1380,103255,5,2561,4383,597730,1633,114499,1429,87648
2022-02-06,opolskie,OP,957,104212,0,2561,2795,600525,1136,115635,1831,89479
2022-02-07,opolskie,OP,568,104780,0,2561,2130,602655,681,116316,1775,91254
2022-02-08,opolskie,OP,537,105317,13,2574,2781,605436,582,116898,1858,93112
2022-02-09,opolskie,OP,1072,106389,9,2583,3749,609185,1137,118035,1313,94425
2022-02-10,opolskie,OP,936,107325,13,2596,3092,612277,1004,119039,1065,95490
2022-02-11,opolskie,OP,933,108258,8,2604,3351,615628,987,120026,1702,97192
2022-02-12,opolskie,OP,615,108873,4,2608,2618,618246,678,120704,1811,99003
2022-02-13,opolskie,OP,645,109518,2,2610,2260,620506,677,121381,1136,100139
2022-02-14,opolskie,OP,292,109810,0,2610,1540,622046,335,121716,1486,101625
2022-02-15,opolskie,OP,347,110157,12,2622,2152,624198,394,122110,1128,102753
2022-02-16,opolskie,OP,562,110719,11,2633,2716,626914,622,122732,692,103445
2022-02-17,opolskie,OP,720,111439,8,2641,2895,629809,816,123548,651,104096
2022-02-18,opolskie,OP,490,111929,7,2648,2399,632208,560,124108,1012,105108
2022-02-19,opolskie,OP,412,112341,7,2655,2247,634455,451,124559,1003,106111
2022-02-20,opolskie,OP,313,112654,0,2655,1521,635976,347,124906,880,106991
2022-02-21,opolskie,OP,171,112825,0,2655,1089,637065,197,125103,651,107642
2022-02-22,opolskie,OP,349,113174,10,2665,2340,639405,406,125509,1220,108862
2022-02-23,opolskie,OP,326,113500,21,2686,1961,641366,374,125883,975,109837
2022-02-24,opolskie,OP,348,113848,8,2694,1732,643098,388,126271,732,110569
2022-02-25,opolskie,OP,338,114186,5,2699,2012,645110,378,126649,395,110964
2022-02-26,opolskie,OP,285,114471,1,2700,1664,646774,313,126962,369,111333
2022-02-27,opolskie,OP,125,114596,0,2700,773,647547,138,127100,202,111535
2022-02-28,opolskie,OP,144,114740,0,2700,965,648512,158,127258,342,111877
2022-03-01,opolskie,OP,186,114926,6,2706,2033,650545,226,127484,398,112275
2022-03-02,opolskie,OP,260,115186,5,2711,1862,652407,283,127767,355,112630
2022-03-03,opolskie,OP,253,115439,13,2724,1674,654081,297,128064,348,112978
2022-03-04,opolskie,OP,206,115645,3,2727,1468,655549,226,128290,301,113279
2022-03-05,opolskie,OP,238,115883,4,2731,1502,657051,259,128549,137,113416
2022-03-06,opolskie,OP,101,115984,0,2731,960,658011,106,128655,154,113570
2022-03-07,opolskie,OP,82,116066,0,2731,819,658830,93,128748,187,113757
2022-03-08,opolskie,OP,214,116280,2,2733,2001,660831,239,128987,284,114041
2022-03-09,opolskie,OP,242,116522,13,2746,1670,662501,262,129249,273,114314
2022-03-10,opolskie,OP,204,116726,6,2752,1710,664211,215,129464,186,114500
2022-03-11,opolskie,OP,193,116919,2,2754,1449,665660,207,129671,259,114759
2022-03-12,opolskie,OP,259,117178,1,2755,1558,667218,283,129954,117,114876
2022-03-13,opolskie,OP,133,117311,0,2755,940,668158,140,130094,91,114967
2022-03-14,opolskie,OP,106,117417,0,2755,872,669030,123,130217,238,115205
2022-03-15,opolskie,OP,247,117664,4,2759,1987,671017,276,130493,220,115425
2022-03-16,opolskie,OP,257,117921,8,2767,1786,672803,285,130778,226,115651
2022-03-17,opolskie,OP,224,118145,5,2772,1672,674475,252,131030,203,115854
2022-03-18,opolskie,OP,235,118380,3,2775,1601,676076,251,131281,259,116113
2022-03-19,opolskie,OP,230,118610,1,2776,1628,677704,241,131522,148,116261
2022-03-20,opolskie,OP,98,118708,0,2776,838,678542,110,131632,120,116381
2022-03-21,opolskie,OP,71,118779,0,2776,842,679384,81,131713,245,116626
2022-03-22,opolskie,OP,194,118973,6,2782,1890,681274,216,131929,265,116891
2022-03-23,opolskie,OP,165,119138,1,2783,1587,682861,189,132118,220,117111
2022-03-24,opolskie,OP,157,119295,1,2784,1492,684353,175,132293,238,117349
2022-03-25,opolskie,OP,186,119481,0,2784,1562,685915,202,132495,216,117565
2022-03-26,opolskie,OP,149,119630,0,2784,1416,687331,163,132658,112,117677
2022-03-27,opolskie,OP,64,119694,0,2784,690,688021,72,132730,78,117755
2022-03-28,opolskie,OP,48,119742,0,2784,564,688585,59,132789,214,117969
2022-03-29,opolskie,OP,125,119867,3,2787,1686,690271,147,132936,178,118147
2022-03-30,opolskie,OP,138,120005,0,2787,1379,691650,163,133099,211,118358
2022-03-31,opolskie,OP,110,120115,1,2788,1641,693291,123,133222,192,118550
2022-04-01,opolskie,OP,106,120221,4,2792,1456,694747,124,133346,120,118670
2022-04-02,opolskie,OP,50,120271,0,2792,755,695502,61,133407,64,118734
2022-04-03,opolskie,OP,18,120289,0,2792,200,695702,27,133434,28,118762
2022-04-04,opolskie,OP,11,120300,0,2792,245,695947,15,133449,0,118762
2022-04-05,opolskie,OP,41,120341,0,2792,486,696433,54,133503,2,118764
2022-04-06,opolskie,OP,33,120374,1,2793,418,696851,44,133547,1,118765
2022-04-07,opolskie,OP,36,120410,1,2794,559,697410,57,133604,2,118767
2022-04-08,opolskie,OP,30,120440,0,2794,402,697812,32,133636,2,118769
2022-04-09,opolskie,OP,26,120466,0,2794,379,698191,35,133671,1,118770
2022-04-10,opolskie,OP,10,120476,0,2794,116,698307,12,133683,0,118770
2022-04-11,opolskie,OP,14,120490,0,2794,122,698429,16,133699,0,118770
2022-04-12,opolskie,OP,39,120529,2,2796,392,698821,50,133749,5,118775
2022-04-13,opolskie,OP,36,120565,3,2799,604,699425,38,133787,2,118777
2022-04-14,opolskie,OP,31,120596,0,2799,322,699747,38,133825,0,118777
2022-04-15,opolskie,OP,20,120616,0,2799,231,699978,26,133851,4,118781
2022-04-16,opolskie,OP,23,120639,1,2800,233,700211,26,133877,1,118782
2022-04-17,opolskie,OP,6,120645,0,2800,101,700312,10,133887,0,118782
2022-04-18,opolskie,OP,2,120647,0,2800,60,700372,4,133891,0,118782
2022-04-19,opolskie,OP,2,120649,0,2800,145,700517,2,133893,0,118782
2022-04-20,opolskie,OP,35,120684,0,2800,341,700858,40,133933,2,118784
2022-04-21,opolskie,OP,20,120704,0,2800,316,701174,25,133958,1,118785
2022-04-22,opolskie,OP,41,120745,0,2800,364,701538,48,134006,0,118785
2022-04-23,opolskie,OP,48,120793,0,2800,357,701895,57,134063,1,118786
2022-04-24,opolskie,OP,7,120800,0,2800,107,702002,12,134075,0,118786
2022-04-25,opolskie,OP,15,120815,0,2800,84,702086,17,134092,1,118787
2022-04-26,opolskie,OP,51,120866,1,2801,369,702455,66,134158,0,118787
2022-04-27,opolskie,OP,30,120896,0,2801,324,702779,32,134190,0,118787
2022-04-28,opolskie,OP,20,120916,2,2803,311,703090,24,134214,3,118790
2022-04-29,opolskie,OP,25,120941,0,2803,264,703354,28,134242,0,118790
2022-04-30,opolskie,OP,36,120977,0,2803,339,703693,43,134285,3,118793
2022-05-01,opolskie,OP,10,120987,0,2803,135,703828,13,134298,2,118795
2022-05-02,opolskie,OP,8,120995,0,2803,91,703919,9,134307,1,118796
2022-05-03,opolskie,OP,26,121021,0,2803,244,704163,28,134335,0,118796
2022-05-04,opolskie,OP,5,121026,0,2803,95,704258,5,134340,2,118798
2022-05-05,opolskie,OP,31,121057,0,2803,316,704574,36,134376,1,118799
2022-05-06,opolskie,OP,27,121084,0,2803,340,704914,33,134409,2,118801
2022-05-07,opolskie,OP,31,121115,2,2805,270,705184,38,134447,1,118802
2022-05-08,opolskie,OP,6,121121,0,2805,111,705295,12,134459,3,118805
2022-05-09,opolskie,OP,7,121128,0,2805,74,705369,9,134468,0,118805
2022-05-10,opolskie,OP,25,121153,0,2805,325,705694,29,134497,0,118805
2022-05-11,opolskie,OP,20,121173,1,2806,216,705910,23,134520,2,118807
2022-05-12,opolskie,OP,17,121190,1,2807,241,706151,21,134541,1,118808
2022-05-13,opolskie,OP,16,121206,2,2809,236,706387,18,134559,0,118808
2022-05-14,opolskie,OP,13,121219,0,2809,211,706598,19,134578,0,118808
2022-05-15,opolskie,OP,1,121220,0,2809,66,706664,2,134580,0,118808
2022-05-16,opolskie,OP,1,121221,0,2809,60,706724,2,134582,0,118808
2022-05-17,opolskie,OP,21,121242,1,2810,203,706927,21,134603,0,118808
2022-05-18,opolskie,OP,13,121255,0,2810,211,707138,15,134618,1,118809
2022-05-19,opolskie,OP,9,121264,0,2810,243,707381,10,134628,1,118810
2022-05-20,opolskie,OP,5,121269,0,2810,184,707565,5,134633,0,118810
2022-05-21,opolskie,OP,13,121282,1,2811,242,707807,17,134650,2,118812
2022-05-22,opolskie,OP,3,121285,0,2811,88,707895,4,134654,0,118812
2022-05-23,opolskie,OP,3,121288,0,2811,85,707980,6,134660,0,118812
2022-05-24,opolskie,OP,5,121293,4,2815,218,708198,7,134667,1,118813
2022-05-25,opolskie,OP,10,121303,0,2815,170,708368,12,134679,0,118813
2022-05-26,opolskie,OP,4,121307,0,2815,223,708591,7,134686,0,118813
2022-05-27,opolskie,OP,8,121315,0,2815,176,708767,9,134695,0,118813
2022-05-28,opolskie,OP,6,121321,2,2817,222,708989,6,134701,0,118813
2022-05-29,opolskie,OP,0,121321,0,2817,114,709103,0,134701,0,118813
2022-05-30,opolskie,OP,1,121322,0,2817,50,709153,1,134702,0,118813
2022-05-31,opolskie,OP,9,121331,0,2817,204,709357,10,134712,0,118813
2022-06-01,opolskie,OP,8,121339,0,2817,209,709566,9,134721,0,118813
2022-06-02,opolskie,OP,1,121340,0,2817,113,709679,4,134725,0,118813
2022-06-03,opolskie,OP,2,121342,0,2817,80,709759,2,134727,0,118813
2022-06-04,opolskie,OP,6,121348,0,2817,60,709819,7,134734,0,118813
2022-06-05,opolskie,OP,1,121349,0,2817,45,709864,1,134735,0,118813
2022-06-06,opolskie,OP,2,121351,0,2817,38,709902,2,134737,1,118814
2022-06-07,opolskie,OP,7,121358,0,2817,117,710019,7,134744,0,118814
2022-06-08,opolskie,OP,8,121366,0,2817,82,710101,8,134752,0,118814
2022-06-09,opolskie,OP,5,121371,0,2817,187,710288,5,134757,0,118814
2022-06-10,opolskie,OP,3,121374,0,2817,137,710425,3,134760,0,118814
2022-06-11,opolskie,OP,8,121382,0,2817,222,710647,9,134769,0,118814
2022-06-12,opolskie,OP,1,121383,0,2817,37,710684,1,134770,0,118814
2022-06-13,opolskie,OP,1,121384,0,2817,29,710713,1,134771,0,118814
2022-06-14,opolskie,OP,11,121395,0,2817,168,710881,14,134785,0,118814
2022-06-15,opolskie,OP,6,121401,0,2817,236,711117,7,134792,0,118814
2022-06-16,opolskie,OP,5,121406,0,2817,225,711342,5,134797,0,118814
2022-06-17,opolskie,OP,0,121406,0,2817,32,711374,0,134797,0,118814
2022-06-18,opolskie,OP,6,121412,0,2817,112,711486,8,134805,0,118814
2022-06-19,opolskie,OP,2,121414,0,2817,45,711531,2,134807,0,118814
2022-06-20,opolskie,OP,1,121415,0,2817,21,711552,1,134808,0,118814
2022-06-21,opolskie,OP,6,121421,0,2817,180,711732,7,134815,0,118814
2022-06-22,opolskie,OP,11,121432,0,2817,140,711872,13,134828,0,118814
2022-06-23,opolskie,OP,9,121441,0,2817,104,711976,9,134837,0,118814
2022-06-24,opolskie,OP,10,121451,4,2821,120,712096,11,134848,1,118815
2022-06-25,opolskie,OP,7,121458,0,2821,123,712219,9,134857,0,118815
2022-06-26,opolskie,OP,2,121460,0,2821,29,712248,3,134860,0,118815
2022-06-27,opolskie,OP,3,121463,0,2821,43,712291,3,134863,1,118816
2022-06-28,opolskie,OP,13,121476,0,2821,143,712434,13,134876,0,118816
2022-06-29,opolskie,OP,14,121490,0,2821,155,712589,15,134891,0,118816
2022-06-30,opolskie,OP,15,121505,0,2821,146,712735,17,134908,0,118816
2022-07-01,opolskie,OP,30,121535,1,2822,140,712875,32,134940,0,118816
2022-07-02,opolskie,OP,27,121562,0,2822,143,713018,27,134967,2,118818
2022-07-03,opolskie,OP,7,121569,0,2822,62,713080,8,134975,0,118818
2022-07-04,opolskie,OP,2,121571,0,2822,27,713107,2,134977,0,118818
2022-07-05,opolskie,OP,28,121599,0,2822,198,713305,31,135008,0,118818
2022-07-06,opolskie,OP,22,121621,0,2822,167,713472,23,135031,0,118818
2022-07-07,opolskie,OP,26,121647,1,2823,164,713636,31,135062,0,118818
2022-07-08,opolskie,OP,20,121667,0,2823,152,713788,23,135085,0,118818
2022-07-09,opolskie,OP,29,121696,0,2823,174,713962,31,135116,0,118818
2022-07-10,opolskie,OP,3,121699,0,2823,37,713999,5,135121,0,118818
2022-07-11,opolskie,OP,3,121702,0,2823,28,714027,4,135125,0,118818
2022-07-12,opolskie,OP,46,121748,0,2823,217,714244,52,135177,0,118818
2022-07-13,opolskie,OP,44,121792,1,2824,184,714428,48,135225,0,118818
2022-07-14,opolskie,OP,35,121827,0,2824,190,714618,40,135265,0,118818
2022-07-15,opolskie,OP,31,121858,0,2824,155,714773,36,135301,0,118818
2022-07-16,opolskie,OP,32,121890,0,2824,147,714920,34,135335,0,118818
2022-07-17,opolskie,OP,6,121896,0,2824,30,714950,6,135341,0,118818
2022-07-18,opolskie,OP,6,121902,0,2824,39,714989,14,135355,0,118818
2022-07-19,opolskie,OP,55,121957,0,2824,268,715257,62,135417,0,118818
2022-07-20,opolskie,OP,74,122031,1,2825,239,715496,83,135500,0,118818
2022-07-21,opolskie,OP,67,122098,1,2826,244,715740,74,135574,0,118818
2022-07-22,opolskie,OP,76,122174,0,2826,263,716003,85,135659,0,118818
2022-07-23,opolskie,OP,74,122248,0,2826,259,716262,81,135740,0,118818
2022-07-24,opolskie,OP,14,122262,0,2826,72,716334,15,135755,0,118818
2022-07-25,opolskie,OP,13,122275,0,2826,72,716406,16,135771,0,118818
2022-07-26,opolskie,OP,132,122407,1,2827,356,716762,143,135914,0,118818
2022-07-27,opolskie,OP,95,122502,1,2828,321,717083,106,136020,0,118818
2022-07-28,opolskie,OP,91,122593,0,2828,315,717398,109,136129,0,118818
2022-07-29,opolskie,OP,85,122678,2,2830,297,717695,92,136221,0,118818
2022-07-30,opolskie,OP,78,122756,1,2831,283,717978,86,136307,1,118819
2022-07-31,opolskie,OP,19,122775,0,2831,122,718100,28,136335,0,118819
2022-08-01,opolskie,OP,21,122796,0,2831,95,718195,25,136360,0,118819
2022-08-02,opolskie,OP,139,122935,1,2832,426,718621,154,136514,0,118819
2022-08-03,opolskie,OP,110,123045,0,2832,340,718961,119,136633,0,118819
2022-08-04,opolskie,OP,124,123169,1,2833,347,719308,130,136763,0,118819
2022-08-05,opolskie,OP,111,123280,0,2833,310,719618,120,136883,0,118819
2022-08-06,opolskie,OP,95,123375,2,2835,264,719882,105,136988,0,118819
2022-08-07,opolskie,OP,19,123394,0,2835,89,719971,21,137009,0,118819
2022-08-08,opolskie,OP,17,123411,0,2835,100,720071,22,137031,0,118819
2022-08-09,opolskie,OP,115,123526,4,2839,444,720515,136,137167,0,118819
2022-08-10,opolskie,OP,101,123627,0,2839,279,720794,111,137278,0,118819
2022-08-11,opolskie,OP,93,123720,0,2839,311,721105,95,137373,1,118820
2022-08-12,opolskie,OP,107,123827,0,2839,343,721448,115,137488,0,118820
2022-08-13,opolskie,OP,114,123941,0,2839,316,721764,128,137616,0,118820
2022-08-14,opolskie,OP,12,123953,0,2839,84,721848,19,137635,0,118820
2022-08-15,opolskie,OP,26,123979,0,2839,86,721934,36,137671,0,118820
2022-08-16,opolskie,OP,22,124001,0,2839,68,722002,27,137698,0,118820
2022-08-17,opolskie,OP,166,124167,0,2839,525,722527,180,137878,0,118820
2022-08-18,opolskie,OP,113,124280,0,2839,286,722813,125,138003,2,118822
2022-08-19,opolskie,OP,102,124382,0,2839,386,723199,116,138119,0,118822
2022-08-20,opolskie,OP,118,124500,1,2840,344,723543,123,138242,0,118822
2022-08-21,opolskie,OP,23,124523,0,2840,92,723635,26,138268,0,118822
2022-08-22,opolskie,OP,15,124538,0,2840,81,723716,19,138287,0,118822
2022-08-23,opolskie,OP,152,124690,1,2841,409,724125,162,138449,0,118822
2022-08-24,opolskie,OP,101,124791,1,2842,333,724458,114,138563,0,118822
2022-08-25,opolskie,OP,94,124885,1,2843,351,724809,108,138671,0,118822
2022-08-26,opolskie,OP,91,124976,2,2845,292,725101,101,138772,0,118822
2022-08-27,opolskie,OP,101,125077,2,2847,354,725455,109,138881,0,118822
2022-08-28,opolskie,OP,14,125091,0,2847,61,725516,17,138898,0,118822
2022-08-29,opolskie,OP,13,125104,0,2847,64,725580,18,138916,0,118822
2022-08-30,opolskie,OP,134,125238,1,2848,433,726013,151,139067,0,118822
2022-08-31,opolskie,OP,100,125338,1,2849,314,726327,105,139172,0,118822
2022-09-01,opolskie,OP,89,125427,0,2849,310,726637,96,139268,0,118822
2022-09-02,opolskie,OP,44,125471,0,2849,248,726885,51,139319,0,118822
2022-09-03,opolskie,OP,46,125517,1,2850,251,727136,51,139370,0,118822
2022-09-04,opolskie,OP,9,125526,0,2850,64,727200,9,139379,0,118822
2022-09-05,opolskie,OP,14,125540,0,2850,66,727266,15,139394,0,118822
2022-09-06,opolskie,OP,85,125625,1,2851,297,727563,92,139486,0,118822
2022-09-07,opolskie,OP,46,125671,1,2852,268,727831,53,139539,0,118822
2022-09-08,opolskie,OP,79,125750,0,2852,269,728100,93,139632,0,118822
2022-09-09,opolskie,OP,101,125851,0,2852,351,728451,108,139740,0,118822
2022-09-10,opolskie,OP,76,125927,1,2853,277,728728,89,139829,0,118822
2022-09-11,opolskie,OP,7,125934,0,2853,73,728801,8,139837,0,118822
2022-09-12,opolskie,OP,8,125942,0,2853,81,728882,9,139846,0,118822
2022-09-13,opolskie,OP,111,126053,1,2854,378,729260,122,139968,0,118822
2022-09-14,opolskie,OP,141,126194,0,2854,466,729726,150,140118,0,118822
2022-09-15,opolskie,OP,128,126322,0,2854,413,730139,133,140251,0,118822
2022-09-16,opolskie,OP,86,126408,0,2854,283,730422,91,140342,0,118822
2022-09-17,opolskie,OP,52,126460,1,2855,249,730671,57,140399,0,118822
2022-09-18,opolskie,OP,14,126474,0,2855,50,730721,17,140416,0,118822
2022-09-19,opolskie,OP,17,126491,0,2855,60,730781,18,140434,0,118822
2022-09-20,opolskie,OP,91,126582,1,2856,377,731158,100,140534,0,118822
2022-09-21,opolskie,OP,78,126660,1,2857,358,731516,104,140638,0,118822
2022-09-22,opolskie,OP,101,126761,0,2857,366,731882,108,140746,0,118822
2022-09-23,opolskie,OP,89,126850,0,2857,404,732286,96,140842,0,118822
2022-09-24,opolskie,OP,66,126916,3,2860,270,732556,75,140917,0,118822
2022-09-25,opolskie,OP,11,126927,0,2860,64,732620,13,140930,0,118822
2022-09-26,opolskie,OP,13,126940,0,2860,55,732675,14,140944,0,118822
2022-09-27,opolskie,OP,97,127037,2,2862,409,733084,108,141052,0,118822
2022-09-28,opolskie,OP,68,127105,2,2864,384,733468,83,141135,0,118822
2022-09-29,opolskie,OP,82,127187,0,2864,395,733863,89,141224,0,118822
2022-09-30,opolskie,OP,99,127286,1,2865,425,734288,111,141335,0,118822
2022-10-01,opolskie,OP,82,127368,1,2866,344,734632,93,141428,0,118822
2022-10-02,opolskie,OP,14,127382,0,2866,60,734692,20,141448,0,118822
2022-10-03,opolskie,OP,5,127387,0,2866,37,734729,6,141454,0,118822
2022-10-04,opolskie,OP,106,127493,3,2869,440,735169,115,141569,0,118822
2022-10-05,opolskie,OP,73,127566,0,2869,378,735547,81,141650,0,118822
2022-10-06,opolskie,OP,79,127645,8,2877,336,735883,89,141739,0,118822
2022-10-07,opolskie,OP,56,127701,0,2877,320,736203,59,141798,0,118822
2022-10-08,opolskie,OP,95,127796,0,2877,531,736734,118,141916,0,118822
2022-10-09,opolskie,OP,16,127812,0,2877,82,736816,18,141934,0,118822
2022-10-10,opolskie,OP,7,127819,0,2877,91,736907,9,141943,0,118822
2022-10-11,opolskie,OP,89,127908,1,2878,469,737376,96,142039,0,118822
2022-10-12,opolskie,OP,64,127972,0,2878,332,737708,71,142110,0,118822
2022-10-13,opolskie,OP,46,128018,0,2878,329,738037,60,142170,0,118822
2022-10-14,opolskie,OP,45,128063,1,2879,324,738361,54,142224,0,118822
2022-10-15,opolskie,OP,51,128114,3,2882,317,738678,57,142281,0,118822
2022-10-16,opolskie,OP,9,128123,0,2882,57,738735,11,142292,0,118822
2022-10-17,opolskie,OP,12,128135,0,2882,89,738824,17,142309,0,118822
2022-10-18,opolskie,OP,60,128195,0,2882,400,739224,72,142381,0,118822
2022-10-19,opolskie,OP,56,128251,0,2882,324,739548,64,142445,0,118822
2022-10-20,opolskie,OP,45,128296,0,2882,335,739883,56,142501,0,118822
2022-10-21,opolskie,OP,29,128325,0,2882,315,740198,32,142533,0,118822
2022-10-22,opolskie,OP,34,128359,0,2882,265,740463,40,142573,0,118822
2022-10-23,opolskie,OP,11,128370,0,2882,77,740540,12,142585,0,118822
2022-10-24,opolskie,OP,2,128372,0,2882,62,740602,5,142590,0,118822
2022-10-25,opolskie,OP,44,128416,0,2882,332,740934,51,142641,0,118822
2022-10-26,opolskie,OP,34,128450,6,2888,293,741227,35,142676,0,118822
2022-10-27,opolskie,OP,23,128473,0,2888,304,741531,28,142704,0,118822
2022-10-28,opolskie,OP,23,128496,0,2888,234,741765,31,142735,0,118822
2022-10-29,opolskie,OP,26,128522,0,2888,217,741982,28,142763,0,118822
2022-10-30,opolskie,OP,4,128526,0,2888,57,742039,5,142768,0,118822
2022-10-31,opolskie,OP,6,128532,0,2888,74,742113,8,142776,0,118822
2022-11-01,opolskie,OP,20,128552,1,2889,250,742363,31,142807,0,118822
2022-11-02,opolskie,OP,8,128560,0,2889,56,742419,11,142818,0,118822
2022-11-03,opolskie,OP,22,128582,1,2890,314,742733,26,142844,0,118822
2022-11-04,opolskie,OP,17,128599,1,2891,237,742970,18,142862,0,118822
2022-11-05,opolskie,OP,15,128614,0,2891,203,743173,21,142883,0,118822
2022-11-06,opolskie,OP,2,128616,0,2891,65,743238,3,142886,0,118822
2022-11-07,opolskie,OP,7,128623,0,2891,88,743326,8,142894,0,118822
2022-11-08,opolskie,OP,21,128644,2,2893,309,743635,23,142917,0,118822
2022-11-09,opolskie,OP,22,128666,1,2894,236,743871,22,142939,0,118822
2022-11-10,opolskie,OP,15,128681,1,2895,263,744134,19,142958,0,118822
2022-11-11,opolskie,OP,11,128692,0,2895,212,744346,12,142970,0,118822
2022-11-12,opolskie,OP,3,128695,0,2895,54,744400,5,142975,0,118822
2022-11-13,opolskie,OP,0,128695,0,2895,39,744439,0,142975,0,118822
2022-11-14,opolskie,OP,2,128697,0,2895,66,744505,4,142979,0,118822
2022-11-15,opolskie,OP,19,128716,3,2898,286,744791,21,143000,0,118822
2022-11-16,opolskie,OP,14,128730,0,2898,238,745029,18,143018,0,118822
2022-11-17,opolskie,OP,13,128743,0,2898,220,745249,18,143036,0,118822
2022-11-18,opolskie,OP,12,128755,0,2898,286,745535,15,143051,0,118822
2022-11-19,opolskie,OP,29,128784,0,2898,184,745719,35,143086,0,118822
2022-11-20,opolskie,OP,2,128786,0,2898,37,745756,2,143088,0,118822
2022-11-21,opolskie,OP,4,128790,0,2898,54,745810,4,143092,0,118822
2022-11-22,opolskie,OP,21,128811,2,2900,303,746113,25,143117,0,118822
2022-11-23,opolskie,OP,15,128826,0,2900,331,746444,21,143138,0,118822
2022-11-24,opolskie,OP,15,128841,0,2900,296,746740,19,143157,0,118822
2022-11-25,opolskie,OP,18,128859,0,2900,310,747050,26,143183,0,118822
2022-11-26,opolskie,OP,20,128879,0,2900,219,747269,24,143207,0,118822
2022-11-27,opolskie,OP,4,128883,0,2900,54,747323,4,143211,0,118822
2022-11-28,opolskie,OP,4,128887,0,2900,72,747395,4,143215,0,118822
2022-11-29,opolskie,OP,28,128915,0,2900,321,747716,31,143246,0,118822
2022-11-30,opolskie,OP,20,128935,0,2900,227,747943,23,143269,0,118822
2022-12-01,opolskie,OP,13,128948,0,2900,232,748175,15,143284,0,118822
2022-12-02,opolskie,OP,20,128968,0,2900,242,748417,23,143307,0,118822
2022-12-03,opolskie,OP,22,128990,0,2900,233,748650,28,143335,0,118822
2022-12-04,opolskie,OP,2,128992,0,2900,68,748718,3,143338,0,118822
2022-12-05,opolskie,OP,3,128995,0,2900,49,748767,4,143342,0,118822
2022-12-06,opolskie,OP,30,129025,0,2900,320,749087,33,143375,0,118822
2022-12-07,opolskie,OP,22,129047,0,2900,254,749341,23,143398,0,118822
2022-12-08,opolskie,OP,16,129063,0,2900,261,749602,17,143415,0,118822
2022-12-09,opolskie,OP,9,129072,0,2900,187,749789,13,143428,0,118822
2022-12-10,opolskie,OP,10,129082,0,2900,189,749978,14,143442,0,118822
2022-12-11,opolskie,OP,5,129087,0,2900,94,750072,7,143449,0,118822
2022-12-12,opolskie,OP,7,129094,0,2900,76,750148,8,143457,0,118822
2022-12-13,opolskie,OP,50,129144,0,2900,395,750543,54,143511,0,118822
2022-12-14,opolskie,OP,32,129176,0,2900,377,750920,32,143543,0,118822
2022-12-15,opolskie,OP,23,129199,0,2900,268,751188,23,143566,0,118822
2022-12-16,opolskie,OP,15,129214,0,2900,253,751441,20,143586,0,118822
2022-12-17,opolskie,OP,23,129237,0,2900,268,751709,30,143616,0,118822
2022-12-18,opolskie,OP,3,129240,0,2900,65,751774,7,143623,0,118822
2022-12-19,opolskie,OP,4,129244,0,2900,83,751857,6,143629,0,118822
2022-12-20,opolskie,OP,33,129277,0,2900,397,752254,41,143670,0,118822
2022-12-21,opolskie,OP,39,129316,0,2900,293,752547,44,143714,0,118822
2022-12-22,opolskie,OP,37,129353,0,2900,299,752846,44,143758,0,118822
2022-12-23,opolskie,OP,22,129375,0,2900,268,753114,32,143790,0,118822
2022-12-24,opolskie,OP,24,129399,1,2901,219,753333,29,143819,0,118822
2022-12-25,opolskie,OP,5,129404,0,2901,72,753405,7,143826,0,118822
2022-12-26,opolskie,OP,6,129410,0,2901,65,753470,6,143832,0,118822
2022-12-27,opolskie,OP,9,129419,0,2901,92,753562,10,143842,0,118822
2022-12-28,opolskie,OP,35,129454,1,2902,394,753956,39,143881,0,118822
2022-12-29,opolskie,OP,15,129469,0,2902,249,754205,19,143900,0,118822
2022-12-30,opolskie,OP,17,129486,2,2904,281,754486,25,143925,0,118822
2022-12-31,opolskie,OP,26,129512,2,2906,203,754689,31,143956,0,118822
2023-01-01,opolskie,OP,1,129513,0,2906,44,754733,2,143958,0,118822
2023-01-02,opolskie,OP,2,129515,0,2906,76,754809,2,143960,0,118822
2023-01-03,opolskie,OP,33,129548,1,2907,308,755117,40,144000,0,118822
2023-01-04,opolskie,OP,27,129575,0,2907,248,755365,35,144035,0,118822
2023-01-05,opolskie,OP,14,129589,0,2907,261,755626,18,144053,0,118822
2023-01-06,opolskie,OP,23,129612,0,2907,250,755876,27,144080,0,118822
2023-01-07,opolskie,OP,3,129615,0,2907,69,755945,3,144083,0,118822
2023-01-08,opolskie,OP,8,129623,0,2907,98,756043,9,144092,0,118822
2023-01-09,opolskie,OP,8,129631,0,2907,87,756130,11,144103,0,118822
2023-01-10,opolskie,OP,14,129645,0,2907,314,756444,21,144124,0,118822
2023-01-11,opolskie,OP,15,129660,1,2908,227,756671,17,144141,0,118822
2023-01-12,opolskie,OP,15,129675,0,2908,190,756861,17,144158,0,118822
2023-01-13,opolskie,OP,16,129691,0,2908,220,757081,17,144175,0,118822
2023-01-14,opolskie,OP,13,129704,0,2908,202,757283,18,144193,0,118822
2023-01-15,opolskie,OP,4,129708,0,2908,40,757323,7,144200,0,118822
2023-01-16,opolskie,OP,3,129711,0,2908,74,757397,5,144205,0,118822
2023-01-17,opolskie,OP,19,129730,0,2908,213,757610,25,144230,0,118822
2023-01-18,opolskie,OP,16,129746,0,2908,224,757834,19,144249,0,118822
2023-01-19,opolskie,OP,11,129757,0,2908,204,758038,14,144263,0,118822
2023-01-20,opolskie,OP,11,129768,0,2908,190,758228,14,144277,0,118822
2023-01-21,opolskie,OP,6,129774,0,2908,124,758352,10,144287,0,118822
2023-01-22,opolskie,OP,2,129776,0,2908,41,758393,4,144291,0,118822
2023-01-23,opolskie,OP,9,129785,0,2908,62,758455,10,144301,0,118822
2023-01-24,opolskie,OP,29,129814,1,2909,217,758672,29,144330,0,118822
2023-01-25,opolskie,OP,11,129825,0,2909,191,758863,14,144344,0,118822
2023-01-26,opolskie,OP,14,129839,0,2909,146,759009,18,144362,0,118822
2023-01-27,opolskie,OP,20,129859,0,2909,188,759197,23,144385,0,118822
2023-01-28,opolskie,OP,14,129873,0,2909,179,759376,20,144405,0,118822
2023-01-29,opolskie,OP,4,129877,0,2909,19,759395,5,144410,0,118822
2023-01-30,opolskie,OP,2,129879,0,2909,33,759428,4,144414,0,118822
2023-01-31,opolskie,OP,21,129900,0,2909,223,759651,25,144439,0,118822
2023-02-01,opolskie,OP,17,129917,1,2910,223,759874,17,144456,0,118822
2023-02-02,opolskie,OP,20,129937,0,2910,189,760063,24,144480,0,118822
2023-02-03,opolskie,OP,35,129972,0,2910,290,760353,39,144519,0,118822
2023-02-04,opolskie,OP,28,130000,0,2910,211,760564,30,144549,0,118822
2023-02-05,opolskie,OP,5,130005,0,2910,46,760610,9,144558,0,118822
2023-02-06,opolskie,OP,6,130011,0,2910,65,760675,8,144566,0,118822
2023-02-07,opolskie,OP,34,130045,0,2910,234,760909,40,144606,0,118822
2023-02-08,opolskie,OP,31,130076,0,2910,219,761128,36,144642,0,118822
2023-02-09,opolskie,OP,31,130107,0,2910,190,761318,34,144676,0,118822
2023-02-10,opolskie,OP,23,130130,0,2910,194,761512,26,144702,0,118822
2023-02-11,opolskie,OP,35,130165,0,2910,222,761734,40,144742,0,118822
2023-02-12,opolskie,OP,5,130170,0,2910,47,761781,5,144747,0,118822
2023-02-13,opolskie,OP,5,130175,0,2910,48,761829,5,144752,0,118822
2023-02-14,opolskie,OP,42,130217,2,2912,260,762089,48,144800,0,118822
2023-02-15,opolskie,OP,47,130264,0,2912,229,762318,49,144849,0,118822
2023-02-16,opolskie,OP,45,130309,0,2912,223,762541,51,144900,0,118822
2023-02-17,opolskie,OP,53,130362,0,2912,251,762792,58,144958,0,118822
2023-02-18,opolskie,OP,46,130408,0,2912,233,763025,55,145013,0,118822
2023-02-19,opolskie,OP,5,130413,0,2912,54,763079,6,145019,0,118822
2023-02-20,opolskie,OP,8,130421,0,2912,61,763140,9,145028,0,118822
2023-02-21,opolskie,OP,59,130480,0,2912,341,763481,65,145093,0,118822
2023-02-22,opolskie,OP,70,130550,1,2913,278,763759,76,145169,0,118822
2023-02-23,opolskie,OP,55,130605,0,2913,318,764077,58,145227,0,118822
2023-02-24,opolskie,OP,62,130667,0,2913,297,764374,68,145295,0,118822
2023-02-25,opolskie,OP,50,130717,1,2914,225,764599,57,145352,0,118822
2023-02-26,opolskie,OP,2,130719,0,2914,57,764656,4,145356,0,118822
2023-02-27,opolskie,OP,23,130742,0,2914,77,764733,25,145381,0,118822
2023-02-28,opolskie,OP,76,130818,2,2916,387,765120,88,145469,0,118822
2023-03-01,opolskie,OP,60,130878,0,2916,278,765398,66,145535,0,118822
2023-03-02,opolskie,OP,56,130934,0,2916,297,765695,65,145600,0,118822
2023-03-03,opolskie,OP,56,130990,0,2916,317,766012,62,145662,0,118822
2023-03-04,opolskie,OP,59,131049,0,2916,202,766214,62,145724,0,118822
2023-03-05,opolskie,OP,9,131058,0,2916,93,766307,11,145735,0,118822
2023-03-06,opolskie,OP,7,131065,0,2916,55,766362,8,145743,0,118822
2023-03-07,opolskie,OP,99,131164,2,2918,411,766773,115,145858,0,118822
2023-03-08,opolskie,OP,76,131240,0,2918,314,767087,81,145939,0,118822
2023-03-09,opolskie,OP,100,131340,0,2918,313,767400,102,146041,0,118822
2023-03-10,opolskie,OP,79,131419,0,2918,377,767777,88,146129,0,118822
2023-03-11,opolskie,OP,88,131507,0,2918,351,768128,99,146228,0,118822
2023-03-12,opolskie,OP,12,131519,0,2918,62,768190,14,146242,0,118822
2023-03-13,opolskie,OP,17,131536,0,2918,102,768292,17,146259,0,118822
2023-03-14,opolskie,OP,110,131646,1,2919,466,768758,127,146386,0,118822
2023-03-15,opolskie,OP,84,131730,1,2920,374,769132,89,146475,0,118822
2023-03-16,opolskie,OP,80,131810,2,2922,357,769489,86,146561,0,118822
2023-03-17,opolskie,OP,53,131863,0,2922,287,769776,61,146622,0,118822
2023-03-18,opolskie,OP,64,131927,0,2922,262,770038,70,146692,0,118822
2023-03-19,opolskie,OP,14,131941,0,2922,81,770119,16,146708,0,118822
2023-03-20,opolskie,OP,20,131961,0,2922,87,770206,28,146736,0,118822
2023-03-21,opolskie,OP,108,132069,0,2922,432,770638,121,146857,0,118822
2023-03-22,opolskie,OP,64,132133,0,2922,307,770945,71,146928,0,118822
2023-03-23,opolskie,OP,78,132211,0,2922,357,771302,91,147019,0,118822
2023-03-24,opolskie,OP,63,132274,1,2923,345,771647,77,147096,0,118822
2023-03-25,opolskie,OP,73,132347,1,2924,291,771938,84,147180,0,118822
2023-03-26,opolskie,OP,10,132357,0,2924,71,772009,10,147190,0,118822
2023-03-27,opolskie,OP,8,132365,0,2924,75,772084,11,147201,0,118822
2023-03-28,opolskie,OP,44,132409,2,2926,332,772416,55,147256,0,118822
2023-03-29,opolskie,OP,42,132451,0,2926,293,772709,52,147308,0,118822
2023-03-30,opolskie,OP,25,132476,2,2928,284,772993,40,147348,0,118822
2023-03-31,opolskie,OP,21,132497,1,2929,187,773180,22,147370,0,118822
2023-04-01,opolskie,OP,22,132519,0,2929,207,773387,25,147395,0,118822
2023-04-02,opolskie,OP,3,132522,0,2929,48,773435,6,147401,0,118822
2023-04-03,opolskie,OP,6,132528,0,2929,81,773516,7,147408,0,118822
2023-04-04,opolskie,OP,40,132568,0,2929,327,773843,51,147459,0,118822
2023-04-05,opolskie,OP,23,132591,0,2929,251,774094,26,147485,0,118822
2023-04-06,opolskie,OP,17,132608,0,2929,213,774307,20,147505,0,118822
2023-04-07,opolskie,OP,26,132634,0,2929,191,774498,28,147533,0,118822
2023-04-08,opolskie,OP,21,132655,0,2929,160,774658,23,147556,0,118822
2023-04-09,opolskie,OP,7,132662,0,2929,32,774690,7,147563,0,118822
2023-04-10,opolskie,OP,2,132664,0,2929,68,774758,3,147566,0,118822
2023-04-11,opolskie,OP,6,132670,0,2929,53,774811,6,147572,0,118822
2023-04-12,opolskie,OP,30,132700,0,2929,284,775095,34,147606,0,118822
2023-04-13,opolskie,OP,25,132725,1,2930,305,775400,31,147637,0,118822
2023-04-14,opolskie,OP,21,132746,0,2930,209,775609,21,147658,0,118822
2023-04-15,opolskie,OP,19,132765,0,2930,192,775801,23,147681,0,118822
2023-04-16,opolskie,OP,1,132766,0,2930,84,775885,1,147682,0,118822
2023-04-17,opolskie,OP,2,132768,0,2930,82,775967,2,147684,0,118822
2023-04-18,opolskie,OP,7,132775,0,2930,215,776182,7,147691,0,118822
2023-04-19,opolskie,OP,9,132784,0,2930,255,776437,11,147702,0,118822
2023-04-20,opolskie,OP,5,132789,0,2930,208,776645,6,147708,0,118822
2023-04-21,opolskie,OP,12,132801,0,2930,202,776847,15,147723,0,118822
2023-04-22,opolskie,OP,8,132809,0,2930,174,777021,11,147734,0,118822
2023-04-23,opolskie,OP,3,132812,0,2930,48,777069,3,147737,0,118822
2023-04-24,opolskie,OP,1,132813,0,2930,64,777133,1,147738,0,118822
2023-04-25,opolskie,OP,16,132829,0,2930,253,777386,18,147756,0,118822
2023-04-26,opolskie,OP,6,132835,0,2930,205,777591,8,147764,0,118822
2023-04-27,opolskie,OP,7,132842,0,2930,196,777787,9,147773,0,118822
2023-04-28,opolskie,OP,10,132852,0,2930,153,777940,12,147785,0,118822
2023-04-29,opolskie,OP,7,132859,0,2930,146,778086,7,147792,0,118822
2023-04-30,opolskie,OP,1,132860,0,2930,59,778145,1,147793,0,118822
2023-05-01,opolskie,OP,1,132861,0,2930,39,778184,2,147795,0,118822
2023-05-02,opolskie,OP,0,132861,0,2930,35,778219,0,147795,0,118822
2023-05-03,opolskie,OP,6,132867,0,2930,167,778386,6,147801,0,118822
2023-05-04,opolskie,OP,1,132868,0,2930,40,778426,1,147802,0,118822
2023-05-05,opolskie,OP,14,132882,0,2930,199,778625,17,147819,0,118822
2023-05-06,opolskie,OP,8,132890,0,2930,145,778770,8,147827,0,118822
2023-05-07,opolskie,OP,1,132891,0,2930,18,778788,1,147828,0,118822
2023-05-08,opolskie,OP,0,132891,0,2930,61,778849,0,147828,0,118822
2023-05-09,opolskie,OP,6,132897,1,2931,176,779025,8,147836,0,118822
2023-05-10,opolskie,OP,2,132899,1,2932,165,779190,2,147838,0,118822
2023-05-11,opolskie,OP,3,132902,0,2932,170,779360,3,147841,0,118822
2023-05-12,opolskie,OP,2,132904,0,2932,125,779485,2,147843,0,118822
2023-05-13,opolskie,OP,2,132906,0,2932,157,779642,2,147845,0,118822
2023-05-14,opolskie,OP,0,132906,0,2932,44,779686,0,147845,0,118822
2023-05-15,opolskie,OP,1,132907,0,2932,37,779723,1,147846,0,118822
2023-05-16,opolskie,OP,2,132909,0,2932,181,779904,3,147849,0,118822
2023-05-17,opolskie,OP,4,132913,0,2932,173,780077,5,147854,0,118822
2023-05-18,opolskie,OP,1,132914,0,2932,151,780228,2,147856,0,118822
2023-05-19,opolskie,OP,0,132914,0,2932,120,780348,0,147856,0,118822
2023-05-20,opolskie,OP,5,132919,0,2932,149,780497,6,147862,0,118822
2023-05-21,opolskie,OP,1,132920,0,2932,27,780524,1,147863,0,118822
2023-05-22,opolskie,OP,0,132920,0,2932,38,780562,0,147863,0,118822
2023-05-23,opolskie,OP,4,132924,1,2933,198,780760,5,147868,0,118822
2023-05-24,opolskie,OP,0,132924,0,2933,214,780974,2,147870,0,118822
2023-05-25,opolskie,OP,1,132925,0,2933,129,781103,1,147871,0,118822
2023-05-26,opolskie,OP,2,132927,0,2933,149,781252,2,147873,0,118822
2023-05-27,opolskie,OP,0,132927,0,2933,113,781365,2,147875,0,118822
2023-05-28,opolskie,OP,1,132928,0,2933,43,781408,1,147876,0,118822
2023-05-29,opolskie,OP,0,132928,0,2933,56,781464,0,147876,0,118822
2023-05-30,opolskie,OP,1,132929,0,2933,171,781635,1,147877,0,118822
2023-05-31,opolskie,OP,0,132929,0,2933,172,781807,0,147877,0,118822
2023-06-01,opolskie,OP,1,132930,0,2933,152,781959,1,147878,0,118822
2023-06-02,opolskie,OP,1,132931,0,2933,114,782073,1,147879,0,118822
2023-06-03,opolskie,OP,1,132932,0,2933,92,782165,2,147881,0,118822
2023-06-04,opolskie,OP,2,132934,0,2933,49,782214,2,147883,0,118822
2023-06-05,opolskie,OP,0,132934,0,2933,28,782242,0,147883,0,118822
2023-06-06,opolskie,OP,3,132937,0,2933,168,782410,3,147886,0,118822
2023-06-07,opolskie,OP,3,132940,0,2933,163,782573,3,147889,0,118822
2023-06-08,opolskie,OP,4,132944,0,2933,104,782677,5,147894,0,118822
2023-06-09,opolskie,OP,0,132944,0,2933,53,782730,0,147894,0,118822
2023-06-10,opolskie,OP,3,132947,0,2933,136,782866,4,147898,0,118822
2023-06-11,opolskie,OP,0,132947,0,2933,41,782907,0,147898,0,118822
2023-06-12,opolskie,OP,0,132947,0,2933,26,782933,0,147898,0,118822
2023-06-13,opolskie,OP,1,132948,0,2933,210,783143,1,147899,0,118822
2023-06-14,opolskie,OP,1,132949,0,2933,108,783251,1,147900,0,118822
2023-06-15,opolskie,OP,2,132951,0,2933,120,783371,2,147902,0,118822
2023-06-16,opolskie,OP,1,132952,0,2933,140,783511,1,147903,0,118822
2023-06-17,opolskie,OP,3,132955,0,2933,122,783633,4,147907,0,118822
2023-06-18,opolskie,OP,0,132955,0,2933,39,783672,0,147907,0,118822
2023-06-19,opolskie,OP,0,132955,0,2933,35,783707,0,147907,0,118822
2023-06-20,opolskie,OP,1,132956,0,2933,176,783883,1,147908,0,118822
2023-06-21,opolskie,OP,2,132958,0,2933,148,784031,2,147910,0,118822
2023-06-22,opolskie,OP,1,132959,0,2933,143,784174,2,147912,0,118822
2023-06-23,opolskie,OP,0,132959,0,2933,95,784269,0,147912,0,118822
2023-06-24,opolskie,OP,1,132960,0,2933,68,784337,1,147913,0,118822
2023-06-25,opolskie,OP,0,132960,0,2933,16,784353,0,147913,0,118822
2023-06-26,opolskie,OP,0,132960,0,2933,22,784375,0,147913,0,118822
2023-06-27,opolskie,OP,1,132961,0,2933,101,784476,1,147914,0,118822
2023-06-28,opolskie,OP,1,132962,0,2933,74,784550,2,147916,0,118822
2023-06-29,opolskie,OP,0,132962,1,2934,71,784621,0,147916,0,118822
2023-06-30,opolskie,OP,1,132963,0,2934,75,784696,1,147917,0,118822
2023-07-01,opolskie,OP,0,132963,0,2934,15,784711,0,147917,0,118822
2023-07-02,opolskie,OP,0,132963,0,2934,7,784718,0,147917,0,118822
2023-07-03,opolskie,OP,0,132963,0,2934,2,784720,0,147917,0,118822
2023-07-04,opolskie,OP,0,132963,0,2934,17,784737,1,147918,0,118822
2023-07-05,opolskie,OP,2,132965,0,2934,47,784784,3,147921,0,118822
2023-07-06,opolskie,OP,2,132967,0,2934,45,784829,2,147923,0,118822
2023-07-07,opolskie,OP,0,132967,0,2934,22,784851,0,147923,0,118822
2023-07-08,opolskie,OP,0,132967,0,2934,28,784879,0,147923,0,118822
2023-07-09,opolskie,OP,0,132967,0,2934,1,784880,0,147923,0,118822
2023-07-10,opolskie,OP,0,132967,0,2934,2,784882,0,147923,0,118822
2023-07-11,opolskie,OP,2,132969,0,2934,37,784919,7,147930,0,118822
2023-07-12,opolskie,OP,0,132969,1,2935,9,784928,1,147931,0,118822
2023-07-13,opolskie,OP,1,132970,0,2935,7,784935,1,147932,0,118822
2023-07-14,opolskie,OP,1,132971,0,2935,9,784944,1,147933,0,118822
2023-07-15,opolskie,OP,0,132971,0,2935,8,784952,0,147933,0,118822
2023-07-16,opolskie,OP,0,132971,0,2935,9,784961,0,147933,0,118822
2023-07-17,opolskie,OP,1,132972,0,2935,7,784968,1,147934,0,118822
2023-07-18,opolskie,OP,0,132972,0,2935,98,785066,0,147934,0,118822
2023-07-19,opolskie,OP,0,132972,0,2935,11,785077,0,147934,0,118822
2023-07-20,opolskie,OP,1,132973,0,2935,36,785113,1,147935,0,118822
2023-07-21,opolskie,OP,0,132973,0,2935,18,785131,0,147935,0,118822
2023-07-22,opolskie,OP,0,132973,0,2935,14,785145,0,147935,0,118822
2023-07-23,opolskie,OP,0,132973,0,2935,1,785146,0,147935,0,118822
2023-07-24,opolskie,OP,0,132973,0,2935,0,785146,0,147935,0,118822
2023-07-25,opolskie,OP,0,132973,0,2935,25,785171,0,147935,0,118822
2023-07-26,opolskie,OP,1,132974,0,2935,20,785191,1,147936,0,118822
2023-07-27,opolskie,OP,0,132974,0,2935,20,785211,0,147936,0,118822
2023-07-28,opolskie,OP,0,132974,0,2935,23,785234,0,147936,0,118822
2023-07-29,opolskie,OP,0,132974,0,2935,16,785250,0,147936,0,118822
2023-07-30,opolskie,OP,0,132974,0,2935,0,785250,0,147936,0,118822
2023-07-31,opolskie,OP,0,132974,0,2935,0,785250,0,147936,0,118822
2023-08-01,opolskie,OP,1,132975,0,2935,22,785272,1,147937,0,118822
2023-08-02,opolskie,OP,0,132975,0,2935,6,785278,0,147937,0,118822
2023-08-03,opolskie,OP,0,132975,0,2935,44,785322,0,147937,0,118822
2023-08-04,opolskie,OP,2,132977,0,2935,20,785342,2,147939,0,118822
2023-08-05,opolskie,OP,0,132977,0,2935,20,785362,0,147939,0,118822
2023-08-06,opolskie,OP,0,132977,0,2935,3,785365,0,147939,0,118822
2023-08-07,opolskie,OP,0,132977,0,2935,1,785366,0,147939,0,118822
2023-08-08,opolskie,OP,2,132979,0,2935,30,785396,2,147941,0,118822
2023-08-09,opolskie,OP,0,132979,0,2935,33,785429,0,147941,0,118822
2023-08-10,opolskie,OP,1,132980,0,2935,17,785446,1,147942,0,118822
2023-08-11,opolskie,OP,4,132984,0,2935,30,785476,4,147946,0,118822
2023-08-12,opolskie,OP,0,132984,0,2935,23,785499,0,147946,0,118822
2023-08-13,opolskie,OP,0,132984,0,2935,0,785499,0,147946,0,118822
2023-08-14,opolskie,OP,0,132984,0,2935,0,785499,0,147946,0,118822
2023-08-15,opolskie,OP,1,132985,0,2935,24,785523,1,147947,0,118822
2023-08-16,opolskie,OP,0,132985,0,2935,1,785524,0,147947,0,118822
2023-08-17,opolskie,OP,0,132985,0,2935,19,785543,0,147947,0,118822
2023-08-18,opolskie,OP,1,132986,0,2935,22,785565,1,147948,0,118822
2023-08-19,opolskie,OP,1,132987,0,2935,19,785584,1,147949,0,118822
2023-08-20,opolskie,OP,0,132987,0,2935,3,785587,0,147949,0,118822
2023-08-21,opolskie,OP,0,132987,0,2935,1,785588,0,147949,0,118822
2023-08-22,opolskie,OP,1,132988,0,2935,23,785611,1,147950,0,118822
2023-08-23,opolskie,OP,1,132989,0,2935,11,785622,1,147951,0,118822
2023-08-24,opolskie,OP,0,132989,0,2935,19,785641,0,147951,0,118822
2023-08-25,opolskie,OP,1,132990,0,2935,27,785668,1,147952,0,118822
2023-08-26,opolskie,OP,0,132990,0,2935,20,785688,0,147952,0,118822
2023-08-27,opolskie,OP,0,132990,0,2935,2,785690,0,147952,0,118822
2023-08-28,opolskie,OP,0,132990,0,2935,0,785690,0,147952,0,118822
2023-08-29,opolskie,OP,4,132994,0,2935,25,785715,4,147956,0,118822
2023-08-30,opolskie,OP,2,132996,0,2935,34,785749,2,147958,0,118822
2023-08-31,opolskie,OP,2,132998,0,2935,19,785768,2,147960,0,118822
2023-09-01,opolskie,OP,1,132999,0,2935,20,785788,1,147961,0,118822
2023-09-02,opolskie,OP,1,133000,0,2935,22,785810,1,147962,0,118822
2023-09-03,opolskie,OP,1,133001,0,2935,3,785813,1,147963,0,118822
2023-09-04,opolskie,OP,0,133001,0,2935,1,785814,0,147963,0,118822
2023-09-05,opolskie,OP,0,133001,0,2935,21,785835,0,147963,0,118822
2023-09-06,opolskie,OP,0,133001,0,2935,30,785865,0,147963,0,118822
2023-09-07,opolskie,OP,1,133002,0,2935,4,785869,1,147964,0,118822
2023-09-08,opolskie,OP,1,133003,0,2935,32,785901,1,147965,0,118822
2023-09-09,opolskie,OP,3,133006,0,2935,29,785930,3,147968,0,118822
2023-09-10,opolskie,OP,0,133006,0,2935,0,785930,0,147968,0,118822
2023-09-11,opolskie,OP,0,133006,0,2935,0,785930,0,147968,0,118822
2023-09-12,opolskie,OP,6,133012,0,2935,36,785966,6,147974,0,118822
2023-09-13,opolskie,OP,6,133018,0,2935,37,786003,6,147980,0,118822
2023-09-14,opolskie,OP,5,133023,0,2935,19,786022,5,147985,0,118822
2023-09-15,opolskie,OP,14,133037,0,2935,39,786061,14,147999,0,118822
2023-09-16,opolskie,OP,7,133044,0,2935,37,786098,8,148007,0,118822
2023-09-17,opolskie,OP,0,133044,0,2935,0,786098,0,148007,0,118822
2023-09-18,opolskie,OP,0,133044,0,2935,0,786098,0,148007,0,118822
2023-09-19,opolskie,OP,9,133053,0,2935,64,786162,9,148016,0,118822
2023-09-20,opolskie,OP,10,133063,0,2935,56,786218,13,148029,0,118822
2023-09-21,opolskie,OP,5,133068,0,2935,31,786249,5,148034,0,118822
2023-09-22,opolskie,OP,8,133076,0,2935,54,786303,8,148042,0,118822
2023-09-23,opolskie,OP,5,133081,0,2935,47,786350,6,148048,0,118822
2023-09-24,opolskie,OP,0,133081,0,2935,0,786350,0,148048,0,118822
2023-09-25,opolskie,OP,0,133081,0,2935,0,786350,0,148048,0,118822
2023-09-26,opolskie,OP,14,133095,0,2935,53,786403,14,148062,0,118822
2023-09-27,opolskie,OP,11,133106,0,2935,53,786456,11,148073,0,118822
2023-09-28,opolskie,OP,11,133117,0,2935,46,786502,13,148086,0,118822
2023-09-29,opolskie,OP,6,133123,0,2935,52,786554,6,148092,0,118822
2023-09-30,opolskie,OP,7,133130,0,2935,32,786586,7,148099,0,118822
2023-10-01,opolskie,OP,0,133130,0,2935,0,786586,0,148099,0,118822
2023-10-02,opolskie,OP,0,133130,0,2935,0,786586,0,148099,0,118822
2023-10-03,opolskie,OP,9,133139,0,2935,54,786640,9,148108,0,118822
2023-10-04,opolskie,OP,10,133149,0,2935,48,786688,10,148118,0,118822
2023-10-05,opolskie,OP,6,133155,0,2935,34,786722,8,148126,0,118822
2023-10-06,opolskie,OP,6,133161,0,2935,50,786772,6,148132,0,118822
2023-10-07,opolskie,OP,7,133168,0,2935,38,786810,7,148139,0,118822
2023-10-08,opolskie,OP,0,133168,0,2935,5,786815,0,148139,0,118822
2023-10-09,opolskie,OP,0,133168,0,2935,0,786815,0,148139,0,118822
2023-10-10,opolskie,OP,16,133184,0,2935,46,786861,17,148156,0,118822
2023-10-11,opolskie,OP,9,133193,0,2935,53,786914,12,148168,0,118822
2023-10-12,opolskie,OP,12,133205,0,2935,45,786959,12,148180,0,118822
2023-10-13,opolskie,OP,11,133216,0,2935,52,787011,12,148192,0,118822
2023-10-14,opolskie,OP,12,133228,0,2935,47,787058,13,148205,0,118822
2023-10-15,opolskie,OP,0,133228,0,2935,0,787058,0,148205,0,118822
2023-10-16,opolskie,OP,0,133228,0,2935,0,787058,0,148205,0,118822
2023-10-17,opolskie,OP,16,133244,1,2936,53,787111,16,148221,0,118822
2023-10-18,opolskie,OP,8,133252,0,2936,47,787158,8,148229,0,118822
2023-10-19,opolskie,OP,8,133260,0,2936,38,787196,10,148239,0,118822
2023-10-20,opolskie,OP,10,133270,0,2936,49,787245,11,148250,0,118822
2023-10-21,opolskie,OP,12,133282,0,2936,36,787281,12,148262,0,118822
2023-10-22,opolskie,OP,5,133287,0,2936,5,787286,5,148267,0,118822
2023-10-23,opolskie,OP,3,133290,0,2936,3,787289,3,148270,0,118822
2023-10-24,opolskie,OP,19,133309,0,2936,90,787379,23,148293,0,118822
2023-10-25,opolskie,OP,14,133323,0,2936,65,787444,16,148309,0,118822
2023-10-26,opolskie,OP,12,133335,0,2936,63,787507,12,148321,0,118822
2023-10-27,opolskie,OP,7,133342,0,2936,49,787556,7,148328,0,118822
2023-10-28,opolskie,OP,8,133350,0,2936,29,787585,8,148336,0,118822
2023-10-29,opolskie,OP,0,133350,0,2936,0,787585,0,148336,0,118822
2023-10-30,opolskie,OP,0,133350,0,2936,0,787585,0,148336,0,118822
2023-10-31,opolskie,OP,13,133363,0,2936,65,787650,14,148350,0,118822
2023-11-01,opolskie,OP,22,133385,0,2936,80,787730,23,148373,0,118822
2023-11-02,opolskie,OP,0,133385,0,2936,1,787731,0,148373,0,118822
2023-11-03,opolskie,OP,41,133426,0,2936,104,787835,43,148416,0,118822
2023-11-04,opolskie,OP,15,133441,1,2937,77,787912,15,148431,0,118822
2023-11-05,opolskie,OP,0,133441,0,2937,1,787913,0,148431,0,118822
2023-11-06,opolskie,OP,0,133441,0,2937,0,787913,0,148431,0,118822
2023-11-07,opolskie,OP,36,133477,0,2937,114,788027,38,148469,0,118822
2023-11-08,opolskie,OP,30,133507,0,2937,86,788113,30,148499,0,118822
2023-11-09,opolskie,OP,39,133546,0,2937,96,788209,45,148544,0,118822
2023-11-10,opolskie,OP,35,133581,1,2938,106,788315,39,148583,0,118822
2023-11-11,opolskie,OP,20,133601,0,2938,60,788375,20,148603,0,118822
2023-11-12,opolskie,OP,5,133606,0,2938,5,788380,5,148608,0,118822
2023-11-13,opolskie,OP,0,133606,0,2938,0,788380,0,148608,0,118822
2023-11-14,opolskie,OP,38,133644,0,2938,97,788477,39,148647,0,118822
2023-11-15,opolskie,OP,38,133682,0,2938,122,788599,39,148686,0,118822
2023-11-16,opolskie,OP,34,133716,0,2938,79,788678,37,148723,0,118822
2023-11-17,opolskie,OP,50,133766,1,2939,111,788789,51,148774,0,118822
2023-11-18,opolskie,OP,25,133791,0,2939,63,788852,25,148799,0,118822
2023-11-19,opolskie,OP,2,133793,0,2939,2,788854,2,148801,0,118822
2023-11-20,opolskie,OP,1,133794,0,2939,13,788867,1,148802,0,118822
2023-11-21,opolskie,OP,70,133864,1,2940,147,789014,72,148874,0,118822
2023-11-22,opolskie,OP,54,133918,0,2940,124,789138,55,148929,0,118822
2023-11-23,opolskie,OP,41,133959,0,2940,104,789242,43,148972,0,118822
2023-11-24,opolskie,OP,59,134018,0,2940,131,789373,59,149031,0,118822
2023-11-25,opolskie,OP,37,134055,0,2940,88,789461,38,149069,0,118822
2023-11-26,opolskie,OP,1,134056,0,2940,5,789466,1,149070,0,118822
2023-11-27,opolskie,OP,0,134056,0,2940,7,789473,0,149070,0,118822
2023-11-28,opolskie,OP,81,134137,0,2940,156,789629,81,149151,0,118822
2023-11-29,opolskie,OP,81,134218,0,2940,157,789786,86,149237,0,118822
2023-11-30,opolskie,OP,42,134260,2,2942,119,789905,44,149281,0,118822
2023-12-01,opolskie,OP,62,134322,0,2942,146,790051,64,149345,0,118822
2023-12-02,opolskie,OP,45,134367,0,2942,91,790142,45,149390,0,118822
2023-12-03,opolskie,OP,1,134368,0,2942,3,790145,1,149391,0,118822
2023-12-04,opolskie,OP,0,134368,0,2942,7,790152,0,149391,0,118822
2023-12-05,opolskie,OP,108,134476,0,2942,174,790326,109,149500,0,118822
2023-12-06,opolskie,OP,90,134566,0,2942,153,790479,91,149591,0,118822
2023-12-07,opolskie,OP,84,134650,0,2942,154,790633,87,149678,0,118822
2023-12-08,opolskie,OP,79,134729,0,2942,162,790795,84,149762,0,118822
2023-12-09,opolskie,OP,72,134801,0,2942,131,790926,74,149836,0,118822
2023-12-10,opolskie,OP,1,134802,0,2942,4,790930,1,149837,0,118822
2023-12-11,opolskie,OP,1,134803,0,2942,1,790931,1,149838,0,118822
2023-12-12,opolskie,OP,108,134911,0,2942,196,791127,125,149963,0,118822
2023-12-13,opolskie,OP,91,135002,0,2942,167,791294,94,150057,0,118822
2023-12-14,opolskie,OP,72,135074,0,2942,138,791432,72,150129,0,118822
2023-12-15,opolskie,OP,69,135143,5,2947,153,791585,69,150198,0,118822
2023-12-16,opolskie,OP,64,135207,2,2949,124,791709,64,150262,0,118822
2023-12-17,opolskie,OP,10,135217,0,2949,25,791734,10,150272,0,118822
2023-12-18,opolskie,OP,8,135225,0,2949,30,791764,8,150280,0,118822
2023-12-19,opolskie,OP,84,135309,0,2949,163,791927,84,150364,0,118822
2023-12-20,opolskie,OP,59,135368,0,2949,144,792071,61,150425,0,118822
2023-12-21,opolskie,OP,95,135463,0,2949,160,792231,98,150523,0,118822
2023-12-22,opolskie,OP,95,135558,0,2949,201,792432,99,150622,0,118822
2023-12-23,opolskie,OP,51,135609,1,2950,135,792567,51,150673,0,118822
2023-12-24,opolskie,OP,0,135609,0,2950,2,792569,1,150674,0,118822
2023-12-25,opolskie,OP,0,135609,0,2950,1,792570,0,150674,0,118822
2023-12-26,opolskie,OP,0,135609,0,2950,0,792570,0,150674,0,118822
2023-12-27,opolskie,OP,0,135609,0,2950,1,792571,0,150674,0,118822
2023-12-28,opolskie,OP,57,135666,2,2952,111,792682,59,150733,0,118822
2023-12-29,opolskie,OP,45,135711,1,2953,126,792808,48,150781,0,118822
2023-12-30,opolskie,OP,45,135756,0,2953,110,792918,45,150826,0,118822
2023-12-31,opolskie,OP,0,135756,0,2953,0,792918,0,150826,0,118822
2024-01-01,opolskie,OP,1,135757,0,2953,3,792921,1,150827,0,118822
2024-01-02,opolskie,OP,0,135757,0,2953,1,792922,0,150827,0,118822
2024-01-03,opolskie,OP,45,135802,0,2953,123,793045,47,150874,0,118822
2024-01-04,opolskie,OP,67,135869,0,2953,284,793329,78,150952,0,118822
2024-01-05,opolskie,OP,58,135927,0,2953,237,793566,62,151014,0,118822
2024-01-06,opolskie,OP,27,135954,0,2953,99,793665,28,151042,0,118822
2024-01-07,opolskie,OP,7,135961,0,2953,41,793706,10,151052,0,118822
2024-01-08,opolskie,OP,7,135968,0,2953,52,793758,8,151060,0,118822
2024-01-09,opolskie,OP,28,135996,0,2953,104,793862,30,151090,0,118822
2024-01-10,opolskie,OP,38,136034,1,2954,176,794038,44,151134,0,118822
2024-01-11,opolskie,OP,17,136051,0,2954,79,794117,17,151151,0,118822
2024-01-12,opolskie,OP,9,136060,0,2954,69,794186,9,151160,0,118822
2024-01-13,opolskie,OP,16,136076,2,2956,91,794277,16,151176,0,118822
2024-01-14,opolskie,OP,0,136076,0,2956,3,794280,0,151176,0,118822
2024-01-15,opolskie,OP,13,136089,0,2956,72,794352,15,151191,0,118822
2024-01-16,opolskie,OP,20,136109,0,2956,92,794444,22,151213,0,118822
2024-01-17,opolskie,OP,28,136137,0,2956,147,794591,29,151242,0,118822
2024-01-18,opolskie,OP,14,136151,1,2957,77,794668,15,151257,0,118822
2024-01-19,opolskie,OP,11,136162,1,2958,68,794736,11,151268,0,118822
2024-01-20,opolskie,OP,20,136182,0,2958,91,794827,20,151288,0,118822
2024-01-21,opolskie,OP,1,136183,0,2958,4,794831,1,151289,0,118822
2024-01-22,opolskie,OP,2,136185,0,2958,8,794839,3,151292,0,118822
2024-01-23,opolskie,OP,12,136197,0,2958,97,794936,12,151304,0,118822
2024-01-24,opolskie,OP,26,136223,1,2959,119,795055,28,151332,0,118822
2024-01-25,opolskie,OP,17,136240,0,2959,99,795154,17,151349,0,118822
2024-01-26,opolskie,OP,9,136249,0,2959,83,795237,11,151360,0,118822
2024-01-27,opolskie,OP,16,136265,0,2959,128,795365,21,151381,0,118822
2024-01-28,opolskie,OP,0,136265,0,2959,7,795372,0,151381,0,118822
2024-01-29,opolskie,OP,0,136265,0,2959,6,795378,0,151381,0,118822
2024-01-30,opolskie,OP,18,136283,1,2960,101,795479,18,151399,0,118822
2024-01-31,opolskie,OP,7,136290,0,2960,97,795576,7,151406,0,118822
2024-02-01,opolskie,OP,7,136297,0,2960,81,795657,8,151414,0,118822
2024-02-02,opolskie,OP,7,136304,0,2960,98,795755,8,151422,0,118822
2024-02-03,opolskie,OP,17,136321,0,2960,80,795835,17,151439,0,118822
2024-02-04,opolskie,OP,0,136321,0,2960,9,795844,0,151439,0,118822
2024-02-05,opolskie,OP,0,136321,0,2960,0,795844,0,151439,0,118822
2024-02-06,opolskie,OP,8,136329,6,2966,101,795945,8,151447,0,118822
2024-02-07,opolskie,OP,8,136337,0,2966,104,796049,9,151456,0,118822
2024-02-08,opolskie,OP,4,136341,0,2966,68,796117,4,151460,0,118822
2024-02-09,opolskie,OP,2,136343,0,2966,51,796168,2,151462,0,118822
2024-02-10,opolskie,OP,2,136345,0,2966,69,796237,2,151464,0,118822
2024-02-11,opolskie,OP,0,136345,0,2966,5,796242,0,151464,0,118822
2024-02-12,opolskie,OP,0,136345,0,2966,5,796247,1,151465,0,118822
2024-02-13,opolskie,OP,14,136359,0,2966,99,796346,15,151480,0,118822
2024-02-14,opolskie,OP,0,136359,0,2966,85,796431,0,151480,0,118822
2024-02-15,opolskie,OP,2,136361,0,2966,62,796493,2,151482,0,118822
2024-02-16,opolskie,OP,4,136365,0,2966,57,796550,4,151486,0,118822
2024-02-17,opolskie,OP,3,136368,0,2966,52,796602,3,151489,0,118822
2024-02-18,opolskie,OP,0,136368,0,2966,0,796602,0,151489,0,118822
2024-02-19,opolskie,OP,0,136368,0,2966,0,796602,0,151489,0,118822
2024-02-20,opolskie,OP,4,136372,0,2966,70,796672,4,151493,0,118822
2024-02-21,opolskie,OP,1,136373,0,2966,57,796729,1,151494,0,118822
2024-02-22,opolskie,OP,3,136376,0,2966,48,796777,3,151497,0,118822
2024-02-23,opolskie,OP,0,136376,0,2966,48,796825,0,151497,0,118822
2024-02-24,opolskie,OP,2,136378,0,2966,42,796867,2,151499,0,118822
2024-02-25,opolskie,OP,0,136378,0,2966,1,796868,0,151499,0,118822
2024-02-26,opolskie,OP,0,136378,0,2966,1,796869,0,151499,0,118822
2024-02-27,opolskie,OP,7,136385,0,2966,56,796925,7,151506,0,118822
2024-02-28,opolskie,OP,2,136387,0,2966,49,796974,4,151510,0,118822
2024-02-29,opolskie,OP,0,136387,0,2966,39,797013,0,151510,0,118822
2024-03-01,opolskie,OP,3,136390,0,2966,43,797056,3,151513,0,118822
2024-03-02,opolskie,OP,5,136395,0,2966,44,797100,5,151518,0,118822
2024-03-03,opolskie,OP,0,136395,0,2966,1,797101,0,151518,0,118822
2024-03-04,opolskie,OP,0,136395,0,2966,1,797102,0,151518,0,118822
2024-03-05,opolskie,OP,4,136399,0,2966,36,797138,5,151523,0,118822
2024-03-06,opolskie,OP,8,136407,0,2966,54,797192,8,151531,0,118822
2024-03-07,opolskie,OP,1,136408,0,2966,46,797238,1,151532,0,118822
2024-03-08,opolskie,OP,1,136409,0,2966,29,797267,1,151533,0,118822
2024-03-09,opolskie,OP,6,136415,0,2966,46,797313,6,151539,0,118822
2024-03-10,opolskie,OP,0,136415,0,2966,2,797315,0,151539,0,118822
2024-03-11,opolskie,OP,0,136415,0,2966,1,797316,0,151539,0,118822
2024-03-12,opolskie,OP,6,136421,1,2967,38,797354,6,151545,0,118822
2024-03-13,opolskie,OP,0,136421,0,2967,41,797395,0,151545,0,118822
2024-03-14,opolskie,OP,15,136436,0,2967,44,797439,15,151560,0,118822
2024-03-15,opolskie,OP,0,136436,0,2967,36,797475,0,151560,0,118822
2024-03-16,opolskie,OP,1,136437,0,2967,36,797511,1,151561,0,118822
2024-03-17,opolskie,OP,0,136437,0,2967,1,797512,0,151561,0,118822
2024-03-18,opolskie,OP,0,136437,0,2967,5,797517,0,151561,0,118822
2024-03-19,opolskie,OP,0,136437,0,2967,30,797547,0,151561,0,118822
2024-03-20,opolskie,OP,2,136439,0,2967,36,797583,2,151563,0,118822
2024-03-21,opolskie,OP,0,136439,0,2967,25,797608,0,151563,0,118822
2024-03-22,opolskie,OP,0,136439,0,2967,23,797631,0,151563,0,118822
2024-03-23,opolskie,OP,0,136439,0,2967,25,797656,0,151563,0,118822
2024-03-24,opolskie,OP,0,136439,0,2967,0,797656,0,151563,0,118822
2024-03-25,opolskie,OP,0,136439,0,2967,0,797656,0,151563,0,118822
2024-03-26,opolskie,OP,1,136440,0,2967,48,797704,1,151564,0,118822
2024-03-27,opolskie,OP,1,136441,0,2967,33,797737,1,151565,0,118822
2024-03-28,opolskie,OP,1,136442,0,2967,34,797771,2,151567,0,118822
2024-03-29,opolskie,OP,0,136442,0,2967,30,797801,0,151567,0,118822
2024-03-30,opolskie,OP,0,136442,0,2967,20,797821,0,151567,0,118822
2024-03-31,opolskie,OP,0,136442,0,2967,0,797821,0,151567,0,118822
2024-04-01,opolskie,OP,0,136442,0,2967,1,797822,0,151567,0,118822
2024-04-02,opolskie,OP,0,136442,0,2967,0,797822,0,151567,0,118822
2024-04-03,opolskie,OP,2,136444,0,2967,42,797864,2,151569,0,118822
2024-04-19,opolskie,OP,0,136444,0,2967,28,797892,0,151569,0,118822
2024-04-20,opolskie,OP,1,136445,0,2967,24,797916,1,151570,0,118822
2024-04-21,opolskie,OP,0,136445,0,2967,0,797916,0,151570,0,118822
2024-04-22,opolskie,OP,0,136445,0,2967,1,797917,0,151570,0,118822
2024-04-23,opolskie,OP,0,136445,0,2967,17,797934,0,151570,0,118822
2024-04-24,opolskie,OP,1,136446,0,2967,30,797964,1,151571,0,118822
2024-04-25,opolskie,OP,2,136448,0,2967,28,797992,2,151573,0,118822
2024-04-26,opolskie,OP,2,136450,0,2967,14,798006,2,151575,0,118822
2024-04-27,opolskie,OP,0,136450,0,2967,35,798041,0,151575,0,118822
2024-04-28,opolskie,OP,0,136450,0,2967,0,798041,0,151575,0,118822
2024-04-29,opolskie,OP,0,136450,0,2967,0,798041,0,151575,0,118822
2024-04-30,opolskie,OP,0,136450,0,2967,22,798063,0,151575,0,118822
2024-05-01,opolskie,OP,2,136452,0,2967,19,798082,2,151577,0,118822
2024-05-02,opolskie,OP,0,136452,0,2967,0,798082,0,151577,0,118822
2024-05-03,opolskie,OP,1,136453,0,2967,28,798110,1,151578,0,118822
2024-05-04,opolskie,OP,0,136453,0,2967,0,798110,0,151578,0,118822
2024-05-05,opolskie,OP,0,136453,0,2967,6,798116,0,151578,0,118822
2024-05-06,opolskie,OP,0,136453,0,2967,0,798116,0,151578,0,118822
2024-05-07,opolskie,OP,2,136455,0,2967,30,798146,2,151580,0,118822
2024-05-08,opolskie,OP,0,136455,0,2967,28,798174,0,151580,0,118822
2024-05-09,opolskie,OP,1,136456,0,2967,27,798201,2,151582,0,118822
2024-05-10,opolskie,OP,1,136457,0,2967,25,798226,1,151583,0,118822
2024-05-11,opolskie,OP,0,136457,0,2967,17,798243,0,151583,0,118822
2024-05-12,opolskie,OP,0,136457,0,2967,0,798243,0,151583,0,118822
2024-05-13,opolskie,OP,0,136457,0,2967,0,798243,0,151583,0,118822
2024-05-14,opolskie,OP,1,136458,0,2967,20,798263,1,151584,0,118822
2024-05-15,opolskie,OP,2,136460,0,2967,26,798289,2,151586,0,118822
2024-05-16,opolskie,OP,0,136460,0,2967,19,798308,0,151586,0,118822
2024-05-17,opolskie,OP,0,136460,0,2967,23,798331,0,151586,0,118822
2024-05-18,opolskie,OP,1,136461,0,2967,28,798359,1,151587,0,118822
2024-05-19,opolskie,OP,0,136461,0,2967,0,798359,0,151587,0,118822
2024-05-20,opolskie,OP,0,136461,0,2967,0,798359,0,151587,0,118822
2024-05-21,opolskie,OP,0,136461,0,2967,24,798383,0,151587,0,118822
2024-05-22,opolskie,OP,2,136463,0,2967,32,798415,2,151589,0,118822
2024-05-23,opolskie,OP,0,136463,0,2967,4,798419,0,151589,0,118822
2024-05-24,opolskie,OP,1,136464,0,2967,23,798442,1,151590,0,118822
2024-05-25,opolskie,OP,0,136464,0,2967,32,798474,0,151590,0,118822
2024-05-26,opolskie,OP,0,136464,0,2967,1,798475,0,151590,0,118822
2024-05-27,opolskie,OP,0,136464,0,2967,0,798475,0,151590,0,118822
2024-05-28,opolskie,OP,9,136473,0,2967,32,798507,9,151599,0,118822
2024-05-29,opolskie,OP,1,136474,0,2967,34,798541,1,151600,0,118822
2024-05-30,opolskie,OP,0,136474,0,2967,17,798558,0,151600,0,118822
2024-05-31,opolskie,OP,0,136474,0,2967,0,798558,0,151600,0,118822
2024-06-01,opolskie,OP,0,136474,0,2967,24,798582,0,151600,0,118822
2024-06-02,opolskie,OP,0,136474,0,2967,0,798582,0,151600,0,118822
2024-06-03,opolskie,OP,0,136474,0,2967,0,798582,0,151600,0,118822
2024-06-04,opolskie,OP,1,136475,0,2967,16,798598,1,151601,0,118822
2024-06-05,opolskie,OP,1,136476,0,2967,24,798622,1,151602,0,118822
2024-06-06,opolskie,OP,0,136476,0,2967,16,798638,0,151602,0,118822
2024-06-07,opolskie,OP,2,136478,0,2967,27,798665,2,151604,0,118822
2024-06-08,opolskie,OP,0,136478,0,2967,20,798685,0,151604,0,118822
2024-06-09,opolskie,OP,0,136478,0,2967,0,798685,0,151604,0,118822
2024-06-10,opolskie,OP,0,136478,0,2967,0,798685,0,151604,0,118822
2024-06-11,opolskie,OP,0,136478,0,2967,22,798707,0,151604,0,118822
2024-06-12,opolskie,OP,1,136479,0,2967,17,798724,1,151605,0,118822
2024-06-13,opolskie,OP,0,136479,0,2967,22,798746,0,151605,0,118822
2024-06-14,opolskie,OP,0,136479,0,2967,19,798765,0,151605,0,118822
2024-06-15,opolskie,OP,0,136479,0,2967,22,798787,0,151605,0,118822
2024-06-16,opolskie,OP,0,136479,0,2967,0,798787,0,151605,0,118822
2024-06-17,opolskie,OP,0,136479,0,2967,0,798787,0,151605,0,118822
2024-06-18,opolskie,OP,4,136483,0,2967,26,798813,4,151609,0,118822
2024-06-19,opolskie,OP,2,136485,0,2967,29,798842,2,151611,0,118822
2024-06-20,opolskie,OP,1,136486,0,2967,30,798872,1,151612,0,118822
2024-06-21,opolskie,OP,7,136493,0,2967,28,798900,7,151619,0,118822
2024-06-22,opolskie,OP,2,136495,0,2967,27,798927,2,151621,0,118822
2024-06-23,opolskie,OP,0,136495,0,2967,3,798930,0,151621,0,118822
2024-06-24,opolskie,OP,0,136495,0,2967,2,798932,0,151621,0,118822
2024-06-25,opolskie,OP,5,136500,0,2967,27,798959,5,151626,0,118822
2024-06-26,opolskie,OP,1,136501,0,2967,19,798978,1,151627,0,118822
2024-06-27,opolskie,OP,0,136501,0,2967,5,798983,0,151627,0,118822
2024-06-28,opolskie,OP,2,136503,0,2967,35,799018,2,151629,0,118822
2024-06-29,opolskie,OP,2,136505,0,2967,6,799024,2,151631,0,118822
2024-06-30,opolskie,OP,0,136505,0,2967,1,799025,0,151631,0,118822
2024-07-01,opolskie,OP,0,136505,0,2967,3,799028,0,151631,0,118822
