date,confirmed,confirmed_cum,deaths,deaths_cum,tests,tests_cum,positives,positives_cum,recovered,recovered_cum
2020-11-24,10141,10141,540,540,47540,47540,11502,11502,,
2020-11-25,15360,25501,674,1214,54288,101828,16672,28174,,
2020-11-26,16846,42347,580,1794,57120,158948,18161,46335,,
2020-11-27,17059,59406,579,2373,63763,222711,18247,64582,,
2020-11-28,15183,74589,599,2972,60368,283079,16469,81051,,
2020-11-29,11483,86072,283,3255,37742,320821,12276,93327,,
2020-11-30,5734,91806,121,3376,23174,343995,6441,99768,,
2020-12-01,9066,100872,449,3825,44535,388530,10522,110290,,
2020-12-02,13870,114742,609,4434,55056,443586,15171,125461,,
2020-12-03,14838,129580,620,5054,64452,508038,15979,141440,,
2020-12-04,13230,142810,531,5585,56872,564910,14757,156197,,
2020-12-05,12430,155240,502,6087,65627,630537,14323,170520,,
2020-12-06,9175,164415,228,6315,35869,666406,10070,180590,,
2020-12-07,4424,168839,92,6407,20824,687230,5103,185693,,
2020-12-08,8315,177154,411,6818,48586,735816,10483,196176,,
2020-12-09,12164,189318,568,7386,51537,787353,13353,209529,,
2020-12-10,13747,203065,470,7856,55051,842404,14880,224409,,
2020-12-11,13105,216170,544,8400,54978,897382,14539,238948,,
2020-12-12,11498,227668,502,8902,54829,952211,13233,252181,,
2020-12-13,8978,236646,188,9090,37081,989292,10132,262313,,
2020-12-14,4858,241504,96,9186,24994,1014286,5944,268257,,
2020-12-15,6908,248412,349,9535,46647,1060933,8974,277231,,
2020-12-16,12447,260859,605,10140,54467,1115400,13646,290877,,
2020-12-17,11953,272812,431,10571,51660,1167060,12979,303856,,
2020-12-18,10992,283804,426,10997,48656,1215716,11925,315781,,
2020-12-19,11261,295065,483,11480,49598,1265314,12241,328022,,
2020-12-20,8593,303658,143,11623,34297,1299611,9232,337254,,
2020-12-21,4633,308291,77,11700,23918,1323529,6015,343269,,
2020-12-22,7190,315481,309,12009,40534,1364063,8497,351766,,
2020-12-23,12363,327844,472,12481,52412,1416475,13516,365282,,
2020-12-24,13114,340958,552,13033,55581,1472056,14543,379825,8002,8002
2020-12-25,9077,350035,244,13277,35044,1507100,9815,389640,13023,21025
2020-12-26,5048,355083,68,13345,20632,1527732,5720,395360,10804,31829
2020-12-27,3678,358761,56,13401,17341,1545073,4292,399652,10061,41890
2020-12-28,3211,361972,27,13428,19002,1564075,3820,403472,11155,53045
2020-12-29,7914,369886,311,13739,44673,1608748,9246,412718,9792,62837
2020-12-30,12955,382841,565,14304,54230,1662978,14149,426867,4928,67765
2020-12-31,13397,396238,532,14836,53703,1716681,14557,441424,7841,75606
2021-01-01,11008,407246,400,15236,46724,1763405,12152,453576,13359,88965
2021-01-02,6945,414191,102,15338,27604,1791009,7722,461298,11784,100749
2021-01-03,5739,419930,61,15399,29618,1820627,6702,468000,7831,108580
2021-01-04,4432,424362,42,15441,25436,1846063,5225,473225,5310,113890
2021-01-05,7624,431986,341,15782,48466,1894529,8757,481982,4939,118829
2021-01-06,14151,446137,553,16335,61758,1956287,15217,497199,4044,122873
2021-01-08,8790,454927,332,16667,50177,2006464,10179,507378,12785,135658
2021-01-09,10548,465475,438,17105,58371,2064835,11952,519330,13071,148729
2021-01-10,9410,474885,177,17282,43731,2108566,10059,529389,9657,158386
2021-01-11,4622,479507,75,17357,26151,2134717,5374,534763,6945,165331
2021-01-12,5569,485076,326,17683,50150,2184867,6835,541598,6991,172322
2021-01-13,9053,494129,481,18164,73911,2258778,10008,551606,4907,177229
2021-01-14,9436,503565,381,18545,79406,2338184,10239,561845,8476,185705
2021-01-15,7795,511360,386,18931,73122,2411306,8751,570596,13158,198863
2021-01-16,7412,518772,369,19300,69348,2480654,8468,579064,11819,210682
2021-01-17,6055,524827,142,19442,55247,2535901,6820,585884,7705,218387
2021-01-18,3271,528098,52,19494,25174,2561075,3676,589560,10769,229156
2021-01-19,4835,532933,291,19785,48409,2609484,5893,595453,9777,238933
2021-01-20,6919,539852,443,20228,48317,2657801,7625,603078,4595,243528
2021-01-21,7152,547004,419,20647,47141,2704942,7918,610996,6423,249951
2021-01-22,6640,553644,346,20993,45108,2750050,7386,618382,8974,258925
2021-01-23,6322,559966,346,21339,44490,2794540,7029,625411,10089,269014
2021-01-24,4683,564649,110,21449,30965,2825505,5187,630598,7934,276948
2021-01-25,2419,567068,38,21487,19945,2845450,2743,633341,7401,284349
2021-01-26,4604,571672,264,21751,42669,2888119,5600,638941,6251,290600
2021-01-27,6789,578461,389,22140,47406,2935525,7536,646477,3104,293704
2021-01-28,7156,585617,389,22529,47689,2983214,7923,654400,4969,298673
2021-01-29,6144,591761,336,22865,45020,3028234,6901,661301,6827,305500
2021-01-30,5864,597625,303,23168,44905,3073139,6540,667841,7557,313057
2021-01-31,4706,602331,98,23266,32276,3105415,5181,673022,6030,319087
2021-02-01,2503,604834,42,23308,21611,3127026,2953,675975,6247,325334
2021-02-02,4326,609160,253,23561,42046,3169072,5119,681094,5133,330467
2021-02-03,6802,615962,421,23982,47208,3216280,7484,688578,2711,333178
2021-02-04,6496,622458,444,24426,43943,3260223,7131,695709,4863,338041
2021-02-05,6053,628511,368,24794,41533,3301756,6705,702414,6788,344829
2021-02-06,5965,634476,283,25077,44333,3346089,6638,709052,7194,352023
2021-02-07,4728,639204,93,25170,31353,3377442,5105,714157,5711,357734
2021-02-08,2431,641635,45,25215,21067,3398509,2787,716944,5786,363520
2021-02-09,4029,645664,227,25442,43493,3442002,4728,721672,4970,368490
2021-02-10,6930,652594,360,25802,52056,3494058,7619,729291,2522,371012
2021-02-11,7008,659602,456,26258,51690,3545748,7663,736954,4845,375857
2021-02-12,6379,665981,247,26505,48897,3594645,7077,744031,6326,382183
2021-02-13,6586,672567,284,26789,49712,3644357,7284,751315,6662,388845
2021-02-14,5334,677901,98,26887,34566,3678923,5740,757055,5681,394526
2021-02-15,2543,680444,25,26912,22556,3701479,2932,759987,5713,400239
2021-02-16,5178,685622,196,27108,46241,3747720,5936,765923,5108,405347
2021-02-17,8694,694316,279,27387,54781,3802501,9387,775310,2461,407808
2021-02-18,9073,703389,273,27660,54077,3856578,9787,785097,4363,412171
2021-02-19,8777,712166,241,27901,49449,3906027,9462,794559,6804,418975
2021-02-20,8510,720676,254,28155,50505,3956532,9249,803808,7406,426381
2021-02-21,7038,727714,94,28249,37407,3993939,7534,811342,6215,432596
2021-02-22,3890,731604,17,28266,24924,4018863,4363,815705,6014,438610
2021-02-23,6310,737914,247,28513,41975,4060838,7056,822761,5490,444100
2021-02-24,12146,750060,372,28885,61847,4122685,12985,835746,2854,446954
2021-02-25,12142,762202,286,29171,57453,4180138,13018,848764,5680,452634
2021-02-26,11539,773741,259,29430,53369,4233507,12425,861189,8438,461072
2021-02-27,12100,785841,303,29733,56971,4290478,12989,874178,9205,470277
2021-02-28,10099,795940,114,29847,43898,4334376,10916,885094,8511,478788
2021-03-01,4786,800726,24,29871,26770,4361146,5369,890463,8128,486916
2021-03-02,7937,808663,216,30087,50212,4411358,8925,899388,7582,494498
2021-03-03,15698,824361,309,30396,62680,4474038,16639,916027,3835,498333
2021-03-04,15250,839611,289,30685,62892,4536930,16221,932248,7492,505825
2021-03-05,15829,855440,263,30948,59118,4596048,16994,949242,11232,517057
2021-03-06,14857,870297,245,31193,62428,4658476,15818,965060,12356,529413
2021-03-07,13574,883871,126,31319,49997,4708473,14430,979490,11146,540559
2021-03-08,6170,890041,32,31351,31747,4740220,6920,986410,11634,552193
2021-03-09,9954,899995,282,31633,54010,4794230,11143,997553,9973,562166
2021-03-10,17260,917255,398,32031,68383,4862613,18372,1015925,5263,567429
2021-03-11,21045,938300,375,32406,73332,4935945,22391,1038316,9288,576717
2021-03-12,18775,957075,351,32757,65966,5001911,19932,1058248,14538,591255
2021-03-13,21049,978124,343,33100,73120,5075031,22315,1080563,16312,607567
2021-03-14,17259,995383,110,33210,59910,5134941,19192,1099755,14457,622024
2021-03-15,10896,1006279,28,33238,42372,5177313,12441,1112196,14496,636520
2021-03-16,14396,1020675,372,33610,63915,5241228,16479,1128675,13560,650080
2021-03-17,25052,1045727,453,34063,84862,5326090,27255,1155930,6825,656905
2021-03-18,27278,1073005,356,34419,86240,5412330,30092,1186022,11222,668127
2021-03-19,25998,1099003,419,34838,86153,5498483,28846,1214868,16912,685039
2021-03-20,26405,1125408,349,35187,87609,5586092,29142,1244010,20254,705293
2021-03-21,21849,1147257,140,35327,62899,5648991,22846,1266856,17016,722309
2021-03-22,14578,1161835,65,35392,49135,5698126,15547,1282403,19320,741629
2021-03-23,16741,1178576,396,35788,72429,5770555,20149,1302552,18599,760228
2021-03-24,29978,1208554,575,36363,95854,5866409,32767,1335319,10269,770497
2021-03-25,34151,1242705,520,36883,102579,5968988,37112,1372431,15623,786120
2021-03-26,35143,1277848,443,37326,107713,6076701,37453,1409884,24930,811050
2021-03-27,31757,1309605,448,37774,101079,6177780,33742,1443626,28491,839541
2021-03-28,29253,1338858,131,37905,86516,6264296,31062,1474688,24103,863644
2021-03-29,16965,1355823,48,37953,54792,6319088,18327,1493015,25695,889339
2021-03-30,20870,1376693,461,38414,80088,6399176,22657,1515672,24720,914059
2021-03-31,32874,1409567,653,39067,102818,6501994,34761,1550433,14553,928612
2021-04-01,35251,1444818,621,39688,109430,6611424,37157,1587590,20986,949598
2021-04-02,30546,1475364,497,40185,101437,6712861,32288,1619878,29715,979313
2021-04-03,28073,1503437,571,40756,94331,6807192,29987,1649865,35396,1014709
2021-04-04,22947,1526384,204,40960,72281,6879473,24365,1674230,32715,1047424
2021-04-05,9902,1536286,64,41024,39393,6918866,11084,1685314,31032,1078456
2021-04-06,8245,1544531,60,41084,44934,6963800,9505,1694819,27518,1105974
2021-04-07,14910,1559441,638,41722,90901,7054701,16550,1711369,19284,1125258
2021-04-08,27887,1587328,954,42676,111531,7166232,29553,1740922,22973,1148231
2021-04-09,28487,1615815,768,43444,107306,7273538,30177,1771099,32283,1180514
2021-04-10,24856,1640671,749,44193,105019,7378557,26360,1797459,36284,1216798
2021-04-11,21703,1662374,245,44438,91870,7470427,22865,1820324,28642,1245440
2021-04-12,12013,1674387,61,44499,58456,7528883,12951,1833275,26739,1272179
2021-04-13,13227,1687614,644,45143,81902,7610785,14675,1847950,22940,1295119
2021-04-14,21283,1708897,803,45946,99099,7709884,22817,1870767,11128,1306247
2021-04-15,21130,1730027,682,46628,91158,7801042,22457,1893224,9683,1315930
2021-04-16,17847,1747874,595,47223,83083,7884125,19129,1912353,17373,1333303
2021-04-17,15763,1763637,616,47839,85431,7969556,17017,1929370,30620,1363923
2021-04-18,12153,1775790,207,48046,65410,8034966,13153,1942523,26504,1390427
2021-04-19,7283,1783073,101,48147,47649,8082615,8893,1951416,24079,1414506
2021-04-20,9246,1792319,601,48748,70590,8153205,10440,1961856,20609,1435115
2021-04-21,13926,1806245,740,49488,80299,8233504,15374,1977230,12536,1447651
2021-04-22,12762,1819007,694,50182,71738,8305242,13901,1991131,15406,1463057
2021-04-23,10858,1829865,539,50721,62513,8367755,11999,2003130,21340,1484397
2021-04-24,9505,1839370,513,51234,70872,8438627,10574,2013704,21879,1506276
2021-04-25,7219,1846589,193,51427,51139,8489766,7987,2021691,17078,1523354
2021-04-26,3451,1850040,22,51449,33801,8523567,4099,2025790,15764,1539118
2021-04-27,5709,1855749,460,51909,64810,8588377,7075,2032865,12778,1551896
2021-04-28,8895,1864644,636,52545,71722,8660099,9830,2042695,7695,1559591
2021-04-29,8427,1873071,541,53086,65831,8725930,9266,2051961,10438,1570029
2021-04-30,6796,1879867,429,53515,61274,8787204,7585,2059546,13565,1583594
2021-05-01,6469,1886336,423,53938,63400,8850604,7189,2066735,14570,1598164
2021-05-02,4612,1890948,144,54082,43353,8893957,5056,2071791,10402,1608566
2021-05-03,2525,1893473,37,54119,31030,8924987,2860,2074651,9103,1617669
2021-05-04,2296,1895769,28,54147,31160,8956147,2642,2077293,7153,1624822
2021-05-05,3896,1899665,349,54496,56250,9012397,4556,2081849,4315,1629137
2021-05-06,6431,1906096,510,55006,66627,9079024,7116,2088965,6715,1635852
2021-05-07,6047,1912143,453,55459,65711,9144735,6704,2095669,8863,1644715
2021-05-08,4765,1916908,421,55880,63455,9208190,5264,2100933,8592,1653307
2021-05-09,3852,1920760,147,56027,52161,9260351,4170,2105103,6687,1659994
2021-05-10,2032,1922792,22,56049,36962,9297313,2262,2107365,6669,1666663
2021-05-11,3098,1925890,319,56368,62647,9359960,3635,2111000,4745,1671408
2021-05-12,4255,1930145,343,56711,66234,9426194,4779,2115779,2761,1674169
2021-05-13,3730,1933875,342,57053,57175,9483369,4189,2119968,2685,1676854
2021-05-14,3288,1937163,289,57342,60647,9544016,3743,2123711,4839,1681693
2021-05-15,2896,1940059,298,57640,57062,9601078,3258,2126969,6764,1688457
2021-05-16,2167,1942226,55,57695,48958,9650036,2431,2129400,5466,1693923
2021-05-17,1109,1943335,11,57706,33095,9683131,1277,2130677,4835,1698758
2021-05-18,1734,1945069,245,57951,59703,9742834,2130,2132807,3927,1702685
2021-05-19,2344,1947413,329,58280,58528,9801362,2639,2135446,2149,1704834
2021-05-20,2086,1949499,250,58530,55395,9856757,2362,2137808,3424,1708258
2021-05-21,1679,1951178,191,58721,57254,9914011,1994,2139802,4323,1712581
2021-05-22,1516,1952694,191,58912,58145,9972156,1786,2141588,3973,1716554
2021-05-23,1075,1953769,46,58958,42231,10014387,1249,2142837,3200,1719754
2021-05-24,559,1954328,17,58975,33321,10047708,674,2143511,3074,1722828
2021-05-25,1000,1955328,151,59126,61444,10109152,1279,2144790,2257,1725085
2021-05-26,1267,1956595,209,59335,57940,10167092,1522,2146312,1268,1726353
2021-05-27,1230,1957825,135,59470,63914,10231006,1730,2148042,2026,1728379
2021-05-28,946,1958771,117,59587,55668,10286674,1178,2149220,2432,1730811
2021-05-29,775,1959546,125,59712,61924,10348598,1041,2150261,2199,1733010
2021-05-30,579,1960125,56,59768,44979,10393577,691,2150952,1685,1734695
2021-05-31,333,1960458,7,59775,32369,10425946,448,2151400,1587,1736282
2021-06-01,588,1961046,111,59886,59733,10485679,828,2152228,1195,1737477
2021-06-02,664,1961710,128,60014,57059,10542738,864,2153092,678,1738155
2021-06-03,572,1962282,91,60105,55146,10597884,839,2153931,1164,1739319
2021-06-04,319,1962601,26,60131,33285,10631169,416,2154347,1292,1740611
2021-06-05,415,1963016,38,60169,49998,10681167,604,2154951,1072,1741683
2021-06-06,312,1963328,13,60182,44710,10725877,388,2155339,983,1742666
2021-06-07,194,1963522,8,60190,32135,10758012,262,2155601,878,1743544
2021-06-08,400,1963922,95,60285,64590,10822602,630,2156231,652,1744196
2021-06-09,428,1964350,108,60393,58099,10880701,677,2156908,378,1744574
2021-06-10,382,1964732,84,60477,53235,10933936,518,2157426,613,1745187
2021-06-11,341,1965073,68,60545,54667,10988603,513,2157939,730,1745917
2021-06-12,239,1965312,47,60592,55994,11044597,408,2158347,611,1746528
2021-06-13,227,1965539,11,60603,48409,11093006,281,2158628,369,1746897
2021-06-14,140,1965679,1,60604,33251,11126257,188,2158816,416,1747313
2021-06-15,215,1965894,52,60656,58596,11184853,351,2159167,358,1747671
2021-06-16,241,1966135,62,60718,54611,11239464,337,2159504,227,1747898
2021-06-17,218,1966353,46,60764,51409,11290873,306,2159810,446,1748344
2021-06-18,190,1966543,48,60812,47975,11338848,310,2160120,439,1748783
2021-06-19,168,1966711,41,60853,51920,11390768,263,2160383,419,1749202
2021-06-20,133,1966844,5,60858,38174,11428942,245,2160628,340,1749542
2021-06-21,73,1966917,1,60859,27606,11456548,98,2160726,235,1749777
2021-06-22,188,1967105,29,60888,64943,11521491,289,2161015,235,1750012
2021-06-23,165,1967270,35,60923,59936,11581427,333,2161348,178,1750190
2021-06-24,147,1967417,24,60947,48113,11629540,221,2161569,271,1750461
2021-06-25,133,1967550,36,60983,42518,11672058,193,2161762,247,1750708
2021-06-26,100,1967650,21,61004,43297,11715355,166,2161928,215,1750923
2021-06-27,71,1967721,5,61009,30658,11746013,105,2162033,207,1751130
2021-06-28,52,1967773,0,61009,21443,11767456,81,2162114,204,1751334
2021-06-29,123,1967896,26,61035,53830,11821286,200,2162314,148,1751482
2021-06-30,104,1968000,16,61051,50088,11871374,150,2162464,98,1751580
2021-07-01,98,1968098,23,61074,39535,11910909,158,2162622,187,1751767
2021-07-02,96,1968194,21,61095,42386,11953295,151,2162773,170,1751937
2021-07-03,107,1968301,18,61113,46691,11999986,155,2162928,145,1752082
2021-07-04,54,1968355,1,61114,34310,12034296,77,2163005,131,1752213
2021-07-05,38,1968393,1,61115,23279,12057575,48,2163053,110,1752323
2021-07-06,96,1968489,10,61125,49463,12107038,131,2163184,96,1752419
2021-07-07,103,1968592,17,61142,42891,12149929,154,2163338,83,1752502
2021-07-08,93,1968685,19,61161,39928,12189857,160,2163498,125,1752627
2021-07-09,76,1968761,17,61178,40731,12230588,181,2163679,94,1752721
2021-07-10,86,1968847,7,61185,45531,12276119,179,2163858,113,1752834
2021-07-11,66,1968913,1,61186,34156,12310275,83,2163941,94,1752928
2021-07-12,44,1968957,0,61186,25671,12335946,70,2164011,111,1753039
2021-07-13,96,1969053,13,61199,46939,12382885,148,2164159,66,1753105
2021-07-14,86,1969139,6,61205,41643,12424528,131,2164290,114,1753219
2021-07-15,105,1969244,12,61217,41557,12466085,141,2164431,94,1753313
2021-07-16,93,1969337,14,61231,36801,12502886,137,2164568,136,1753449
2021-07-17,114,1969451,7,61238,45685,12548571,162,2164730,280,1753729
2021-07-18,69,1969520,3,61241,32192,12580763,89,2164819,71,1753800
2021-07-19,67,1969587,0,61241,23581,12604344,92,2164911,81,1753881
2021-07-20,104,1969691,4,61245,47607,12651951,147,2165058,107,1753988
2021-07-21,124,1969815,3,61248,42208,12694159,172,2165230,82,1754070
2021-07-22,126,1969941,9,61257,37494,12731653,152,2165382,113,1754183
2021-07-23,108,1970049,4,61261,37197,12768850,152,2165534,127,1754310
2021-07-24,122,1970171,6,61267,41826,12810676,163,2165697,120,1754430
2021-07-25,82,1970253,1,61268,32296,12842972,108,2165805,97,1754527
2021-07-26,74,1970327,0,61268,23529,12866501,89,2165894,110,1754637
2021-07-27,106,1970433,7,61275,42491,12908992,144,2166038,100,1754737
2021-07-28,138,1970571,3,61278,39143,12948135,173,2166211,94,1754831
2021-07-29,167,1970738,5,61283,37501,12985636,232,2166443,112,1754943
2021-07-30,153,1970891,2,61285,37028,13022664,187,2166630,134,1755077
2021-07-31,153,1971044,2,61287,42822,13065486,196,2166826,131,1755208
2021-08-01,91,1971135,0,61287,33372,13098858,106,2166932,144,1755352
2021-08-02,91,1971226,0,61287,24769,13123627,110,2167042,133,1755485
2021-08-03,164,1971390,4,61291,45993,13169620,211,2167253,98,1755583
2021-08-04,164,1971554,4,61295,41833,13211453,200,2167453,105,1755688
2021-08-05,176,1971730,6,61301,39810,13251263,219,2167672,143,1755831
2021-08-06,172,1971902,6,61307,39327,13290590,203,2167875,170,1756001
2021-08-07,181,1972083,4,61311,45508,13336098,208,2168083,187,1756188
2021-08-08,122,1972205,0,61311,36723,13372821,145,2168228,162,1756350
2021-08-09,64,1972269,0,61311,24963,13397784,74,2168302,175,1756525
2021-08-10,200,1972469,0,61311,46681,13444465,242,2168544,113,1756638
2021-08-11,198,1972667,4,61315,41444,13485909,248,2168792,119,1756757
2021-08-12,223,1972890,2,61317,39662,13525571,253,2169045,155,1756912
2021-08-13,196,1973086,6,61323,39373,13564944,236,2169281,186,1757098
2021-08-14,211,1973297,2,61325,46087,13611031,256,2169537,215,1757313
2021-08-15,148,1973445,0,61325,36352,13647383,172,2169709,159,1757472
2021-08-16,128,1973573,0,61325,25512,13672895,147,2169856,174,1757646
2021-08-17,221,1973794,7,61332,48678,13721573,279,2170135,154,1757800
2021-08-18,208,1974002,1,61333,42300,13763873,260,2170395,93,1757893
2021-08-19,197,1974199,4,61337,38238,13802111,243,2170638,234,1758127
2021-08-20,212,1974411,4,61341,38847,13840958,262,2170900,232,1758359
2021-08-21,222,1974633,1,61342,44492,13885450,267,2171167,232,1758591
2021-08-22,185,1974818,0,61342,33497,13918947,230,2171397,188,1758779
2021-08-23,107,1974925,0,61342,22427,13941374,122,2171519,222,1759001
2021-08-24,233,1975158,8,61350,45477,13986851,276,2171795,191,1759192
2021-08-25,234,1975392,5,61355,40353,14027204,298,2172093,146,1759338
2021-08-26,251,1975643,3,61358,37768,14064972,291,2172384,244,1759582
2021-08-27,258,1975901,3,61361,37849,14102821,308,2172692,225,1759807
2021-08-28,290,1976191,5,61366,42825,14145646,354,2173046,218,1760025
2021-08-29,204,1976395,0,61366,31891,14177537,249,2173295,208,1760233
2021-08-30,151,1976546,0,61366,22077,14199614,181,2173476,232,1760465
2021-08-31,285,1976831,5,61371,44696,14244310,339,2173815,207,1760672
2021-09-01,366,1977197,13,61384,40879,14285189,454,2174269,147,1760819
2021-09-02,390,1977587,7,61391,39273,14324462,486,2174755,240,1761059
2021-09-03,349,1977936,5,61396,36549,14361011,410,2175165,263,1761322
2021-09-04,389,1978325,7,61403,41135,14402146,452,2175617,268,1761590
2021-09-05,324,1978649,0,61403,30119,14432265,361,2175978,252,1761842
2021-09-06,183,1978832,0,61403,21322,14453587,220,2176198,271,1762113
2021-09-07,406,1979238,13,61416,44329,14497916,512,2176710,243,1762356
2021-09-08,533,1979771,11,61427,39903,14537819,601,2177311,185,1762541
2021-09-09,510,1980281,6,61433,37704,14575523,593,2177904,307,1762848
2021-09-10,528,1980809,8,61441,39011,14614534,645,2178549,457,1763305
2021-09-11,530,1981339,8,61449,42428,14656962,620,2179169,361,1763666
2021-09-12,476,1981815,0,61449,30754,14687716,544,2179713,350,1764016
2021-09-13,269,1982084,0,61449,22440,14710156,309,2180022,383,1764399
2021-09-14,537,1982621,8,61457,45514,14755670,625,2180647,350,1764749
2021-09-15,767,1983388,21,61478,42883,14798553,875,2181522,202,1764951
2021-09-16,722,1984110,10,61488,40873,14839426,835,2182357,434,1765385
2021-09-17,652,1984762,8,61496,35959,14875385,736,2183093,498,1765883
2021-09-18,797,1985559,14,61510,42954,14918339,923,2184016,522,1766405
2021-09-19,540,1986099,1,61511,30978,14949317,610,2184626,532,1766937
2021-09-20,363,1986462,0,61511,22331,14971648,428,2185054,526,1767463
2021-09-21,711,1987173,15,61526,45337,15016985,862,2185916,498,1767961
2021-09-22,882,1988055,20,61546,42300,15059285,999,2186915,282,1768243
2021-09-23,974,1989029,14,61560,41707,15100992,1100,2188015,569,1768812
2021-09-24,813,1989842,14,61574,39962,15140954,926,2188941,783,1769595
2021-09-25,917,1990759,20,61594,42352,15183306,1037,2189978,716,1770311
2021-09-26,643,1991402,1,61595,29019,15212325,730,2190708,674,1770985
2021-09-27,421,1991823,0,61595,21347,15233672,495,2191203,758,1771743
2021-09-28,975,1992798,29,61624,46861,15280533,1124,2192327,623,1772366
2021-09-29,1234,1994032,22,61646,45858,15326391,1419,2193746,413,1772779
2021-09-30,1208,1995240,27,61673,39449,15365840,1355,2195101,748,1773527
2021-10-01,1362,1996602,16,61689,42843,15408683,1551,2196652,948,1774475
2021-10-02,1344,1997946,23,61712,42312,15450995,1525,2198177,994,1775469
2021-10-03,1090,1999036,6,61718,30175,15481170,1235,2199412,796,1776265
2021-10-04,684,1999720,0,61718,21583,15502753,795,2200207,848,1777113
2021-10-05,1325,2001045,46,61764,44692,15547445,1527,2201734,719,1777832
2021-10-06,2085,2003130,33,61797,43668,15591113,2319,2204053,491,1778323
2021-10-07,2007,2005137,29,61826,41142,15632255,2223,2206276,1038,1779361
2021-10-08,1895,2007032,31,61857,38494,15670749,2121,2208397,1264,1780625
2021-10-09,2012,2009044,29,61886,39397,15710146,2206,2210603,1273,1781898
2021-10-10,1527,2010571,5,61891,25846,15735992,1647,2212250,1259,1783157
2021-10-11,903,2011474,0,61891,21213,15757205,1037,2213287,1338,1784495
2021-10-12,2118,2013592,49,61940,42848,15800053,2381,2215668,1134,1785629
2021-10-13,2640,2016232,40,61980,44897,15844950,2921,2218589,763,1786392
2021-10-14,3000,2019232,60,62040,44889,15889839,3313,2221902,1427,1787819
2021-10-15,2771,2022003,49,62089,39863,15929702,3030,2224932,2039,1789858
2021-10-16,3236,2025239,44,62133,43645,15973347,3579,2228511,2017,1791875
2021-10-17,2523,2027762,1,62134,28697,16002044,2788,2231299,1946,1793821
2021-10-18,1537,2029299,3,62137,22364,16024408,1716,2233015,1924,1795745
2021-10-19,3931,2033230,64,62201,49403,16073811,4370,2237385,1615,1797360
2021-10-20,5559,2038789,75,62276,51086,16124897,6050,2243435,1013,1798373
2021-10-21,5592,2044381,46,62322,49649,16174546,6055,2249490,2158,1800531
2021-10-22,5706,2050087,59,62381,49537,16224083,6190,2255680,2727,1803258
2021-10-23,6274,2056361,75,62456,51957,16276040,6797,2262477,2952,1806210
2021-10-24,4728,2061089,13,62469,33781,16309821,5122,2267599,2810,1809020
2021-10-25,2950,2064039,0,62469,25515,16335336,3236,2270835,3039,1812059
2021-10-26,6265,2070304,93,62562,56611,16391947,6893,2277728,2612,1814671
2021-10-27,8361,2078665,133,62695,58862,16450809,9042,2286770,1647,1816318
2021-10-28,8378,2087043,101,62796,58849,16509658,9069,2295839,4047,1820365
2021-10-29,9387,2096430,102,62898,59181,16568839,10068,2305907,5419,1825784
2021-10-30,9798,2106228,115,63013,59956,16628795,10584,2316491,5706,1831490
2021-10-31,7145,2113373,9,63022,37777,16666572,7683,2324174,5456,1836946
2021-11-01,4894,2118267,13,63035,29091,16695663,5445,2329619,6424,1843370
2021-11-02,4514,2122781,9,63044,27951,16723614,5070,2334689,4386,1847756
2021-11-03,10429,2133210,124,63168,68383,16791997,11443,2346132,3279,1851035
2021-11-04,15515,2148725,250,63418,78757,16870754,16585,2362717,6536,1857571
2021-11-05,15904,2164629,152,63570,78683,16949437,17036,2379753,8495,1866066
2021-11-06,15190,2179819,186,63756,77986,17027423,16347,2396100,8839,1874905
2021-11-07,12493,2192312,24,63780,54721,17082144,13341,2409441,8626,1883531
2021-11-08,7316,2199628,3,63783,37270,17119414,7997,2417438,9569,1893100
2021-11-09,13644,2213272,220,64003,76080,17195494,14881,2432319,7587,1900687
2021-11-10,18550,2231822,269,64272,84377,17279871,19752,2452071,4886,1905573
2021-11-11,19074,2250896,274,64546,85369,17365240,20511,2472582,5219,1910792
2021-11-12,12965,2263861,31,64577,49375,17414615,13870,2486452,10473,1921265
2021-11-13,14292,2278153,266,64843,68903,17483518,15587,2502039,15831,1937096
2021-11-14,14442,2292595,46,64889,54865,17538383,15437,2517476,15308,1952404
2021-11-15,9512,2302107,12,64901,40933,17579316,10362,2527838,15189,1967593
2021-11-16,16590,2318697,282,65183,82760,17662076,18125,2545963,12833,1980426
2021-11-17,24239,2342936,463,65646,96830,17758906,26288,2572251,7737,1988163
2021-11-18,24882,2367818,370,66016,99507,17858413,26500,2598751,14014,2002177
2021-11-19,23242,2391060,403,66419,93729,17952142,24854,2623605,18371,2020548
2021-11-20,23414,2414474,382,66801,95486,18047628,25140,2648745,19697,2040245
2021-11-21,18883,2433357,41,66842,67381,18115009,20154,2668899,12654,2052899
2021-11-22,12334,2445691,8,66850,48557,18163566,13350,2682249,14728,2067627
2021-11-23,19936,2465627,398,67248,91012,18254578,21788,2704037,15079,2082706
2021-11-24,28380,2494007,460,67708,107192,18361770,30117,2734154,9554,2092260
2021-11-25,28128,2522135,497,68205,110915,18472685,30005,2764159,17494,2109754
2021-11-26,26735,2548870,421,68626,105682,18578367,28413,2792572,24394,2134148
2021-11-27,26182,2575052,378,69004,105167,18683534,28047,2820619,25484,2159632
2021-11-28,20576,2595628,51,69055,71569,18755103,21937,2842556,23150,2182782
2021-11-29,13115,2608743,18,69073,51167,18806270,14181,2856737,23232,2206014
2021-11-30,19074,2627817,526,69599,92732,18899002,20982,2877719,19646,2225660
2021-12-01,29064,2656881,570,70169,114112,19013114,31100,2908819,13464,2239124
2021-12-02,27356,2684237,502,70671,109011,19122125,29432,2938251,20990,2260114
2021-12-03,26965,2711202,470,71141,107963,19230088,28884,2967135,28179,2288293
2021-12-04,25576,2736778,502,71643,105963,19336051,27522,2994657,28967,2317260
2021-12-05,22389,2759167,45,71688,78533,19414584,23913,3018570,26618,2343878
2021-12-06,13250,2772417,25,71713,52286,19466870,14450,3033020,26465,2370343
2021-12-07,19366,2791783,504,72217,95015,19561885,21430,3054450,21152,2391495
2021-12-08,28542,2820325,592,72809,115051,19676936,30573,3085023,13568,2405063
2021-12-09,27458,2847783,562,73371,111604,19788540,29552,3114575,20498,2425561
2021-12-10,24991,2872774,571,73942,107666,19896206,26931,3141506,28686,2454247
2021-12-11,23764,2896538,486,74428,104369,20000575,25664,3167170,29427,2483674
2021-12-12,19452,2915990,65,74493,74661,20075236,20846,3188016,26540,2510214
2021-12-13,11379,2927369,29,74522,50202,20125438,12534,3200550,25983,2536197
2021-12-14,17460,2944829,537,75059,93798,20219236,19246,3219796,22950,2559147
2021-12-15,24266,2969095,669,75728,109502,20328738,26225,3246021,14068,2573215
2021-12-16,22097,2991192,592,76320,103928,20432666,23902,3269923,20914,2594129
2021-12-17,20027,3011219,566,76886,101839,20534505,21683,3291606,28060,2622189
2021-12-18,19397,3030616,543,77429,102299,20636804,21128,3312734,29265,2651454
2021-12-19,15976,3046592,70,77499,72684,20709488,17328,3330062,25045,2676499
2021-12-20,9609,3056201,29,77528,55001,20764489,10668,3340730,24044,2700543
2021-12-21,13806,3070007,538,78066,93279,20857768,15537,3356267,20283,2720826
2021-12-22,18021,3088028,775,78841,101743,20959511,19615,3375882,12254,2733080
2021-12-23,17156,3105184,616,79457,97860,21057371,18824,3394706,19225,2752305
2021-12-24,15392,3120576,596,80053,89629,21147000,17016,3411722,24781,2777086
2021-12-25,10788,3131364,269,80322,57371,21204371,11859,3423581,22270,2799356
2021-12-26,6252,3137616,16,80338,38390,21242761,7027,3430608,20338,2819694
2021-12-27,5029,3142645,38,80376,42126,21284887,5751,3436359,19554,2839248
2021-12-28,9843,3152488,549,80925,88433,21373320,11380,3447739,16795,2856043
2021-12-29,15571,3168059,794,81719,101582,21474902,17269,3465008,9881,2865924
2021-12-30,14325,3182384,709,82428,95608,21570510,15956,3480964,14648,2880572
2021-12-31,13601,3195985,638,83066,92923,21663433,15228,3496192,18587,2899159
2022-01-01,12032,3208017,505,83571,78964,21742397,13408,3509600,17480,2916639
2022-01-02,7179,3215196,33,83604,50768,21793165,8015,3517615,15615,2932254
2022-01-03,6422,3221618,9,83613,55752,21848917,7305,3524920,10559,2942813
2022-01-04,11670,3233288,433,84046,104130,21953047,13394,3538314,7061,2949874
2022-01-05,17196,3250484,632,84678,112988,22066035,19418,3557732,5658,2955532
2022-01-06,16576,3267060,646,85324,105419,22171454,18624,3576356,11393,2966925
2022-01-07,11902,3278962,117,85441,64683,22236137,13340,3589696,15221,2982146
2022-01-08,10900,3289862,292,85733,81276,22317413,12433,3602129,15155,2997301
2022-01-09,11106,3300968,22,85755,71136,22388549,12551,3614680,13797,3011098
2022-01-10,7785,3308753,19,85774,54783,22443332,8997,3623677,12932,3024030
2022-01-11,11406,3320159,493,86267,92447,22535779,13360,3637037,7328,3031358
2022-01-12,16173,3336332,684,86951,99423,22635202,18737,3655774,7175,3038533
2022-01-13,16878,3353210,481,87432,96833,22732035,19415,3675189,13290,3051823
2022-01-14,16047,3369257,423,87855,93018,22825053,18592,3693781,17774,3069597
2022-01-15,16896,3386153,429,88284,103702,22928755,19668,3713449,18059,3087656
2022-01-16,14667,3400820,35,88319,72940,23001695,16791,3730240,12312,3099968
2022-01-17,10445,3411265,4,88323,56014,23057709,12101,3742341,11834,3111802
2022-01-18,19652,3430917,377,88700,100527,23158236,23002,3765343,12137,3123939
2022-01-19,30586,3461503,375,89075,122345,23280581,35667,3801010,8652,3132591
2022-01-20,32835,3494338,315,89390,125082,23405663,38157,3839167,13097,3145688
2022-01-21,36665,3531003,248,89638,135321,23540984,42424,3881591,17493,3163181
2022-01-22,40876,3571879,193,89831,150984,23691968,47233,3928824,19215,3182396
2022-01-23,34088,3605967,25,89856,111241,23803209,39134,3967958,17511,3199907
2022-01-24,29100,3635067,2,89858,97455,23900664,33654,4001612,18849,3218756
2022-01-25,36995,3672062,252,90110,141880,24042544,43488,4045100,16406,3235162
2022-01-26,53420,3725482,276,90386,173487,24216031,62314,4107414,12277,3247439
2022-01-27,57659,3783141,262,90648,179498,24395529,67456,4174870,22709,3270148
2022-01-28,57262,3840403,271,90919,178308,24573837,66691,4241561,34233,3304381
2022-01-29,51695,3892098,231,91150,176130,24749967,60392,4301953,39348,3343729
2022-01-30,48251,3940349,23,91173,143752,24893719,55759,4357712,41427,3385156
2022-01-31,33480,3973829,33,91206,106663,25000382,39053,4396765,44853,3430009
2022-02-01,39114,4012943,239,91445,144318,25144700,46214,4442979,40035,3470044
2022-02-02,56051,4068994,318,91763,179820,25324520,65906,4508885,31423,3501467
2022-02-03,54477,4123471,307,92070,175104,25499624,64116,4573001,42442,3543909
2022-02-04,47534,4171005,246,92316,164121,25663745,56047,4629048,61578,3605487
2022-02-05,45749,4216754,272,92588,162816,25826561,53630,4682678,67202,3672689
2022-02-06,34703,4251457,19,92607,117174,25943735,40423,4723101,64773,3737462
2022-02-07,21980,4273437,10,92617,82826,26026561,25825,4748926,60545,3798007
2022-02-08,35960,4309397,286,92903,138531,26165092,38504,4787430,52526,3850533
2022-02-09,46872,4356269,310,93213,155601,26320693,49345,4836775,40462,3890995
2022-02-10,42095,4398364,262,93475,143520,26464213,44471,4881246,50942,3941937
2022-02-11,35777,4434141,290,93765,132332,26596545,38221,4919467,62674,4004611
2022-02-12,31331,4465472,333,94098,122924,26719469,33562,4953029,62137,4066748
2022-02-13,22070,4487542,31,94129,84749,26804218,23547,4976576,51877,4118625
2022-02-14,13473,4501015,17,94146,63895,26868113,14873,4991449,50738,4169363
2022-02-15,22267,4523282,378,94524,108446,26976559,24468,5015917,39183,4208546
2022-02-16,28859,4552141,372,94896,116307,27092866,31157,5047074,27733,4236279
2022-02-17,29229,4581370,316,95212,124598,27217464,32489,5079563,37174,4273453
2022-02-18,23990,4605360,304,95516,107006,27324470,26504,5106067,45950,4319403
2022-02-19,20902,4626262,283,95799,102077,27426547,23373,5129440,41747,4361150
2022-02-20,13687,4639949,25,95824,65689,27492236,15308,5144748,34560,4395710
2022-02-21,9589,4649538,16,95840,51975,27544211,10779,5155527,36343,4432053
2022-02-22,18792,4668330,325,96165,103170,27647381,21043,5176570,50344,4482397
2022-02-23,20456,4688786,360,96525,99674,27747055,22386,5198956,39872,4522269
2022-02-24,18282,4707068,341,96866,92480,27839535,19836,5218792,38112,4560381
2022-02-25,16724,4723792,198,97064,85743,27925278,18189,5236981,21368,4581749
2022-02-26,13960,4737752,221,97285,78097,28003375,15260,5252241,15155,4596904
2022-02-27,8902,4746654,40,97325,49801,28053176,9681,5261922,9753,4606657
2022-02-28,6564,4753218,1,97326,42701,28095877,7305,5269227,19888,4626545
2022-03-01,12984,4766202,269,97595,85962,28181839,14360,5283587,21361,4647906
2022-03-02,14737,4780939,277,97872,84281,28266120,16021,5299608,18556,4666462
2022-03-03,14068,4795007,266,98138,81091,28347211,15245,5314853,16804,4683266
2022-03-04,12483,4807490,206,98344,74313,28421524,13599,5328452,14520,4697786
2022-03-05,12737,4820227,199,98543,74365,28495889,13745,5342197,9870,4707656
2022-03-06,7697,4827924,10,98553,46844,28542733,8271,5350468,6643,4714299
2022-03-07,5585,4833509,6,98559,40897,28583630,6119,5356587,13929,4728228
2022-03-08,13152,4846661,217,98776,85341,28668971,14300,5370887,15392,4743620
2022-03-09,14415,4861076,234,99010,82039,28751010,15437,5386324,14261,4757881
2022-03-10,13438,4874514,184,99194,80543,28831553,14457,5400781,12907,4770788
2022-03-11,11637,4886151,121,99315,73125,28904678,12742,5413523,12749,4783537
2022-03-12,11116,4897267,127,99442,67915,28972593,11998,5425521,8525,4792062
2022-03-13,7580,4904847,10,99452,48952,29021545,8157,5433678,5947,4798009
2022-03-14,5298,4910145,1,99453,39358,29060903,5733,5439411,13682,4811691
2022-03-15,12695,4922840,178,99631,86990,29147893,13858,5453269,14582,4826273
2022-03-16,14480,4937320,151,99782,84722,29232615,15483,5468752,13623,4839896
2022-03-17,12274,4949594,207,99989,77878,29310493,13212,5481964,12297,4852193
2022-03-18,11660,4961254,107,100096,71696,29382189,12516,5494480,11253,4863446
2022-03-19,10379,4971633,119,100215,67566,29449755,11208,5505688,8222,4871668
2022-03-20,5696,4977329,12,100227,40661,29490416,6128,5511816,5634,4877302
2022-03-21,4165,4981494,3,100230,35871,29526287,4561,5516377,13157,4890459
2022-03-22,10149,4991643,133,100363,77544,29603831,11195,5527572,14663,4905122
2022-03-23,10437,5002080,124,100487,73690,29677521,11423,5538995,12566,4917688
2022-03-24,8994,5011074,146,100633,68314,29745835,9797,5548792,11687,4929375
2022-03-25,8241,5019315,110,100743,64753,29810588,9033,5557825,10482,4939857
2022-03-26,6633,5025948,85,100828,57983,29868571,7256,5565081,6553,4946410
2022-03-27,3494,5029442,7,100835,34754,29903325,3870,5568951,4340,4950750
2022-03-28,2368,5031810,1,100836,31122,29934447,2666,5571617,10588,4961338
2022-03-29,6608,5038418,110,100946,66403,30000850,7425,5579042,10922,4972260
2022-03-30,5742,5044160,101,101047,56731,30057581,6386,5585428,11287,4983547
2022-03-31,4997,5049157,133,101180,54697,30112278,5734,5591162,7784,4991331
2022-04-01,4053,5053210,74,101254,48745,30161023,4777,5595939,6271,4997602
2022-04-02,2103,5055313,96,101350,26210,30187233,2508,5598447,3068,5000670
2022-04-03,557,5055870,2,101352,10982,30198215,889,5599336,1381,5002051
2022-04-04,493,5056363,0,101352,10337,30208552,683,5600019,43,5002094
2022-04-05,1891,5058254,50,101402,24169,30232721,2325,5602344,123,5002217
2022-04-06,1571,5059825,77,101479,21197,30253918,1955,5604299,78,5002295
2022-04-07,1487,5061312,64,101543,20560,30274478,1867,5606166,121,5002416
2022-04-08,1330,5062642,58,101601,18460,30292938,1769,5607935,98,5002514
2022-04-09,1414,5064056,41,101642,17871,30310809,1768,5609703,95,5002609
2022-04-10,440,5064496,0,101642,8131,30318940,593,5610296,33,5002642
2022-04-11,381,5064877,0,101642,6650,30325590,448,5610744,26,5002668
2022-04-12,1623,5066500,61,101703,18798,30344388,1945,5612689,117,5002785
2022-04-13,1269,5067769,40,101743,16869,30361257,1495,5614184,84,5002869
2022-04-14,1186,5068955,39,101782,15501,30376758,1505,5615689,73,5002942
2022-04-15,1201,5070156,34,101816,14101,30390859,1567,5617256,102,5003044
2022-04-16,1078,5071234,29,101845,13248,30404107,1314,5618570,64,5003108
2022-04-17,312,5071546,0,101845,5675,30409782,376,5618946,35,5003143
2022-04-18,266,5071812,0,101845,4614,30414396,309,5619255,24,5003167
2022-04-19,304,5072116,0,101845,6187,30420583,357,5619612,17,5003184
2022-04-20,1527,5073643,31,101876,21137,30441720,1804,5621416,89,5003273
2022-04-21,1178,5074821,30,101906,15248,30456968,1363,5622779,70,5003343
2022-04-22,1097,5075918,27,101933,14387,30471355,1231,5624010,72,5003415
2022-04-23,1240,5077158,22,101955,14674,30486029,1396,5625406,68,5003483
2022-04-24,344,5077502,0,101955,6940,30492969,405,5625811,35,5003518
2022-04-25,267,5077769,0,101955,5840,30498809,322,5626133,24,5003542
2022-04-26,1356,5079125,29,101984,16332,30515141,1558,5627691,71,5003613
2022-04-27,1041,5080166,21,102005,15087,30530228,1181,5628872,74,5003687
2022-04-28,958,5081124,24,102029,13856,30544084,1088,5629960,73,5003760
2022-04-29,857,5081981,20,102049,14117,30558201,986,5630946,63,5003823
2022-04-30,842,5082823,17,102066,14308,30572509,964,5631910,61,5003884
2022-05-01,234,5083057,0,102066,7434,30579943,275,5632185,33,5003917
2022-05-02,188,5083245,0,102066,5217,30585160,226,5632411,25,5003942
2022-05-03,890,5084135,10,102076,11107,30596267,1020,5633431,37,5003979
2022-05-04,173,5084308,1,102077,4856,30601123,201,5633632,12,5003991
2022-05-05,912,5085220,29,102106,12423,30613546,1046,5634678,57,5004048
2022-05-06,611,5085831,25,102131,11205,30624751,719,5635397,42,5004090
2022-05-07,704,5086535,14,102145,10931,30635682,800,5636197,52,5004142
2022-05-08,199,5086734,0,102145,6009,30641691,239,5636436,26,5004168
2022-05-09,184,5086918,0,102145,4906,30646597,211,5636647,14,5004182
2022-05-10,727,5087645,12,102157,11899,30658496,842,5637489,50,5004232
2022-05-11,566,5088211,15,102172,9954,30668450,686,5638175,32,5004264
2022-05-12,500,5088711,11,102183,9835,30678285,586,5638761,45,5004309
2022-05-13,469,5089180,11,102194,9993,30688278,545,5639306,40,5004349
2022-05-14,434,5089614,21,102215,10220,30698498,514,5639820,32,5004381
2022-05-15,139,5089753,0,102215,5941,30704439,170,5639990,12,5004393
2022-05-16,95,5089848,0,102215,4577,30709016,111,5640101,21,5004414
2022-05-17,512,5090360,10,102225,10674,30719690,596,5640697,27,5004441
2022-05-18,388,5090748,13,102238,9765,30729455,442,5641139,23,5004464
2022-05-19,359,5091107,12,102250,9358,30738813,422,5641561,33,5004497
2022-05-20,315,5091422,13,102263,9101,30747914,375,5641936,19,5004516
2022-05-21,336,5091758,13,102276,9128,30757042,392,5642328,34,5004550
2022-05-22,95,5091853,0,102276,5265,30762307,109,5642437,12,5004562
2022-05-23,65,5091918,0,102276,4853,30767160,87,5642524,12,5004574
2022-05-24,420,5092338,16,102292,9770,30776930,491,5643015,29,5004603
2022-05-25,284,5092622,6,102298,8469,30785399,317,5643332,48,5004651
2022-05-26,249,5092871,9,102307,7879,30793278,301,5643633,33,5004684
2022-05-27,262,5093133,6,102313,7746,30801024,313,5643946,26,5004710
2022-05-28,264,5093397,6,102319,8512,30809536,304,5644250,24,5004734
2022-05-29,83,5093480,0,102319,5995,30815531,102,5644352,5,5004739
2022-05-30,83,5093563,0,102319,4321,30819852,101,5644453,10,5004749
2022-05-31,346,5093909,7,102326,9185,30829037,407,5644860,17,5004766
2022-06-01,256,5094165,7,102333,8305,30837342,303,5645163,15,5004781
2022-06-02,220,5094385,7,102340,5997,30843339,251,5645414,23,5004804
2022-06-03,236,5094621,4,102344,5563,30848902,258,5645672,18,5004822
2022-06-04,254,5094875,11,102355,5598,30854500,290,5645962,32,5004854
2022-06-05,62,5094937,0,102355,3198,30857698,69,5646031,6,5004860
2022-06-06,53,5094990,0,102355,2813,30860511,65,5646096,12,5004872
2022-06-07,339,5095329,6,102361,5878,30866389,372,5646468,9,5004881
2022-06-08,204,5095533,7,102368,5133,30871522,229,5646697,15,5004896
2022-06-09,274,5095807,6,102374,5470,30876992,305,5647002,12,5004908
2022-06-10,247,5096054,1,102375,5263,30882255,276,5647278,9,5004917
2022-06-11,263,5096317,2,102377,5543,30887798,290,5647568,5,5004922
2022-06-12,56,5096373,0,102377,3002,30890800,67,5647635,6,5004928
2022-06-13,45,5096418,0,102377,2158,30892958,50,5647685,7,5004935
2022-06-14,321,5096739,9,102386,5148,30898106,357,5648042,7,5004942
2022-06-15,234,5096973,7,102393,4315,30902421,278,5648320,10,5004952
2022-06-16,228,5097201,3,102396,4518,30906939,260,5648580,17,5004969
2022-06-17,48,5097249,0,102396,1741,30908680,60,5648640,3,5004972
2022-06-18,255,5097504,3,102399,3965,30912645,294,5648934,7,5004979
2022-06-19,65,5097569,0,102399,2208,30914853,71,5649005,9,5004988
2022-06-20,47,5097616,0,102399,1674,30916527,54,5649059,5,5004993
2022-06-21,374,5097990,7,102406,4754,30921281,415,5649474,11,5005004
2022-06-22,324,5098314,4,102410,4044,30925325,356,5649830,5,5005009
2022-06-23,306,5098620,1,102411,4098,30929423,338,5650168,13,5005022
2022-06-24,348,5098968,7,102418,4131,30933554,369,5650537,13,5005035
2022-06-25,344,5099312,5,102423,3735,30937289,378,5650915,6,5005041
2022-06-26,97,5099409,0,102423,2231,30939520,107,5651022,4,5005045
2022-06-27,88,5099497,0,102423,1806,30941326,97,5651119,5,5005050
2022-06-28,696,5100193,3,102426,5238,30946564,742,5651861,5,5005055
2022-06-29,545,5100738,4,102430,4474,30951038,584,5652445,5,5005060
2022-06-30,589,5101327,0,102430,4892,30955930,627,5653072,6,5005066
2022-07-01,643,5101970,5,102435,4668,30960598,685,5653757,11,5005077
2022-07-02,616,5102586,6,102441,4421,30965019,668,5654425,10,5005087
2022-07-03,158,5102744,0,102441,2549,30967568,184,5654609,6,5005093
2022-07-04,119,5102863,0,102441,1843,30969411,129,5654738,5,5005098
2022-07-05,1075,5103938,2,102443,6039,30975450,1125,5655863,6,5005104
2022-07-06,964,5104902,3,102446,5361,30980811,1026,5656889,6,5005110
2022-07-07,1068,5105970,9,102455,5551,30986362,1149,5658038,6,5005116
2022-07-08,1046,5107016,0,102455,5385,30991747,1119,5659157,8,5005124
2022-07-09,1264,5108280,4,102459,5887,30997634,1351,5660508,6,5005130
2022-07-10,284,5108564,0,102459,2390,31000024,309,5660817,3,5005133
2022-07-11,227,5108791,0,102459,2047,31002071,245,5661062,4,5005137
2022-07-12,2035,5110826,5,102464,7648,31009719,2140,5663202,8,5005145
2022-07-13,1647,5112473,6,102470,6473,31016192,1752,5664954,9,5005154
2022-07-14,1840,5114313,4,102474,7111,31023303,1958,5666912,10,5005164
2022-07-15,1974,5116287,2,102476,7179,31030482,2083,5668995,20,5005184
2022-07-16,2131,5118418,0,102476,7532,31038014,2262,5671257,5,5005189
2022-07-17,397,5118815,0,102476,2582,31040596,447,5671704,8,5005197
2022-07-18,319,5119134,0,102476,2191,31042787,349,5672053,1,5005198
2022-07-19,3251,5122385,5,102481,9915,31052702,3402,5675455,12,5005210
2022-07-20,2853,5125238,11,102492,8931,31061633,3033,5678488,13,5005223
2022-07-21,2999,5128237,6,102498,9455,31071088,3158,5681646,10,5005233
2022-07-22,3038,5131275,6,102504,9461,31080549,3242,5684888,16,5005249
2022-07-23,3493,5134768,12,102516,9881,31090430,3686,5688574,10,5005259
2022-07-24,642,5135410,0,102516,3539,31093969,701,5689275,3,5005262
2022-07-25,589,5135999,0,102516,2981,31096950,638,5689913,2,5005264
2022-07-26,5108,5141107,14,102530,13304,31110254,5388,5695301,1,5005265
2022-07-27,3721,5144828,11,102541,11132,31121386,3970,5699271,2,5005267
2022-07-28,3514,5148342,12,102553,10671,31132057,3757,5703028,0,5005267
2022-07-29,3391,5151733,9,102562,10340,31142397,3618,5706646,4,5005271
2022-07-30,3687,5155420,14,102576,10814,31153211,3942,5710588,7,5005278
2022-07-31,651,5156071,0,102576,3505,31156716,704,5711292,6,5005284
2022-08-01,618,5156689,0,102576,2940,31159656,673,5711965,5,5005289
2022-08-02,5649,5162338,22,102598,14218,31173874,5942,5717907,5,5005294
2022-08-03,4479,5166817,16,102614,11856,31185730,4758,5722665,4,5005298
2022-08-04,4481,5171298,20,102634,12175,31197905,4713,5727378,5,5005303
2022-08-05,4295,5175593,17,102651,11815,31209720,4541,5731919,3,5005306
2022-08-06,4410,5180003,15,102666,11628,31221348,4669,5736588,4,5005310
2022-08-07,698,5180701,0,102666,3069,31224417,764,5737352,7,5005317
2022-08-08,599,5181300,0,102666,2712,31227129,660,5738012,4,5005321
2022-08-09,5964,5187264,26,102692,14907,31242036,6303,5744315,3,5005324
2022-08-10,4482,5191746,31,102723,12221,31254257,4761,5749076,1,5005325
2022-08-11,4321,5196067,20,102743,12268,31266525,4594,5753670,4,5005329
2022-08-12,4226,5200293,14,102757,12067,31278592,4528,5758198,2,5005331
2022-08-13,4642,5204935,22,102779,12403,31290995,4960,5763158,8,5005339
2022-08-14,775,5205710,0,102779,3605,31294600,871,5764029,9,5005348
2022-08-15,772,5206482,0,102779,3337,31297937,873,5764902,9,5005357
2022-08-16,807,5207289,0,102779,3673,31301610,898,5765800,4,5005361
2022-08-17,7175,5214464,25,102804,17065,31318675,7564,5773364,12,5005373
2022-08-18,5271,5219735,28,102832,13578,31332253,5583,5778947,19,5005392
2022-08-19,4819,5224554,34,102866,12840,31345093,5090,5784037,8,5005400
2022-08-20,4827,5229381,21,102887,12682,31357775,5139,5789176,18,5005418
2022-08-21,766,5230147,0,102887,3746,31361521,831,5790007,10,5005428
2022-08-22,722,5230869,0,102887,3452,31364973,778,5790785,4,5005432
2022-08-23,6176,5237045,28,102915,15688,31380661,6528,5797313,0,5005432
2022-08-24,4397,5241442,27,102942,12783,31393444,4665,5801978,0,5005432
2022-08-25,3852,5245294,31,102973,12056,31405500,4122,5806100,0,5005432
2022-08-26,3852,5249146,40,103013,11501,31417001,4130,5810230,0,5005432
2022-08-27,3934,5253080,23,103036,11034,31428035,4179,5814409,0,5005432
2022-08-28,608,5253688,0,103036,3399,31431434,654,5815063,0,5005432
2022-08-29,556,5254244,0,103036,3241,31434675,623,5815686,0,5005432
2022-08-30,5306,5259550,29,103065,15299,31449974,5611,5821297,0,5005432
2022-08-31,3840,5263390,34,103099,12723,31462697,4127,5825424,0,5005432
2022-09-01,3342,5266732,26,103125,10778,31473475,3573,5828997,0,5005432
2022-09-02,3454,5270186,11,103136,12090,31485565,3701,5832698,0,5005432
2022-09-03,3275,5273461,23,103159,10669,31496234,3488,5836186,0,5005432
2022-09-04,502,5273963,0,103159,3046,31499280,557,5836743,0,5005432
2022-09-05,480,5274443,0,103159,2663,31501943,531,5837274,0,5005432
2022-09-06,5845,5280288,21,103180,15732,31517675,6124,5843398,0,5005432
2022-09-07,4450,5284738,20,103200,12540,31530215,4638,5848036,0,5005432
2022-09-08,4227,5288965,25,103225,12734,31542949,4434,5852470,0,5005432
2022-09-09,4556,5293521,14,103239,13166,31556115,4744,5857214,0,5005432
2022-09-10,4973,5298494,19,103258,13764,31569879,5202,5862416,0,5005432
2022-09-11,648,5299142,0,103258,3390,31573269,700,5863116,0,5005432
2022-09-12,659,5299801,0,103258,3278,31576547,718,5863834,0,5005432
2022-09-13,7876,5307677,28,103286,20350,31596897,8174,5872008,0,5005432
2022-09-14,6134,5313811,19,103305,16802,31613699,6359,5878367,0,5005432
2022-09-15,5861,5319672,17,103322,17029,31630728,6155,5884522,0,5005432
2022-09-16,5431,5325103,25,103347,16001,31646729,5688,5890210,0,5005432
2022-09-17,5435,5330538,10,103357,15642,31662371,5710,5895920,0,5005432
2022-09-18,675,5331213,0,103357,3371,31665742,737,5896657,0,5005432
2022-09-19,720,5331933,0,103357,3557,31669299,777,5897434,0,5005432
2022-09-20,7677,5339610,16,103373,22755,31692054,8104,5905538,0,5005432
2022-09-21,5637,5345247,25,103398,18101,31710155,5933,5911471,0,5005432
2022-09-22,4945,5350192,21,103419,16452,31726607,5250,5916721,0,5005432
2022-09-23,4438,5354630,19,103438,15352,31741959,4696,5921417,0,5005432
2022-09-24,4534,5359164,25,103463,14812,31756771,4847,5926264,0,5005432
2022-09-25,741,5359905,0,103463,3744,31760515,818,5927082,0,5005432
2022-09-26,731,5360636,0,103463,3738,31764253,805,5927887,0,5005432
2022-09-27,6484,5367120,25,103488,20991,31785244,6818,5934705,0,5005432
2022-09-28,4879,5371999,28,103516,17546,31802790,5199,5939904,0,5005432
2022-09-29,4275,5376274,30,103546,15260,31818050,4548,5944452,0,5005432
2022-09-30,3890,5380164,30,103576,15198,31833248,4232,5948684,0,5005432
2022-10-01,3568,5383732,29,103605,13444,31846692,3837,5952521,0,5005432
2022-10-02,308,5384040,0,103605,1978,31848670,352,5952873,0,5005432
2022-10-03,226,5384266,0,103605,1832,31850502,265,5953138,0,5005432
2022-10-04,4619,5388885,33,103638,16112,31866614,4925,5958063,0,5005432
2022-10-05,3194,5392079,29,103667,13510,31880124,3417,5961480,0,5005432
2022-10-06,2889,5394968,42,103709,12332,31892456,3088,5964568,0,5005432
2022-10-07,2629,5397597,41,103750,11336,31903792,2829,5967397,0,5005432
2022-10-08,3743,5401340,13,103763,18371,31922163,4143,5971540,0,5005432
2022-10-09,463,5401803,0,103763,3492,31925655,527,5972067,0,5005432
2022-10-10,386,5402189,0,103763,2939,31928594,439,5972506,0,5005432
2022-10-11,3295,5405484,45,103808,15596,31944190,3589,5976095,0,5005432
2022-10-12,2362,5407846,22,103830,12389,31956579,2574,5978669,0,5005432
2022-10-13,1910,5409756,24,103854,11062,31967641,2116,5980785,0,5005432
2022-10-14,1748,5411504,22,103876,10446,31978087,1932,5982717,0,5005432
2022-10-15,1594,5413098,31,103907,9547,31987634,1768,5984485,0,5005432
2022-10-16,303,5413401,0,103907,2756,31990390,344,5984829,0,5005432
2022-10-17,285,5413686,0,103907,2826,31993216,325,5985154,0,5005432
2022-10-18,2261,5415947,31,103938,13279,32006495,2493,5987647,0,5005432
2022-10-19,1613,5417560,42,103980,12120,32018615,1771,5989418,0,5005432
2022-10-20,1519,5419079,18,103998,9799,32028414,1658,5991076,0,5005432
2022-10-21,1170,5420249,24,104022,8442,32036856,1290,5992366,0,5005432
2022-10-22,1118,5421367,14,104036,8172,32045028,1241,5993607,0,5005432
2022-10-23,181,5421548,0,104036,2581,32047609,206,5993813,0,5005432
2022-10-24,173,5421721,0,104036,2842,32050451,212,5994025,0,5005432
2022-10-25,1476,5423197,21,104057,11266,32061717,1642,5995667,0,5005432
2022-10-26,1024,5424221,23,104080,9279,32070996,1119,5996786,0,5005432
2022-10-27,976,5425197,22,104102,8694,32079690,1097,5997883,0,5005432
2022-10-28,791,5425988,12,104114,7806,32087496,883,5998766,0,5005432
2022-10-29,806,5426794,17,104131,7162,32094658,919,5999685,0,5005432
2022-10-30,158,5426952,0,104131,2426,32097084,179,5999864,0,5005432
2022-10-31,150,5427102,0,104131,2429,32099513,167,6000031,0,5005432
2022-11-01,862,5427964,7,104138,7855,32107368,962,6000993,0,5005432
2022-11-02,153,5428117,0,104138,2233,32109601,171,6001164,0,5005432
2022-11-03,955,5429072,12,104150,9384,32118985,1040,6002204,0,5005432
2022-11-04,693,5429765,14,104164,7882,32126867,767,6002971,0,5005432
2022-11-05,578,5430343,13,104177,7224,32134091,662,6003633,0,5005432
2022-11-06,100,5430443,0,104177,2464,32136555,132,6003765,0,5005432
2022-11-07,130,5430573,0,104177,2490,32139045,146,6003911,0,5005432
2022-11-08,746,5431319,8,104185,8847,32147892,810,6004721,0,5005432
2022-11-09,538,5431857,17,104202,7274,32155166,587,6005308,0,5005432
2022-11-10,492,5432349,10,104212,6525,32161691,568,6005876,0,5005432
2022-11-11,476,5432825,5,104217,5894,32167585,533,6006409,0,5005432
2022-11-12,73,5432898,0,104217,1921,32169506,90,6006499,0,5005432
2022-11-13,84,5432982,0,104217,2123,32171629,90,6006589,0,5005432
2022-11-14,85,5433067,0,104217,2153,32173782,103,6006692,0,5005432
2022-11-15,688,5433755,17,104234,8329,32182111,738,6007430,0,5005432
2022-11-16,506,5434261,15,104249,7044,32189155,555,6007985,0,5005432
2022-11-17,432,5434693,10,104259,6346,32195501,491,6008476,0,5005432
2022-11-18,359,5435052,15,104274,6186,32201687,404,6008880,0,5005432
2022-11-19,392,5435444,7,104281,5504,32207191,444,6009324,0,5005432
2022-11-20,71,5435515,0,104281,1902,32209093,82,6009406,0,5005432
2022-11-21,86,5435601,0,104281,2116,32211209,97,6009503,0,5005432
2022-11-22,597,5436198,8,104289,7616,32218825,664,6010167,0,5005432
2022-11-23,449,5436647,10,104299,6566,32225391,500,6010667,0,5005432
2022-11-24,454,5437101,4,104303,6526,32231917,496,6011163,0,5005432
2022-11-25,390,5437491,2,104305,5699,32237616,438,6011601,0,5005432
2022-11-26,421,5437912,8,104313,5482,32243098,481,6012082,0,5005432
2022-11-27,78,5437990,0,104313,2259,32245357,91,6012173,0,5005432
2022-11-28,94,5438084,0,104313,1998,32247355,104,6012277,0,5005432
2022-11-29,763,5438847,7,104320,7748,32255103,821,6013098,0,5005432
2022-11-30,584,5439431,6,104326,6972,32262075,642,6013740,0,5005432
2022-12-01,555,5439986,9,104335,6543,32268618,606,6014346,0,5005432
2022-12-02,542,5440528,4,104339,6338,32274956,586,6014932,0,5005432
2022-12-03,448,5440976,8,104347,5458,32280414,502,6015434,0,5005432
2022-12-04,105,5441081,0,104347,2282,32282696,115,6015549,0,5005432
2022-12-05,109,5441190,0,104347,1981,32284677,122,6015671,0,5005432
2022-12-06,913,5442103,7,104354,8287,32292964,994,6016665,0,5005432
2022-12-07,658,5442761,4,104358,6997,32299961,704,6017369,0,5005432
2022-12-08,648,5443409,15,104373,6872,32306833,698,6018067,0,5005432
2022-12-09,250,5443659,6,104379,4404,32311237,319,6018386,0,5005432
2022-12-10,388,5444047,11,104390,7293,32318530,460,6018846,0,5005432
2022-12-11,123,5444170,0,104390,2238,32320768,138,6018984,0,5005432
2022-12-12,211,5444381,0,104390,2750,32323518,235,6019219,0,5005432
2022-12-13,1089,5445470,7,104397,10528,32334046,1176,6020395,0,5005432
2022-12-14,771,5446241,6,104403,8276,32342322,845,6021240,0,5005432
2022-12-15,685,5446926,17,104420,7783,32350105,749,6021989,0,5005432
2022-12-16,604,5447530,7,104427,7202,32357307,677,6022666,0,5005432
2022-12-17,621,5448151,10,104437,6920,32364227,690,6023356,0,5005432
2022-12-18,124,5448275,0,104437,2377,32366604,137,6023493,0,5005432
2022-12-19,130,5448405,0,104437,2537,32369141,145,6023638,0,5005432
2022-12-20,886,5449291,7,104444,9879,32379020,991,6024629,0,5005432
2022-12-21,725,5450016,12,104456,7904,32386924,796,6025425,0,5005432
2022-12-22,720,5450736,4,104460,8260,32395184,802,6026227,0,5005432
2022-12-23,661,5451397,15,104475,7273,32402457,749,6026976,0,5005432
2022-12-24,650,5452047,8,104483,6444,32408901,710,6027686,0,5005432
2022-12-25,119,5452166,0,104483,2502,32411403,136,6027822,0,5005432
2022-12-26,162,5452328,0,104483,2889,32414292,183,6028005,0,5005432
2022-12-27,181,5452509,0,104483,2817,32417109,207,6028212,0,5005432
2022-12-28,803,5453312,6,104489,9691,32426800,911,6029123,0,5005432
2022-12-29,602,5453914,22,104511,7200,32434000,678,6029801,0,5005432
2022-12-30,635,5454549,9,104520,7744,32441744,710,6030511,0,5005432
2022-12-31,623,5455172,21,104541,6942,32448686,698,6031209,0,5005432
2023-01-01,154,5455326,0,104541,2528,32451214,171,6031380,0,5005432
2023-01-02,118,5455444,0,104541,2701,32453915,130,6031510,0,5005432
2023-01-03,693,5456137,13,104554,8612,32462527,787,6032297,0,5005432
2023-01-04,570,5456707,9,104563,7217,32469744,665,6032962,0,5005432
2023-01-05,526,5457233,12,104575,7035,32476779,612,6033574,0,5005432
2023-01-06,463,5457696,19,104594,5869,32482648,532,6034106,0,5005432
2023-01-07,120,5457816,0,104594,2554,32485202,153,6034259,0,5005432
2023-01-08,143,5457959,0,104594,2457,32487659,162,6034421,0,5005432
2023-01-09,103,5458062,0,104594,2300,32489959,124,6034545,0,5005432
2023-01-10,504,5458566,15,104609,7253,32497212,596,6035141,0,5005432
2023-01-11,370,5458936,14,104623,5577,32502789,416,6035557,0,5005432
2023-01-12,342,5459278,18,104641,5007,32507796,383,6035940,0,5005432
2023-01-13,324,5459602,7,104648,4914,32512710,369,6036309,0,5005432
2023-01-14,340,5459942,11,104659,4420,32517130,388,6036697,0,5005432
2023-01-15,77,5460019,0,104659,2023,32519153,90,6036787,0,5005432
2023-01-16,55,5460074,0,104659,1818,32520971,65,6036852,0,5005432
2023-01-17,514,5460588,9,104668,5850,32526821,580,6037432,0,5005432
2023-01-18,378,5460966,6,104674,4907,32531728,425,6037857,0,5005432
2023-01-19,388,5461354,9,104683,4395,32536123,443,6038300,0,5005432
2023-01-20,331,5461685,3,104686,4577,32540700,377,6038677,0,5005432
2023-01-21,415,5462100,3,104689,4079,32544779,457,6039134,0,5005432
2023-01-22,73,5462173,0,104689,1674,32546453,84,6039218,0,5005432
2023-01-23,65,5462238,0,104689,1747,32548200,74,6039292,0,5005432
2023-01-24,687,5462925,15,104704,5416,32553616,726,6040018,0,5005432
2023-01-25,494,5463419,6,104710,4793,32558409,541,6040559,0,5005432
2023-01-26,532,5463951,3,104713,4522,32562931,573,6041132,0,5005432
2023-01-27,540,5464491,8,104721,4235,32567166,585,6041717,0,5005432
2023-01-28,520,5465011,2,104723,4172,32571338,565,6042282,0,5005432
2023-01-29,50,5465061,0,104723,1064,32572402,53,6042335,0,5005432
2023-01-30,53,5465114,0,104723,1306,32573708,65,6042400,0,5005432
2023-01-31,989,5466103,12,104735,5654,32579362,1068,6043468,0,5005432
2023-02-01,836,5466939,9,104744,5273,32584635,877,6044345,0,5005432
2023-02-02,811,5467750,4,104748,4406,32589041,856,6045201,0,5005432
2023-02-03,1124,5468874,3,104751,10743,32599784,1239,6046440,0,5005432
2023-02-04,820,5469694,5,104756,5269,32605053,895,6047335,0,5005432
2023-02-05,121,5469815,0,104756,1631,32606684,140,6047475,0,5005432
2023-02-06,129,5469944,0,104756,1816,32608500,145,6047620,0,5005432
2023-02-07,1447,5471391,6,104762,7032,32615532,1565,6049185,0,5005432
2023-02-08,1211,5472602,8,104770,5931,32621463,1279,6050464,0,5005432
2023-02-09,1170,5473772,5,104775,5886,32627349,1264,6051728,0,5005432
2023-02-10,1179,5474951,8,104783,5397,32632746,1242,6052970,0,5005432
2023-02-11,1350,5476301,4,104787,5935,32638681,1437,6054407,0,5005432
2023-02-12,169,5476470,0,104787,1862,32640543,188,6054595,0,5005432
2023-02-13,200,5476670,0,104787,1844,32642387,217,6054812,0,5005432
2023-02-14,2317,5478987,6,104793,8275,32650662,2438,6057250,0,5005432
2023-02-15,1876,5480863,15,104808,7236,32657898,1967,6059217,0,5005432
2023-02-16,1977,5482840,9,104817,6999,32664897,2102,6061319,0,5005432
2023-02-17,1923,5484763,8,104825,6627,32671524,2031,6063350,0,5005432
2023-02-18,2030,5486793,9,104834,7072,32678596,2177,6065527,0,5005432
2023-02-19,280,5487073,0,104834,2026,32680622,300,6065827,0,5005432
2023-02-20,280,5487353,0,104834,2242,32682864,307,6066134,0,5005432
2023-02-21,3431,5490784,7,104841,10481,32693345,3635,6069769,0,5005432
2023-02-22,2770,5493554,7,104848,8323,32701668,2916,6072685,0,5005432
2023-02-23,2813,5496367,10,104858,8499,32710167,2956,6075641,0,5005432
2023-02-24,2655,5499022,10,104868,8244,32718411,2820,6078461,0,5005432
2023-02-25,2595,5501617,8,104876,8090,32726501,2815,6081276,0,5005432
2023-02-26,427,5502044,0,104876,2650,32729151,476,6081752,0,5005432
2023-02-27,432,5502476,0,104876,2399,32731550,472,6082224,0,5005432
2023-02-28,3772,5506248,16,104892,10469,32742019,4016,6086240,0,5005432
2023-03-01,2992,5509240,14,104906,9028,32751047,3229,6089469,0,5005432
2023-03-02,3036,5512276,26,104932,8516,32759563,3200,6092669,0,5005432
2023-03-03,3291,5515567,17,104949,9565,32769128,3505,6096174,0,5005432
2023-03-04,3112,5518679,11,104960,9213,32778341,3293,6099467,0,5005432
2023-03-05,427,5519106,0,104960,2433,32780774,472,6099939,0,5005432
2023-03-06,450,5519556,0,104960,2614,32783388,518,6100457,0,5005432
2023-03-07,4833,5524389,18,104978,13188,32796576,5144,6105601,0,5005432
2023-03-08,3907,5528296,19,104997,10675,32807251,4125,6109726,0,5005432
2023-03-09,3462,5531758,21,105018,9931,32817182,3701,6113427,0,5005432
2023-03-10,3621,5535379,6,105024,10371,32827553,3843,6117270,0,5005432
2023-03-11,3633,5539012,14,105038,10241,32837794,3915,6121185,0,5005432
2023-03-12,479,5539491,0,105038,2707,32840501,525,6121710,0,5005432
2023-03-13,535,5540026,0,105038,3005,32843506,593,6122303,0,5005432
2023-03-14,5083,5545109,16,105054,14650,32858156,5443,6127746,0,5005432
2023-03-15,4071,5549180,26,105080,12023,32870179,4292,6132038,0,5005432
2023-03-16,3661,5552841,29,105109,11249,32881428,3926,6135964,0,5005432
2023-03-17,3364,5556205,8,105117,10716,32892144,3606,6139570,0,5005432
2023-03-18,3203,5559408,27,105144,10337,32902481,3470,6143040,0,5005432
2023-03-19,430,5559838,0,105144,2619,32905100,477,6143517,0,5005432
2023-03-20,393,5560231,2,105146,2895,32907995,456,6143973,0,5005432
2023-03-21,4203,5564434,32,105178,13470,32921465,4548,6148521,0,5005432
2023-03-22,3048,5567482,29,105207,10603,32932068,3277,6151798,0,5005432
2023-03-23,2724,5570206,17,105224,9916,32941984,2934,6154732,0,5005432
2023-03-24,2353,5572559,15,105239,9011,32950995,2559,6157291,0,5005432
2023-03-25,2359,5574918,13,105252,8956,32959951,2588,6159879,0,5005432
2023-03-26,303,5575221,1,105253,2463,32962414,332,6160211,0,5005432
2023-03-27,329,5575550,0,105253,2740,32965154,376,6160587,0,5005432
2023-03-28,2716,5578266,20,105273,10884,32976038,2949,6163536,0,5005432
2023-03-29,1763,5580029,31,105304,8319,32984357,1925,6165461,0,5005432
2023-03-30,1541,5581570,34,105338,7574,32991931,1715,6167176,0,5005432
2023-03-31,1461,5583031,16,105354,7225,32999156,1590,6168766,0,5005432
2023-04-01,1343,5584374,15,105369,6755,33005911,1475,6170241,0,5005432
2023-04-02,205,5584579,0,105369,2207,33008118,237,6170478,0,5005432
2023-04-03,233,5584812,0,105369,2372,33010490,269,6170747,0,5005432
2023-04-04,1780,5586592,17,105386,8883,33019373,1961,6172708,0,5005432
2023-04-05,1240,5587832,13,105399,7098,33026471,1369,6174077,0,5005432
2023-04-06,1171,5589003,15,105414,7644,33034115,1321,6175398,0,5005432
2023-04-07,946,5589949,13,105427,5732,33039847,1039,6176437,0,5005432
2023-04-08,839,5590788,4,105431,4964,33044811,936,6177373,0,5005432
2023-04-09,161,5590949,0,105431,2016,33046827,195,6177568,0,5005432
2023-04-10,116,5591065,0,105431,1745,33048572,131,6177699,0,5005432
2023-04-11,146,5591211,0,105431,1975,33050547,163,6177862,0,5005432
2023-04-12,1389,5592600,9,105440,8377,33058924,1485,6179347,0,5005432
2023-04-13,1090,5593690,21,105461,6954,33065878,1191,6180538,0,5005432
2023-04-14,914,5594604,14,105475,5707,33071585,976,6181514,0,5005432
2023-04-15,912,5595516,13,105488,5872,33077457,998,6182512,0,5005432
2023-04-16,104,5595620,2,105490,1795,33079252,112,6182624,0,5005432
2023-04-17,107,5595727,0,105490,2199,33081451,126,6182750,0,5005432
2023-04-18,993,5596720,12,105502,6736,33088187,1089,6183839,0,5005432
2023-04-19,631,5597351,2,105504,5567,33093754,712,6184551,0,5005432
2023-04-20,511,5597862,8,105512,5252,33099006,567,6185118,0,5005432
2023-04-21,455,5598317,9,105521,4509,33103515,513,6185631,0,5005432
2023-04-22,445,5598762,7,105528,4957,33108472,507,6186138,0,5005432
2023-04-23,73,5598835,0,105528,1591,33110063,78,6186216,0,5005432
2023-04-24,76,5598911,0,105528,1891,33111954,91,6186307,0,5005432
2023-04-25,547,5599458,11,105539,5911,33117865,606,6186913,0,5005432
2023-04-26,351,5599809,9,105548,4636,33122501,406,6187319,0,5005432
2023-04-27,342,5600151,6,105554,4698,33127199,393,6187712,0,5005432
2023-04-28,286,5600437,5,105559,4051,33131250,337,6188049,0,5005432
2023-04-29,254,5600691,4,105563,3720,33134970,310,6188359,0,5005432
2023-04-30,45,5600736,0,105563,1518,33136488,59,6188418,0,5005432
2023-05-01,53,5600789,0,105563,1612,33138100,63,6188481,0,5005432
2023-05-02,45,5600834,0,105563,1414,33139514,55,6188536,0,5005432
2023-05-03,247,5601081,2,105565,3398,33142912,275,6188811,0,5005432
2023-05-04,59,5601140,0,105565,1488,33144400,70,6188881,0,5005432
2023-05-05,251,5601391,2,105567,4125,33148525,282,6189163,0,5005432
2023-05-06,234,5601625,4,105571,4115,33152640,301,6189464,0,5005432
2023-05-07,44,5601669,0,105571,1344,33153984,47,6189511,0,5005432
2023-05-08,33,5601702,0,105571,1390,33155374,36,6189547,0,5005432
2023-05-09,184,5601886,5,105576,4279,33159653,216,6189763,0,5005432
2023-05-10,159,5602045,6,105582,3540,33163193,178,6189941,0,5005432
2023-05-11,146,5602191,1,105583,3529,33166722,172,6190113,0,5005432
2023-05-12,113,5602304,6,105589,2931,33169653,124,6190237,0,5005432
2023-05-13,144,5602448,4,105593,2987,33172640,167,6190404,0,5005432
2023-05-14,26,5602474,0,105593,1165,33173805,31,6190435,0,5005432
2023-05-15,15,5602489,0,105593,1290,33175095,27,6190462,0,5005432
2023-05-16,178,5602667,5,105598,3840,33178935,209,6190671,0,5005432
2023-05-17,114,5602781,4,105602,3070,33182005,126,6190797,0,5005432
2023-05-18,141,5602922,1,105603,3127,33185132,161,6190958,0,5005432
2023-05-19,97,5603019,0,105603,2881,33188013,121,6191079,0,5005432
2023-05-20,88,5603107,1,105604,2670,33190683,120,6191199,0,5005432
2023-05-21,19,5603126,0,105604,1072,33191755,22,6191221,0,5005432
2023-05-22,25,5603151,0,105604,1215,33192970,31,6191252,0,5005432
2023-05-23,165,5603316,4,105608,3445,33196415,190,6191442,0,5005432
2023-05-24,92,5603408,3,105611,2806,33199221,108,6191550,0,5005432
2023-05-25,72,5603480,3,105614,2361,33201582,82,6191632,0,5005432
2023-05-26,81,5603561,2,105616,2815,33204397,98,6191730,0,5005432
2023-05-27,66,5603627,1,105617,2392,33206789,83,6191813,0,5005432
2023-05-28,9,5603636,0,105617,1024,33207813,12,6191825,0,5005432
2023-05-29,24,5603660,0,105617,1504,33209317,28,6191853,0,5005432
2023-05-30,85,5603745,1,105618,2990,33212307,111,6191964,0,5005432
2023-05-31,62,5603807,0,105618,2436,33214743,75,6192039,0,5005432
2023-06-01,88,5603895,5,105623,2769,33217512,113,6192152,0,5005432
2023-06-02,64,5603959,0,105623,2212,33219724,73,6192225,0,5005432
2023-06-03,50,5604009,2,105625,1971,33221695,63,6192288,0,5005432
2023-06-04,13,5604022,0,105625,987,33222682,15,6192303,0,5005432
2023-06-05,16,5604038,0,105625,1113,33223795,23,6192326,0,5005432
2023-06-06,54,5604092,0,105625,2891,33226686,61,6192387,0,5005432
2023-06-07,57,5604149,2,105627,2344,33229030,67,6192454,0,5005432
2023-06-08,65,5604214,2,105629,2044,33231074,80,6192534,0,5005432
2023-06-09,9,5604223,0,105629,933,33232007,9,6192543,0,5005432
2023-06-10,49,5604272,1,105630,2036,33234043,60,6192603,0,5005432
2023-06-11,10,5604282,0,105630,938,33234981,24,6192627,0,5005432
2023-06-12,6,5604288,0,105630,943,33235924,6,6192633,0,5005432
2023-06-13,53,5604341,0,105630,2784,33238708,73,6192706,0,5005432
2023-06-14,46,5604387,0,105630,2247,33240955,54,6192760,0,5005432
2023-06-15,35,5604422,0,105630,1960,33242915,49,6192809,0,5005432
2023-06-16,28,5604450,0,105630,2067,33244982,32,6192841,0,5005432
2023-06-17,30,5604480,1,105631,1787,33246769,36,6192877,0,5005432
2023-06-18,3,5604483,0,105631,865,33247634,4,6192881,0,5005432
2023-06-19,9,5604492,0,105631,1054,33248688,11,6192892,0,5005432
2023-06-20,43,5604535,1,105632,2246,33250934,50,6192942,0,5005432
2023-06-21,31,5604566,0,105632,2121,33253055,37,6192979,0,5005432
2023-06-22,29,5604595,0,105632,2065,33255120,34,6193013,0,5005432
2023-06-23,30,5604625,0,105632,1648,33256768,33,6193046,0,5005432
2023-06-24,32,5604657,0,105632,1581,33258349,42,6193088,0,5005432
2023-06-25,5,5604662,0,105632,795,33259144,5,6193093,0,5005432
2023-06-26,2,5604664,0,105632,992,33260136,3,6193096,0,5005432
2023-06-27,24,5604688,0,105632,1874,33262010,28,6193124,0,5005432
2023-06-28,28,5604716,0,105632,1820,33263830,34,6193158,0,5005432
2023-06-29,15,5604731,2,105634,1606,33265436,16,6193174,0,5005432
2023-06-30,16,5604747,0,105634,1298,33266734,18,6193192,0,5005432
2023-07-01,14,5604761,1,105635,940,33267674,17,6193209,0,5005432
2023-07-02,4,5604765,0,105635,292,33267966,4,6193213,0,5005432
2023-07-03,2,5604767,0,105635,344,33268310,2,6193215,0,5005432
2023-07-04,20,5604787,0,105635,862,33269172,32,6193247,0,5005432
2023-07-05,11,5604798,2,105637,480,33269652,13,6193260,0,5005432
2023-07-06,11,5604809,1,105638,429,33270081,13,6193273,0,5005432
2023-07-07,6,5604815,0,105638,513,33270594,6,6193279,0,5005432
2023-07-08,16,5604831,0,105638,740,33271334,21,6193300,0,5005432
2023-07-09,1,5604832,0,105638,440,33271774,1,6193301,0,5005432
2023-07-10,1,5604833,0,105638,456,33272230,1,6193302,0,5005432
2023-07-11,20,5604853,0,105638,805,33273035,25,6193327,0,5005432
2023-07-12,11,5604864,2,105640,699,33273734,13,6193340,0,5005432
2023-07-13,20,5604884,0,105640,829,33274563,24,6193364,0,5005432
2023-07-14,13,5604897,0,105640,550,33275113,14,6193378,0,5005432
2023-07-15,14,5604911,0,105640,536,33275649,14,6193392,0,5005432
2023-07-16,2,5604913,0,105640,491,33276140,3,6193395,0,5005432
2023-07-17,3,5604916,0,105640,399,33276539,3,6193398,0,5005432
2023-07-18,15,5604931,0,105640,711,33277250,15,6193413,0,5005432
2023-07-19,10,5604941,0,105640,865,33278115,10,6193423,0,5005432
2023-07-20,12,5604953,0,105640,702,33278817,12,6193435,0,5005432
2023-07-21,12,5604965,0,105640,802,33279619,13,6193448,0,5005432
2023-07-22,15,5604980,0,105640,606,33280225,16,6193464,0,5005432
2023-07-23,4,5604984,0,105640,438,33280663,4,6193468,0,5005432
2023-07-24,4,5604988,0,105640,448,33281111,4,6193472,0,5005432
2023-07-25,12,5605000,1,105641,659,33281770,14,6193486,0,5005432
2023-07-26,11,5605011,0,105641,573,33282343,11,6193497,0,5005432
2023-07-27,6,5605017,2,105643,482,33282825,6,6193503,0,5005432
2023-07-28,7,5605024,0,105643,491,33283316,7,6193510,0,5005432
2023-07-29,6,5605030,0,105643,528,33283844,6,6193516,0,5005432
2023-07-30,1,5605031,0,105643,354,33284198,1,6193517,0,5005432
2023-07-31,2,5605033,0,105643,374,33284572,6,6193523,0,5005432
2023-08-01,28,5605061,0,105643,566,33285138,30,6193553,0,5005432
2023-08-02,17,5605078,0,105643,487,33285625,18,6193571,0,5005432
2023-08-03,7,5605085,0,105643,523,33286148,7,6193578,0,5005432
2023-08-04,19,5605104,0,105643,457,33286605,19,6193597,0,5005432
2023-08-05,18,5605122,0,105643,535,33287140,19,6193616,0,5005432
2023-08-06,3,5605125,0,105643,353,33287493,3,6193619,0,5005432
2023-08-07,0,5605125,0,105643,358,33287851,0,6193619,0,5005432
2023-08-08,21,5605146,0,105643,512,33288363,21,6193640,0,5005432
2023-08-09,22,5605168,0,105643,503,33288866,23,6193663,0,5005432
2023-08-10,23,5605191,0,105643,505,33289371,24,6193687,0,5005432
2023-08-11,28,5605219,0,105643,483,33289854,28,6193715,0,5005432
2023-08-12,26,5605245,0,105643,503,33290357,26,6193741,0,5005432
2023-08-13,5,5605250,0,105643,370,33290727,5,6193746,0,5005432
2023-08-14,4,5605254,0,105643,350,33291077,4,6193750,0,5005432
2023-08-15,41,5605295,1,105644,594,33291671,42,6193792,0,5005432
2023-08-16,3,5605298,0,105644,378,33292049,3,6193795,0,5005432
2023-08-17,49,5605347,0,105644,711,33292760,50,6193845,0,5005432
2023-08-18,44,5605391,0,105644,516,33293276,44,6193889,0,5005432
2023-08-19,45,5605436,1,105645,532,33293808,47,6193936,0,5005432
2023-08-20,2,5605438,0,105645,444,33294252,2,6193938,0,5005432
2023-08-21,3,5605441,0,105645,329,33294581,3,6193941,0,5005432
2023-08-22,49,5605490,0,105645,560,33295141,49,6193990,0,5005432
2023-08-23,68,5605558,1,105646,651,33295792,71,6194061,0,5005432
2023-08-24,46,5605604,0,105646,525,33296317,47,6194108,0,5005432
2023-08-25,38,5605642,0,105646,575,33296892,38,6194146,0,5005432
2023-08-26,40,5605682,0,105646,542,33297434,43,6194189,0,5005432
2023-08-27,8,5605690,0,105646,361,33297795,9,6194198,0,5005432
2023-08-28,5,5605695,0,105646,346,33298141,5,6194203,0,5005432
2023-08-29,84,5605779,0,105646,657,33298798,90,6194293,0,5005432
2023-08-30,75,5605854,1,105647,651,33299449,77,6194370,0,5005432
2023-08-31,87,5605941,1,105648,597,33300046,88,6194458,0,5005432
2023-09-01,49,5605990,0,105648,559,33300605,52,6194510,0,5005432
2023-09-02,61,5606051,0,105648,580,33301185,65,6194575,0,5005432
2023-09-03,8,5606059,0,105648,379,33301564,8,6194583,0,5005432
2023-09-04,5,5606064,0,105648,351,33301915,5,6194588,0,5005432
2023-09-05,100,5606164,0,105648,651,33302566,101,6194689,0,5005432
2023-09-06,98,5606262,1,105649,674,33303240,100,6194789,0,5005432
2023-09-07,105,5606367,0,105649,636,33303876,108,6194897,0,5005432
2023-09-08,95,5606462,1,105650,750,33304626,102,6194999,0,5005432
2023-09-09,125,5606587,0,105650,706,33305332,130,6195129,0,5005432
2023-09-10,11,5606598,0,105650,342,33305674,11,6195140,0,5005432
2023-09-11,11,5606609,0,105650,392,33306066,11,6195151,0,5005432
2023-09-12,194,5606803,0,105650,964,33307030,198,6195349,0,5005432
2023-09-13,165,5606968,1,105651,843,33307873,168,6195517,0,5005432
2023-09-14,196,5607164,0,105651,895,33308768,203,6195720,0,5005432
2023-09-15,174,5607338,1,105652,888,33309656,180,6195900,0,5005432
2023-09-16,182,5607520,1,105653,949,33310605,191,6196091,0,5005432
2023-09-17,11,5607531,0,105653,404,33311009,12,6196103,0,5005432
2023-09-18,15,5607546,0,105653,360,33311369,16,6196119,0,5005432
2023-09-19,277,5607823,0,105653,1294,33312663,280,6196399,0,5005432
2023-09-20,260,5608083,0,105653,1191,33313854,272,6196671,0,5005432
2023-09-21,230,5608313,0,105653,1023,33314877,235,6196906,0,5005432
2023-09-22,213,5608526,1,105654,1021,33315898,218,6197124,0,5005432
2023-09-23,218,5608744,1,105655,1062,33316960,228,6197352,0,5005432
2023-09-24,9,5608753,0,105655,423,33317383,9,6197361,0,5005432
2023-09-25,13,5608766,0,105655,349,33317732,14,6197375,0,5005432
2023-09-26,357,5609123,4,105659,1472,33319204,366,6197741,0,5005432
2023-09-27,279,5609402,0,105659,1330,33320534,282,6198023,0,5005432
2023-09-28,254,5609656,0,105659,1128,33321662,263,6198286,0,5005432
2023-09-29,276,5609932,1,105660,1281,33322943,293,6198579,0,5005432
2023-09-30,244,5610176,2,105662,1094,33324037,262,6198841,0,5005432
2023-10-01,14,5610190,0,105662,397,33324434,15,6198856,0,5005432
2023-10-02,8,5610198,0,105662,423,33324857,11,6198867,0,5005432
2023-10-03,349,5610547,0,105662,1463,33326320,360,6199227,0,5005432
2023-10-04,291,5610838,0,105662,1369,33327689,300,6199527,0,5005432
2023-10-05,260,5611098,1,105663,1333,33329022,274,6199801,0,5005432
2023-10-06,265,5611363,0,105663,1292,33330314,273,6200074,0,5005432
2023-10-07,249,5611612,0,105663,1334,33331648,259,6200333,0,5005432
2023-10-08,9,5611621,0,105663,373,33332021,9,6200342,0,5005432
2023-10-09,13,5611634,0,105663,415,33332436,14,6200356,0,5005432
2023-10-10,434,5612068,0,105663,1807,33334243,445,6200801,0,5005432
2023-10-11,304,5612372,1,105664,1488,33335731,318,6201119,0,5005432
2023-10-12,281,5612653,0,105664,1469,33337200,287,6201406,0,5005432
2023-10-13,328,5612981,0,105664,1432,33338632,332,6201738,0,5005432
2023-10-14,346,5613327,1,105665,1387,33340019,362,6202100,0,5005432
2023-10-15,34,5613361,0,105665,497,33340516,35,6202135,0,5005432
2023-10-16,18,5613379,0,105665,380,33340896,19,6202154,0,5005432
2023-10-17,600,5613979,1,105666,1886,33342782,612,6202766,0,5005432
2023-10-18,476,5614455,4,105670,1605,33344387,496,6203262,0,5005432
2023-10-19,463,5614918,0,105670,1679,33346066,477,6203739,0,5005432
2023-10-20,447,5615365,0,105670,1614,33347680,463,6204202,0,5005432
2023-10-21,458,5615823,3,105673,1609,33349289,479,6204681,0,5005432
2023-10-22,33,5615856,0,105673,465,33349754,34,6204715,0,5005432
2023-10-23,47,5615903,0,105673,611,33350365,51,6204766,0,5005432
2023-10-24,896,5616799,0,105673,2390,33352755,917,6205683,0,5005432
2023-10-25,789,5617588,2,105675,2100,33354855,822,6206505,0,5005432
2023-10-26,753,5618341,2,105677,2135,33356990,785,6207290,0,5005432
2023-10-27,671,5619012,8,105685,1921,33358911,694,6207984,0,5005432
2023-10-28,735,5619747,9,105694,2026,33360937,801,6208785,0,5005432
2023-10-29,47,5619794,0,105694,465,33361402,47,6208832,0,5005432
2023-10-30,43,5619837,0,105694,445,33361847,45,6208877,0,5005432
2023-10-31,1104,5620941,1,105695,2803,33364650,1138,6210015,0,5005432
2023-11-01,874,5621815,2,105697,2399,33367049,907,6210922,0,5005432
2023-11-02,53,5621868,0,105697,489,33367538,54,6210976,0,5005432
2023-11-03,1091,5622959,2,105699,2709,33370247,1135,6212111,0,5005432
2023-11-04,1030,5623989,4,105703,2659,33372906,1059,6213170,0,5005432
2023-11-05,59,5624048,0,105703,495,33373401,63,6213233,0,5005432
2023-11-06,51,5624099,0,105703,486,33373887,55,6213288,0,5005432
2023-11-07,1642,5625741,4,105707,4021,33377908,1711,6214999,0,5005432
2023-11-08,1191,5626932,3,105710,2918,33380826,1236,6216235,0,5005432
2023-11-09,1169,5628101,7,105717,2803,33383629,1211,6217446,0,5005432
2023-11-10,1041,5629142,8,105725,2639,33386268,1090,6218536,0,5005432
2023-11-11,1012,5630154,4,105729,2536,33388804,1051,6219587,0,5005432
2023-11-12,113,5630267,0,105729,690,33389494,121,6219708,0,5005432
2023-11-13,77,5630344,0,105729,545,33390039,89,6219797,0,5005432
2023-11-14,1813,5632157,4,105733,3931,33393970,1877,6221674,0,5005432
2023-11-15,1443,5633600,5,105738,3389,33397359,1494,6223168,0,5005432
2023-11-16,1298,5634898,4,105742,3112,33400471,1333,6224501,0,5005432
2023-11-17,1331,5636229,3,105745,3191,33403662,1378,6225879,0,5005432
2023-11-18,1410,5637639,8,105753,3184,33406846,1465,6227344,0,5005432
2023-11-19,93,5637732,0,105753,745,33407591,112,6227456,0,5005432
2023-11-20,79,5637811,0,105753,595,33408186,88,6227544,0,5005432
2023-11-21,2361,5640172,8,105761,4840,33413026,2429,6229973,0,5005432
2023-11-22,1934,5642106,1,105762,4353,33417379,1984,6231957,0,5005432
2023-11-23,1590,5643696,39,105801,3544,33420923,1669,6233626,0,5005432
2023-11-24,1969,5645665,8,105809,4244,33425167,2055,6235681,0,5005432
2023-11-25,1662,5647327,8,105817,3920,33429087,1737,6237418,0,5005432
2023-11-26,102,5647429,0,105817,644,33429731,109,6237527,0,5005432
2023-11-27,97,5647526,0,105817,589,33430320,98,6237625,0,5005432
2023-11-28,3162,5650688,6,105823,6159,33436479,3251,6240876,0,5005432
2023-11-29,2505,5653193,5,105828,5058,33441537,2579,6243455,0,5005432
2023-11-30,2381,5655574,5,105833,4686,33446223,2454,6245909,0,5005432
2023-12-01,2412,5657986,9,105842,4709,33450932,2488,6248397,0,5005432
2023-12-02,2354,5660340,5,105847,4681,33455613,2424,6250821,0,5005432
2023-12-03,117,5660457,0,105847,694,33456307,131,6250952,0,5005432
2023-12-04,188,5660645,0,105847,996,33457303,210,6251162,0,5005432
2023-12-05,4175,5664820,5,105852,7519,33464822,4269,6255431,0,5005432
2023-12-06,3414,5668234,10,105862,6814,33471636,3574,6259005,0,5005432
2023-12-07,3137,5671371,18,105880,5946,33477582,3229,6262234,0,5005432
2023-12-08,2954,5674325,8,105888,5922,33483504,3039,6265273,0,5005432
2023-12-09,2996,5677321,6,105894,5962,33489466,3097,6268370,0,5005432
2023-12-10,172,5677493,0,105894,982,33490448,184,6268554,0,5005432
2023-12-11,170,5677663,0,105894,731,33491179,196,6268750,0,5005432
2023-12-12,4780,5682443,8,105902,8804,33499983,4891,6273641,0,5005432
2023-12-13,3830,5686273,34,105936,7418,33507401,3970,6277611,0,5005432
2023-12-14,3490,5689763,25,105961,7077,33514478,3610,6281221,0,5005432
2023-12-15,2917,5692680,40,106001,6228,33520706,2994,6284215,0,5005432
2023-12-16,2997,5695677,25,106026,6391,33527097,3128,6287343,0,5005432
2023-12-17,199,5695876,0,106026,881,33527978,217,6287560,0,5005432
2023-12-18,168,5696044,0,106026,804,33528782,184,6287744,0,5005432
2023-12-19,4160,5700204,35,106061,8676,33537458,4292,6292036,0,5005432
2023-12-20,3267,5703471,27,106088,6931,33544389,3372,6295408,0,5005432
2023-12-21,2847,5706318,29,106117,6314,33550703,2934,6298342,0,5005432
2023-12-22,2747,5709065,22,106139,6119,33556822,2849,6301191,0,5005432
2023-12-23,2306,5711371,28,106167,5678,33562500,2418,6303609,0,5005432
2023-12-24,136,5711507,0,106167,654,33563154,150,6303759,0,5005432
2023-12-25,96,5711603,0,106167,661,33563815,174,6303933,0,5005432
2023-12-26,100,5711703,0,106167,738,33564553,107,6304040,0,5005432
2023-12-27,143,5711846,0,106167,862,33565415,157,6304197,0,5005432
2023-12-28,2710,5714556,22,106189,6631,33572046,2819,6307016,0,5005432
2023-12-29,2026,5716582,30,106219,5173,33577219,2104,6309120,0,5005432
2023-12-30,2217,5718799,27,106246,5569,33582788,2287,6311407,0,5005432
2023-12-31,153,5718952,0,106246,853,33583641,157,6311564,0,5005432
2024-01-01,70,5719022,0,106246,644,33584285,81,6311645,0,5005432
2024-01-02,69,5719091,0,106246,635,33584920,77,6311722,0,5005432
2024-01-03,1907,5720998,14,106260,5413,33590333,1968,6313690,0,5005432
2024-01-04,3067,5724065,18,106278,11094,33601427,3306,6316996,0,5005432
2024-01-05,2232,5726297,28,106306,8711,33610138,2393,6319389,0,5005432
2024-01-06,1164,5727461,19,106325,4157,33614295,1210,6320599,0,5005432
2024-01-07,88,5727549,0,106325,847,33615142,95,6320694,0,5005432
2024-01-08,90,5727639,0,106325,887,33616029,98,6320792,0,5005432
2024-01-09,1434,5729073,7,106332,5187,33621216,1487,6322279,0,5005432
2024-01-10,922,5729995,21,106353,4462,33625678,980,6323259,0,5005432
2024-01-11,856,5730851,8,106361,4140,33629818,907,6324166,0,5005432
2024-01-12,836,5731687,16,106377,3934,33633752,874,6325040,0,5005432
2024-01-13,800,5732487,16,106393,4044,33637796,840,6325880,0,5005432
2024-01-14,62,5732549,0,106393,698,33638494,65,6325945,0,5005432
2024-01-15,69,5732618,0,106393,797,33639291,76,6326021,0,5005432
2024-01-16,1207,5733825,6,106399,5286,33644577,1249,6327270,0,5005432
2024-01-17,864,5734689,12,106411,4208,33648785,889,6328159,0,5005432
2024-01-18,763,5735452,11,106422,4275,33653060,797,6328956,0,5005432
2024-01-19,683,5736135,8,106430,4297,33657357,717,6329673,0,5005432
2024-01-20,642,5736777,10,106440,3890,33661247,671,6330344,0,5005432
2024-01-21,54,5736831,0,106440,768,33662015,57,6330401,0,5005432
2024-01-22,55,5736886,0,106440,861,33662876,60,6330461,0,5005432
2024-01-23,937,5737823,8,106448,5266,33668142,980,6331441,0,5005432
2024-01-24,769,5738592,5,106453,5043,33673185,804,6332245,0,5005432
2024-01-25,594,5739186,5,106458,4215,33677400,620,6332865,0,5005432
2024-01-26,519,5739705,5,106463,3888,33681288,540,6333405,0,5005432
2024-01-27,545,5740250,4,106467,4227,33685515,577,6333982,0,5005432
2024-01-28,38,5740288,0,106467,810,33686325,39,6334021,0,5005432
2024-01-29,47,5740335,0,106467,901,33687226,57,6334078,0,5005432
2024-01-30,628,5740963,11,106478,4944,33692170,646,6334724,0,5005432
2024-01-31,480,5741443,10,106488,4441,33696611,502,6335226,0,5005432
2024-02-01,429,5741872,8,106496,3985,33700596,452,6335678,0,5005432
2024-02-02,392,5742264,11,106507,3797,33704393,418,6336096,0,5005432
2024-02-03,416,5742680,1,106508,3819,33708212,439,6336535,0,5005432
2024-02-04,26,5742706,0,106508,740,33708952,28,6336563,0,5005432
2024-02-05,23,5742729,0,106508,707,33709659,25,6336588,0,5005432
2024-02-06,508,5743237,12,106520,5488,33715147,527,6337115,0,5005432
2024-02-07,415,5743652,3,106523,4381,33719528,440,6337555,0,5005432
2024-02-08,327,5743979,3,106526,3661,33723189,339,6337894,0,5005432
2024-02-09,249,5744228,1,106527,3129,33726318,259,6338153,0,5005432
2024-02-10,248,5744476,5,106532,3420,33729738,273,6338426,0,5005432
2024-02-11,19,5744495,0,106532,833,33730571,24,6338450,0,5005432
2024-02-12,28,5744523,0,106532,923,33731494,37,6338487,0,5005432
2024-02-13,390,5744913,3,106535,4358,33735852,414,6338901,0,5005432
2024-02-14,259,5745172,8,106543,3782,33739634,270,6339171,0,5005432
2024-02-15,245,5745417,6,106549,3277,33742911,258,6339429,0,5005432
2024-02-16,194,5745611,4,106553,3184,33746095,214,6339643,0,5005432
2024-02-17,187,5745798,2,106555,3261,33749356,201,6339844,0,5005432
2024-02-18,15,5745813,0,106555,651,33750007,16,6339860,0,5005432
2024-02-19,11,5745824,0,106555,656,33750663,13,6339873,0,5005432
2024-02-20,273,5746097,1,106556,3988,33754651,289,6340162,0,5005432
2024-02-21,210,5746307,6,106562,3112,33757763,218,6340380,0,5005432
2024-02-22,170,5746477,1,106563,2984,33760747,179,6340559,0,5005432
2024-02-23,184,5746661,1,106564,2816,33763563,192,6340751,0,5005432
2024-02-24,246,5746907,3,106567,3566,33767129,275,6341026,0,5005432
2024-02-25,11,5746918,0,106567,610,33767739,11,6341037,0,5005432
2024-02-26,13,5746931,0,106567,684,33768423,14,6341051,0,5005432
2024-02-27,199,5747130,3,106570,3457,33771880,207,6341258,0,5005432
2024-02-28,148,5747278,5,106575,2763,33774643,155,6341413,0,5005432
2024-02-29,115,5747393,3,106578,2391,33777034,117,6341530,0,5005432
2024-03-01,87,5747480,0,106578,2060,33779094,89,6341619,0,5005432
2024-03-02,109,5747589,4,106582,2439,33781533,116,6341735,0,5005432
2024-03-03,22,5747611,0,106582,686,33782219,28,6341763,0,5005432
2024-03-04,5,5747616,0,106582,489,33782708,5,6341768,0,5005432
2024-03-05,125,5747741,5,106587,2615,33785323,135,6341903,0,5005432
2024-03-06,90,5747831,0,106587,2349,33787672,97,6342000,0,5005432
2024-03-07,78,5747909,3,106590,2220,33789892,89,6342089,0,5005432
2024-03-08,86,5747995,0,106590,1851,33791743,90,6342179,0,5005432
2024-03-09,72,5748067,0,106590,1806,33793549,76,6342255,0,5005432
2024-03-10,7,5748074,0,106590,499,33794048,8,6342263,0,5005432
2024-03-11,11,5748085,0,106590,592,33794640,12,6342275,0,5005432
2024-03-12,93,5748178,2,106592,2589,33797229,103,6342378,0,5005432
2024-03-13,91,5748269,2,106594,2017,33799246,95,6342473,0,5005432
2024-03-14,82,5748351,1,106595,1898,33801144,86,6342559,0,5005432
2024-03-15,46,5748397,3,106598,1601,33802745,50,6342609,0,5005432
2024-03-16,59,5748456,3,106601,1502,33804247,67,6342676,0,5005432
2024-03-17,9,5748465,0,106601,538,33804785,10,6342686,0,5005432
2024-03-18,2,5748467,0,106601,418,33805203,2,6342688,0,5005432
2024-03-19,70,5748537,1,106602,2149,33807352,75,6342763,0,5005432
2024-03-20,57,5748594,1,106603,1783,33809135,63,6342826,0,5005432
2024-03-21,64,5748658,1,106604,1725,33810860,66,6342892,0,5005432
2024-03-22,31,5748689,1,106605,1456,33812316,31,6342923,0,5005432
2024-03-23,52,5748741,1,106606,1466,33813782,56,6342979,0,5005432
2024-03-24,2,5748743,0,106606,419,33814201,2,6342981,0,5005432
2024-03-25,2,5748745,0,106606,445,33814646,2,6342983,0,5005432
2024-03-26,69,5748814,0,106606,1948,33816594,75,6343058,0,5005432
2024-03-27,34,5748848,0,106606,1567,33818161,34,6343092,0,5005432
2024-03-28,52,5748900,0,106606,1699,33819860,54,6343146,0,5005432
2024-03-29,42,5748942,0,106606,1217,33821077,44,6343190,0,5005432
2024-03-30,47,5748989,0,106606,1205,33822282,48,6343238,0,5005432
2024-03-31,5,5748994,0,106606,501,33822783,5,6343243,0,5005432
2024-04-01,4,5748998,0,106606,388,33823171,5,6343248,0,5005432
2024-04-02,1,5748999,0,106606,411,33823582,1,6343249,0,5005432
2024-04-03,51,5749050,1,106607,1544,33825126,56,6343305,0,5005432
2024-04-19,10,5749060,0,106607,932,33826058,10,6343315,0,5005432
2024-04-20,12,5749072,0,106607,762,33826820,13,6343328,0,5005432
2024-04-21,2,5749074,0,106607,385,33827205,3,6343331,0,5005432
2024-04-22,2,5749076,0,106607,490,33827695,3,6343334,0,5005432
2024-04-23,22,5749098,2,106609,991,33828686,22,6343356,0,5005432
2024-04-24,28,5749126,0,106609,841,33829527,29,6343385,0,5005432
2024-04-25,17,5749143,0,106609,858,33830385,17,6343402,0,5005432
2024-04-26,26,5749169,0,106609,737,33831122,26,6343428,0,5005432
2024-04-27,16,5749185,0,106609,877,33831999,16,6343444,0,5005432
2024-04-28,1,5749186,0,106609,379,33832378,1,6343445,0,5005432
2024-04-29,0,5749186,0,106609,392,33832770,0,6343445,0,5005432
2024-04-30,22,5749208,0,106609,929,33833699,25,6343470,0,5005432
2024-05-01,22,5749230,0,106609,905,33834604,22,6343492,0,5005432
2024-05-02,1,5749231,0,106609,370,33834974,1,6343493,0,5005432
2024-05-03,26,5749257,0,106609,872,33835846,28,6343521,0,5005432
2024-05-04,0,5749257,0,106609,369,33836215,0,6343521,0,5005432
2024-05-05,1,5749258,0,106609,389,33836604,1,6343522,0,5005432
2024-05-06,1,5749259,0,106609,380,33836984,2,6343524,0,5005432
2024-05-07,30,5749289,0,106609,861,33837845,34,6343558,0,5005432
2024-05-08,11,5749300,0,106609,872,33838717,11,6343569,0,5005432
2024-05-09,22,5749322,0,106609,718,33839435,25,6343594,0,5005432
2024-05-10,15,5749337,0,106609,647,33840082,16,6343610,0,5005432
2024-05-11,23,5749360,0,106609,772,33840854,23,6343633,0,5005432
2024-05-12,1,5749361,0,106609,353,33841207,1,6343634,0,5005432
2024-05-13,0,5749361,0,106609,352,33841559,0,6343634,0,5005432
2024-05-14,42,5749403,0,106609,747,33842306,44,6343678,0,5005432
2024-05-15,26,5749429,0,106609,684,33842990,29,6343707,0,5005432
2024-05-16,22,5749451,0,106609,650,33843640,22,6343729,0,5005432
2024-05-17,27,5749478,0,106609,684,33844324,29,6343758,0,5005432
2024-05-18,28,5749506,0,106609,618,33844942,29,6343787,0,5005432
2024-05-19,6,5749512,0,106609,360,33845302,6,6343793,0,5005432
2024-05-20,5,5749517,0,106609,363,33845665,6,6343799,0,5005432
2024-05-21,21,5749538,0,106609,883,33846548,21,6343820,0,5005432
2024-05-22,33,5749571,0,106609,629,33847177,33,6343853,0,5005432
2024-05-23,32,5749603,0,106609,612,33847789,33,6343886,0,5005432
2024-05-24,30,5749633,0,106609,622,33848411,34,6343920,0,5005432
2024-05-25,20,5749653,0,106609,626,33849037,20,6343940,0,5005432
2024-05-26,3,5749656,0,106609,413,33849450,3,6343943,0,5005432
2024-05-27,2,5749658,0,106609,339,33849789,2,6343945,0,5005432
2024-05-28,47,5749705,0,106609,727,33850516,49,6343994,0,5005432
2024-05-29,24,5749729,0,106609,556,33851072,25,6344019,0,5005432
2024-05-30,22,5749751,0,106609,552,33851624,22,6344041,0,5005432
2024-05-31,2,5749753,0,106609,357,33851981,2,6344043,0,5005432
2024-06-01,28,5749781,0,106609,566,33852547,28,6344071,0,5005432
2024-06-02,0,5749781,0,106609,346,33852893,0,6344071,0,5005432
2024-06-03,2,5749783,0,106609,378,33853271,2,6344073,0,5005432
2024-06-04,49,5749832,0,106609,680,33853951,49,6344122,0,5005432
2024-06-05,27,5749859,1,106610,641,33854592,27,6344149,0,5005432
2024-06-06,33,5749892,0,106610,581,33855173,35,6344184,0,5005432
2024-06-07,34,5749926,0,106610,637,33855810,36,6344220,0,5005432
2024-06-08,22,5749948,0,106610,560,33856370,22,6344242,0,5005432
2024-06-09,6,5749954,0,106610,346,33856716,7,6344249,0,5005432
2024-06-10,0,5749954,0,106610,341,33857057,0,6344249,0,5005432
2024-06-11,63,5750017,1,106611,755,33857812,64,6344313,0,5005432
2024-06-12,61,5750078,0,106611,677,33858489,69,6344382,0,5005432
2024-06-13,43,5750121,0,106611,570,33859059,44,6344426,0,5005432
2024-06-14,45,5750166,0,106611,603,33859662,46,6344472,0,5005432
2024-06-15,42,5750208,0,106611,568,33860230,42,6344514,0,5005432
2024-06-16,1,5750209,0,106611,322,33860552,1,6344515,0,5005432
2024-06-17,0,5750209,0,106611,328,33860880,0,6344515,0,5005432
2024-06-18,99,5750308,0,106611,699,33861579,103,6344618,0,5005432
2024-06-19,77,5750385,0,106611,691,33862270,77,6344695,0,5005432
2024-06-20,56,5750441,0,106611,602,33862872,56,6344751,0,5005432
2024-06-21,81,5750522,0,106611,610,33863482,84,6344835,0,5005432
2024-06-22,64,5750586,0,106611,617,33864099,66,6344901,0,5005432
2024-06-23,3,5750589,0,106611,334,33864433,3,6344904,0,5005432
2024-06-24,5,5750594,0,106611,342,33864775,5,6344909,0,5005432
2024-06-25,104,5750698,0,106611,689,33865464,106,6345015,0,5005432
2024-06-26,71,5750769,0,106611,650,33866114,71,6345086,0,5005432
2024-06-27,92,5750861,1,106612,553,33866667,94,6345180,0,5005432
2024-06-28,98,5750959,0,106612,668,33867335,99,6345279,0,5005432
2024-06-29,75,5751034,1,106613,647,33867982,78,6345357,0,5005432
2024-06-30,5,5751039,0,106613,347,33868329,6,6345363,0,5005432
2024-07-01,6,5751045,0,106613,443,33868772,6,6345369,0,5005432
